5.274399491330781370e-02
7.789926944116089096e-03
9.188860633093249783e-03
1.091562554449992083e-02
2.189688390592711351e-02
4.394761515032624688e-02
2.698252726599105478e-02
1.535624629856525113e-02
4.053600361310540773e-02
2.276575993959249061e-02
2.693503546539569374e-02
3.192536622349271408e-02
1.702645771034020511e-02
2.408092040685644655e-02
2.321279469381552774e-02
1.184550277976310212e-02
2.138912430278459148e-02
1.458970713352435340e-02
1.917937606645344489e-02
3.363197949365726719e-02
3.477554571641675030e-02
2.329056893046010934e-02
4.240701689420277309e-02
3.802383317381698852e-02
1.714796893333828121e-02
3.442904836591451079e-02
6.956777265398924118e-03
3.054763734332287609e-02
5.058878894875334931e-02
1.524000520450835040e-02
4.064505075426480540e-02
3.503674912323332530e-02
9.678516292673196297e-03
2.643100360023417292e-02
1.813222353432505235e-02
2.347534377892973242e-02
3.871551491265023959e-02
3.430121067047661731e-02
2.043277240286892060e-02
2.050180046325712421e-02
2.474580836134988859e-02
1.022319756278719169e-02
1.990080087994964067e-02
2.337243148516943494e-02
3.046799903526827002e-02
4.455062340090332890e-02
3.164633021517478106e-02
2.701745388129022513e-02
3.596926551458555499e-02
5.023720924336561901e-03
2.548592071342183421e-02
3.822554165398972525e-02
1.605020375773215727e-02
2.018580725204412174e-02
2.238551942094350530e-02
1.320961582259923793e-02
3.679242409966511362e-02
2.942313499397732762e-02
3.666037649926909975e-02
2.433085175180471627e-02
4.122892241557493155e-03
2.618375372912138885e-02
3.192055572844087336e-02
4.511308602266990431e-02
3.137122809529740985e-02
1.968771357850549950e-02
8.167219759597764764e-03
2.086826553102257009e-02
4.371273968679320610e-02
2.677051467166498278e-02
3.425897065856287060e-02
5.764241137191555148e-02
1.234428976370815362e-02
4.833043546965304360e-02
3.318164044597244483e-02
9.493632490876886126e-03
3.821710481158554357e-02
1.720494809807128489e-02
4.805029105769963692e-03
3.230826494086288386e-02
8.209774157460658639e-03
2.446084479455619062e-02
1.827440291049447010e-02
9.708349182897589233e-03
3.389733136780309630e-02
2.271127514895942764e-02
2.609608492541327929e-02
3.920384686989528827e-02
3.375661258787799462e-02
1.475258734214620476e-02
2.541920963424427332e-02
3.116926426716409848e-02
1.872797649618512458e-02
2.314280468562565987e-02
2.163026421269155508e-02
1.134873662803407776e-02
3.711985898771166803e-02
3.347507180396654125e-02
2.976784625568945630e-02
3.785880485688168651e-02
1.700763697154624582e-02
4.039067086652653460e-02
4.039626844541333028e-02
1.750148240762070331e-02
2.906271629480109905e-02
1.722426400929141094e-02
1.512261984599655960e-02
2.607829447660109379e-02
2.643099589572411173e-02
3.207605152021911904e-02
1.877191946909455983e-02
8.109822186779325551e-03
9.204490202917777267e-03
9.767281746902136547e-03
2.594515433944835983e-02
2.385011194759452738e-02
6.172915857520323152e-02
3.932779657850236921e-02
7.187621813392127898e-03
5.992282083827887157e-02
1.133566885216158102e-02
4.336465146146659816e-02
5.171635725008025958e-02
8.945113990159668863e-03
2.036687323175007808e-02
2.829362544289512268e-02
1.827951789147547190e-02
2.942461449415738686e-02
3.305608583094185593e-02
3.243984484058996809e-02
4.265360648077071853e-02
5.657352185364638610e-03
2.502954600179663897e-02
2.503617761786834650e-02
1.481337979971035675e-02
3.061346730244260406e-02
2.335128336841366115e-02
7.551391657533168718e-03
4.548724937791832207e-02
7.092421522695560587e-02
2.522134734317236365e-02
3.956259211479548621e-02
3.877623697433546512e-02
6.789718753315755403e-03
3.823131320394725779e-02
4.773764238501521789e-02
6.629731354442004211e-03
4.583927326996806856e-02
3.824550634326882165e-02
2.565830023981941280e-02
1.935057702675856486e-02
2.979014455535248032e-02
3.397409007770847006e-02
2.892524029070862868e-02
1.881772698927450943e-02
2.615121969393919069e-02
2.875297311497125238e-02
1.275513841998929601e-02
2.736845879220029670e-02
5.587115040361503165e-02
3.410433356259778143e-02
1.779584615382714952e-02
1.126319506500926028e-02
3.322509931536119648e-02
4.790758198010091479e-02
5.549863359381698030e-02
2.616471864120833643e-02
4.328372185516785736e-02
2.336669234396574271e-02
2.043180436141748754e-02
2.524770684614850019e-02
2.207427227351245816e-02
3.291702548411307161e-02
2.832011640758452797e-02
1.793047631414900964e-02
4.622360703971857554e-02
3.535303972400384576e-02
2.763755224003950836e-02
5.245877776324801151e-02
2.915966187540869684e-02
1.519731401386362896e-02
2.719802673279029387e-02
1.248464702970928687e-02
1.689467704117139993e-02
3.942311601196765714e-02
4.281586323805670891e-02
2.552553463075368789e-02
3.730121659658794386e-02
3.416795154631702136e-02
1.195782029538046930e-02
1.076461053500691809e-02
5.675827538849946043e-03
3.712348211714929652e-02
4.650559769266392196e-02
1.315391789328535475e-02
7.301738067550439526e-02
5.283919161307502194e-02
9.298929783949349062e-03
3.281718920100026166e-02
5.723083124015110150e-03
5.041470377919404777e-02
5.777307724873269323e-02
1.897176251350525533e-02
1.224841320577770183e-02
1.651633781836578732e-02
2.762157576950066695e-02
2.382302887463561003e-02
2.516261180086793586e-02
3.743851226244507974e-02
9.444869229389711920e-03
4.851429787578603881e-02
3.432464857921001256e-02
3.028453555561489915e-02
3.728928634081922489e-02
1.271488694414092506e-02
4.167452964319882935e-02
4.876190475956689724e-02
5.905221871369970531e-03
3.867772323144472862e-02
1.751125803396585273e-02
1.945777113296187633e-02
3.653377514660399727e-02
1.419689098433901848e-02
3.094920857930930774e-02
3.209850610844799251e-02
4.455343735273096378e-02
4.046878491235528230e-02
3.591299616116945537e-02
3.300586644735999109e-02
1.740119824891584940e-02
4.705839406307512490e-02
1.696861244198840171e-02
2.146690472773978703e-02
3.410732954196189076e-02
2.190856873228138463e-02
3.231001784522191667e-02
2.070448367972024459e-02
2.915587352183631603e-02
5.359245687621679022e-02
5.021036310590121753e-03
2.866574200959699087e-02
2.216310433742007396e-02
2.097470723769101833e-02
1.925982525244578775e-02
3.009887797742335711e-02
2.769439294746578809e-02
4.995010196370638922e-02
2.062767288774664670e-02
1.232640799831071290e-02
4.946277804604232858e-02
2.997460725359707423e-02
2.196431431706250825e-01
3.564842403115099922e-01
5.643083226666919527e-01
9.636696431346158942e-01
1.712496891483657357e+00
2.667275370298258341e+00
5.013564843397308124e+00
2.323359409489558214e+00
9.116189652120033626e-01
6.175738073167224007e-01
8.183890617425368941e-01
6.222333234188928142e-01
4.545299357956372743e-01
5.100848705456106913e-01
4.700308946037011770e-01
3.351382819856046358e-01
2.783959723685554000e-01
2.619006332792692127e-01
2.132170945950094265e-01
2.330688702229576914e-01
1.970891426448879435e-01
2.022097005740217668e-01
1.637166877415371091e-01
1.238235227824797113e-01
1.104354588609516297e-01
1.022268345622596164e-01
8.849554264134279480e-02
1.142482833511764828e-01
7.572338302467432336e-02
7.150153370266412733e-02
2.281576362873846686e-02
7.233530250719219512e-02
4.487632896968584556e-02
9.232722430029650929e-02
1.861196891381432933e-02
2.118962258555785738e-02
3.776453826471677655e-02
3.410377703880508593e-02
7.592222211158540512e-02
1.502964050555420129e-02
3.526499438310427142e-02
4.282807623741557296e-02
1.323603866354962182e-02
4.689798153267619313e-02
3.445724540340890096e-02
2.840274499750015252e-02
2.696756767600740415e-02
2.135566531543942048e-02
1.800695123048092622e-02
4.273494815220368198e-02
5.332416431801095813e-02
1.936739180742800756e-02
2.204606644489812486e-02
2.554641527962627293e-02
3.151359327131120908e-02
1.765321498524242277e-02
2.526470259352321668e-02
1.832651339010615138e-02
6.196313135091454510e-02
2.911469642364838614e-02
1.554333793482224300e-02
2.379291004046510741e-02
2.300097441382540492e-02
3.685159733925907205e-02
3.784991402848611464e-02
2.626649135190830750e-02
4.515351172767090998e-02
2.896858209808185133e-02
1.299087776557873719e-02
1.519620154345997613e-02
2.469931859182606174e-02
1.504749002631631735e-02
2.625921335802362810e-02
4.658921313520229812e-02
1.146162292838043620e-02
5.960759582712599029e-03
2.241536186909329556e-02
1.714728012196115731e-02
6.193470344536548128e-02
4.878446806243538075e-02
7.669233584752504357e-03
5.134307551362306266e-02
1.634591721041617207e-02
3.256819918109706696e-02
4.778518415797644581e-02
1.832954476494577656e-02
3.786074238842628004e-02
3.706586222572966910e-02
6.582296350032635322e-03
2.004925818106757449e-02
1.793716463145213907e-02
3.473849387870095451e-02
2.123186423655931687e-02
2.185288349738579231e-02
3.309821022580685702e-03
1.790343383039796205e-02
2.271233520164632133e-02
1.332397090005350490e-02
4.725312675616989699e-02
2.590091653253038737e-02
1.375452715828149458e-02
4.292320342076318129e-02
1.789737043898365770e-02
2.546056726425470138e-02
3.694933771101670955e-02
1.653078522757067681e-02
5.008998085378042059e-02
4.971409242165019532e-02
1.370890062984321360e-02
3.986387735826627671e-02
2.473631170335758786e-02
2.723968875794642933e-02
1.845103312891800337e-02
1.999968775045938424e-02
2.769495539463194198e-02
3.397094175087218837e-02
4.793676943495636666e-02
2.985177071394660292e-02
3.276095030799783953e-02
3.575032559956665273e-02
1.420479844519076905e-02
5.891224210859995203e-02
1.276109914694841668e-02
1.768227176228434963e-02
4.102243798255404694e-02
3.127801609367443503e-02
2.636577603977195358e-02
3.087109574578017837e-02
3.480688546960749447e-02
4.282813627026550718e-02
4.049771102133598033e-02
2.661600046379751505e-02
6.047262504237569530e-02
2.748022709473205150e-02
3.410145499924443352e-02
3.836130553149984940e-02
1.404818387498624546e-02
2.348878986420365952e-02
4.026966968963441307e-02
1.622888103123365164e-02
5.212612721521276901e-03
3.083337967892046949e-02
2.343130460972424681e-02
1.922964008543524145e-02
4.511961980168199132e-02
2.756731907820676036e-02
2.738465351993853159e-02
3.987473911078073807e-02
1.679168646366331966e-02
5.970802254107260981e-02
5.294354635212397686e-02
7.726619833757275568e-03
2.181607503965887068e-02
4.501122114478105229e-02
3.483180499533384405e-02
3.088712749957078091e-02
2.601443294564649220e-02
4.116650441395974108e-02
4.581096669079848943e-02
1.639610657470782010e-02
6.819890120781401700e-03
7.725157655981127781e-03
1.463709043144526684e-02
1.306439787592360811e-02
1.891009859264879481e-02
1.131431018174489968e-02
3.702493103779517375e-02
3.526875051915600440e-02
1.424849141227297819e-02
4.472284446375456718e-02
4.974787909213217174e-02
9.013503736366354144e-03
4.576112648502941166e-02
3.048991853180719330e-02
2.046235031413902797e-02
4.501587611871064876e-02
5.065402519381787677e-03
4.210398814838959419e-02
3.499572194933827513e-02
1.247758863226173034e-02
4.507697635454840229e-02
2.797232960011160341e-02
7.573444076272225003e-03
2.442837803881863987e-02
1.213073856443543097e-02
6.670187431323056429e-03
2.583883172804396153e-02
3.166414722133899240e-02
1.608921338662418557e-02
3.231978290239619772e-02
2.515717033669077896e-02
1.427151395075398725e-02
2.698488695896956308e-02
1.058180368836309296e-02
4.471317170267764124e-02
5.229163587285381304e-02
1.855254454581344026e-02
2.750405199368852194e-02
3.640261310093705072e-02
4.992012085955449020e-03
4.986354336513221935e-02
4.839391323698773867e-02
2.009642411286488226e-02
3.441168502988582734e-02
1.284475685355930194e-02
2.191812284937555422e-02
2.192234062146346252e-02
8.920347551910248751e-03
1.320187166679027795e-02
2.591046768350156737e-02
1.268948235626170089e-02
7.197413379420284849e-03
2.103215061893162416e-02
1.485668220971614849e-02
1.612180305361387775e-02
2.755124206000117773e-02
4.470495692364542979e-03
2.692305864373273350e-02
4.506287502735798617e-02
9.862519464233172883e-03
2.501364506647722058e-02
3.567676309912332089e-02
1.238986725944791686e-02
1.804674201950880186e-02
1.628180159244766237e-02
3.362228670492799221e-02
3.797044633135898684e-02
1.366309294376381357e-02
2.398856399057049116e-02
4.212395498696536872e-02
9.841563007971981802e-03
1.854714592280472599e-02
2.702537363973341045e-02
1.515772337785457717e-02
1.678261868672728530e-02
3.640930407711411021e-02
1.629476184943106157e-02
2.287795110087307779e-02
3.804469156284415177e-02
1.375609436214271161e-02
3.849288622279190691e-02
4.974473145198876622e-02
1.633168373738714402e-02
2.545271840376397976e-02
2.288792065316350849e-02
2.124364088937805498e-02
4.092176041138684967e-02
2.681102202230275372e-02
1.685514025233492488e-02
2.729767698420444352e-02
2.436108450110368098e-02
1.166453255013216034e-02
2.494419989409285901e-02
1.815411345571535384e-02
2.307257692720544526e-02
2.025021607162651519e-02
1.401039741222803205e-02
8.883632787400799757e-03
1.658103268826268198e-02
8.173811183108718736e-03
3.898244222158677580e-02
