8.214846615275789299e-02
8.025669836769508403e-02
7.095664139555160621e-02
8.340735364519430428e-02
9.756710818896327519e-02
5.030550852943774243e-02
9.291704207897659440e-02
8.559833984872666779e-02
2.242175234091945898e-02
6.431858805896165099e-02
2.521198090942955786e-02
2.720199375063061392e-02
5.477723783531125712e-02
3.265185578361710222e-02
3.986209149395759758e-03
6.065645360405130110e-02
5.815363701742150976e-02
4.866290300712666078e-02
1.135720162000002781e-01
6.854898570596958118e-02
9.466263380941945804e-02
1.236349530225065996e-01
1.023464296452112066e-01
1.397443101850215641e-01
1.431425835601141672e-01
1.732048427923737477e-01
1.829328755208379509e-01
1.413135951479596031e-01
1.396166480722645931e-01
1.263822747362200738e-01
1.339156248809479921e-01
1.194644251471103230e-01
1.450791775040778941e-01
9.242163489455432202e-02
8.738814203173646267e-02
6.793238014538396929e-02
8.486053117694751513e-02
1.005902199332085745e-01
8.194613036092582292e-02
1.030489764642646133e-01
6.648092717621514880e-02
8.885725243579224719e-02
9.290151170464101826e-02
9.309252711842354311e-02
1.373092444247787092e-01
8.634871910600007416e-02
9.540574520493950994e-02
1.085491706746730400e-01
7.135402703343558806e-02
1.166284597566474290e-01
7.076642225431166444e-02
8.832916638554562383e-02
1.406254296136009163e-01
9.965386554776402284e-02
8.969879681369798130e-02
1.214536507405222648e-01
1.223985615861943183e-01
8.788613679608539564e-02
1.086470892322672771e-01
1.407836504332852234e-01
1.231536011865210778e-01
1.833327375899418132e-01
1.916012904466659339e-01
2.305615779552769307e-01
2.209545105384828900e-01
2.398199619719370568e-01
2.234209752502887836e-01
1.671344886884197078e-01
1.934337324667605718e-01
1.569672309123787135e-01
1.707612342350147139e-01
1.756691401384840590e-01
1.524527562254846258e-01
1.506218027728393472e-01
1.891089110743116031e-01
1.269817410415456649e-01
1.064359340518536839e-01
1.521150102610251964e-01
5.779535843879082813e-02
5.133068187270856120e-02
5.366222895425479950e-02
8.947687018083128052e-02
8.782127019060596840e-02
6.441106929776024836e-02
1.396049008544424097e-01
7.795761566245075491e-02
9.378269621564201686e-02
1.962115282760643620e-01
5.319607785949898027e-02
1.347875809759603860e-01
1.415016082668716924e-01
5.321891752053138636e-02
1.071191839649339866e-01
1.717899555493127284e-01
1.065702148335268828e-01
1.382449313482266295e-01
1.964507712720779398e-01
8.275932985481497528e-02
2.105684734894843479e-01
1.963009891001898655e-01
8.254548443243503453e-02
2.678767185481540913e-01
1.731005858477858150e-01
8.781262699585468123e-02
2.579031335798666613e-01
1.092866820159205110e-01
1.507357150506920540e-01
7.162494700067317810e-02
1.675214549029039324e-01
1.466845924240552379e-01
1.035285192851475716e-01
2.112806143811074289e-01
3.921216811900566507e-02
2.893563723829218337e-01
1.155292808344675626e-01
3.239336268376022399e-01
3.206245285078944685e-01
1.841200478107780092e-01
4.462190663325484863e-01
6.288214069037685316e-01
4.452782655606223328e-01
4.763014231143749555e-01
2.754066522961605146e-01
1.115059967530995788e+00
1.787306212129085248e+00
2.443422496528374399e+00
2.988452749513883955e+00
2.741119971589884408e+00
3.143934109512938058e+00
3.363401523923808423e+00
4.393493051682408002e+00
4.677731416816229171e+00
4.744696468451620852e+00
4.221945056422530484e+00
3.645311922254497627e+00
3.532754357628225428e+00
3.793362026922042496e+00
4.602259582473006816e+00
5.470246579934388009e+00
6.078002448990921458e+00
6.075326007687436913e+00
5.448425332103069785e+00
4.391268781049000758e+00
3.877454474387699523e+00
3.868149369453086628e+00
4.571281792680794709e+00
5.238398167054148402e+00
5.684172723940211114e+00
5.924031441575481338e+00
6.110294700114597077e+00
5.975169740956897790e+00
5.853347048263832342e+00
5.087452857497646974e+00
4.212388689487675641e+00
3.150216557959057528e+00
1.734137412628250274e+00
3.179666846331482000e-01
1.299157448521576885e+00
2.693591709626810271e+00
3.532438313312508793e+00
3.188760971468717287e+00
2.228813002889947992e+00
1.763584703105883111e+00
3.293687875282447219e+00
4.309267395635994369e+00
3.807448193406519188e+00
2.216098325720690543e+00
2.633219786245722283e+00
3.872848883890111171e+00
3.712486712733848115e+00
2.449169164051177905e+00
1.899553163633878938e+00
2.788549234268347998e+00
3.065693800355975274e+00
2.379581918366567184e+00
1.900793074219099488e+00
2.914549640169443290e+00
3.023112326495852820e+00
1.852128421996644292e+00
1.909277597029375384e+00
2.987701658301904040e+00
2.251038150168795049e+00
1.539474138882260146e+00
2.949499404517120560e+00
2.992235107550259343e+00
2.558520063443803227e+00
3.869328737034227306e+00
4.106023781694887020e+00
4.062104530869873109e+00
4.919465314627435859e+00
4.792338368724627706e+00
4.477056463475052261e+00
4.731459383429077903e+00
4.122117694598378179e+00
3.503649220061822334e+00
3.496249369061329659e+00
2.538247396564864200e+00
1.635608521204909849e+00
2.061652925896415134e+00
2.281876527323188242e+00
1.850249636572345535e+00
2.574511206877418523e+00
3.407621613564856045e+00
2.983302843242748636e+00
3.907713966865429711e+00
3.986235096187872973e+00
3.817046124503692628e+00
4.492513508245147058e+00
3.864742172221218297e+00
4.282240387133732895e+00
3.856679745557413330e+00
3.752395553551283847e+00
3.822569364518725976e+00
3.200810865792905968e+00
3.417483357699479640e+00
2.578632427897276536e+00
2.801367746767320810e+00
2.218736711497559799e+00
2.177161700438648317e+00
1.875650486665251249e+00
1.452703407931840607e+00
1.276546295789116492e+00
7.209298182715322412e-01
6.824685589083185899e-01
3.783409228317250461e-01
5.256113597484031175e-01
5.486040400192758737e-01
7.143743847203991582e-01
8.618704999480002460e-01
9.764552903103123072e-01
8.949733945479272368e-01
1.001944321490459089e+00
8.886174169770660880e-01
1.072380831895405340e+00
1.091037203079132212e+00
1.185816892944044687e+00
1.248752196230673572e+00
1.426834359317664003e+00
1.569039350514976228e+00
1.796047285775608016e+00
1.816065062255561413e+00
1.874360214275059500e+00
2.008896708369491080e+00
1.869688434256816301e+00
2.008399251940850228e+00
1.496823309747743247e+00
1.820362656412787494e+00
1.393473906900430048e+00
1.733480816047381357e+00
1.352807641750000789e+00
1.838226619929332228e+00
1.403087415807828808e+00
1.695497722232856663e+00
2.210822283055035253e+00
1.764098614656957054e+00
5.370213916681496613e+00
6.777431296671382555e+00
7.394772775851450319e+00
2.511735626131566868e+00
2.704554756568332774e+00
2.677741108970733919e+00
1.693645637460954312e+00
2.273583446198625513e+00
1.754493624511352712e+00
1.767875385990525627e+00
1.928234058984591437e+00
1.645093368656496358e+00
1.612534037783508012e+00
1.586614337478915226e+00
1.151706668283856372e+00
1.293834221475630430e+00
9.148143714023464490e-01
7.604519814142027823e-01
6.718585472951392745e-01
1.770424441221820355e-01
2.173448617223901480e-01
3.670403854028936874e-01
3.123626239402915172e-01
3.196193467033532354e-01
5.816634573264980457e-01
3.379962514284263198e-01
4.017832163621476438e-01
5.145201054093714310e-01
2.172039682515597148e-01
1.683882387247075396e-01
3.984901728411825439e-01
3.264317781485727155e-01
1.724495827167947248e-01
5.311885844716575100e-01
2.898370433153680259e-01
1.825849045583617936e-01
5.572278937768864182e-01
6.383937693345606013e-01
6.334897323994688190e-01
9.531014195341198647e-01
6.968476120422644193e-01
6.854523981790225928e-01
4.060451844048958980e-01
5.022162942421866116e-01
6.957331069556031977e-01
1.110389955832706832e+00
1.458889674572848127e+00
1.303728106818777599e+00
1.283972572116032662e+00
6.545293207753972720e-01
9.319752759269772646e-01
1.076337355875955915e+00
1.542486622755059100e+00
1.542906072082843361e+00
8.785917908512785868e-01
6.202816022017595410e-01
7.050802862396321480e-01
1.079016676893768567e+00
1.045579530852419170e+00
4.213771050575548238e-01
4.287261746340304547e-01
1.296799042366169497e+00
1.400709474762757312e+00
1.062401016901128870e+00
6.984747842478521429e-01
1.695458175266858714e+00
1.860840335313793004e+00
1.795826370211510037e+00
1.176394401349427188e+00
1.035148595384962622e+00
1.540945598800515848e+00
1.467710659559827047e+00
8.649961582320927489e-01
3.094915868670599646e-01
8.948292917729778750e-01
6.337646950932595002e-01
1.034923130687671167e+00
4.725770277562872934e-01
4.656842284699878043e-01
4.684413730072557458e-01
1.206002945717052688e+00
5.126675410530279198e-01
4.357082123514088301e-01
6.779353867969729608e-01
1.125423782304832754e+00
4.834468258675752028e-01
5.660095263162594481e-01
1.049414140263985606e+00
1.182492350626287214e+00
1.026250509420252310e+00
1.024715557399102694e+00
1.194975618396224792e+00
1.073495010629350821e+00
1.559874157118986027e+00
1.329676492571638002e+00
8.655081301971612184e-01
3.924681670459205796e-01
1.707906780092605548e+00
1.221257114272289002e+00
1.076946949721722779e+00
7.317112963567188322e-01
6.971910566596869474e-01
7.415464737325112576e-01
9.293440945692224009e-01
1.613376336721604742e+00
2.049710752900788968e+00
2.026077673240248789e+00
2.872936218070074599e+00
2.321223791388184576e+00
2.674640611870822138e+00
2.583642675639200803e+00
2.179554390061638536e+00
1.985507893852529682e+00
1.870743401260703820e+00
1.396855471888809763e+00
2.227046407328699296e+00
2.441883650483019252e+00
2.808344281476896853e+00
2.914563574722640382e+00
2.610238804689997583e+00
2.132648687146482036e+00
1.960287396434334806e+00
1.507047657189672485e+00
1.822491389765590553e+00
2.022857167448817606e+00
2.042678462824033758e+00
2.619080675892838439e+00
1.665021980986027827e+00
2.270258593613861731e+00
8.620600651150025495e-01
1.958623481918477127e+00
9.577234835216251740e-01
1.521855360869563079e+00
1.036289526233379110e+00
2.647702380377869313e-01
5.069336178454819652e-01
3.021782194761792883e-01
6.084291071151488595e-01
1.650861712197230491e-01
3.644859360704547635e-01
5.486633508328673248e-01
4.587870845852279889e-01
4.673568177726350470e-01
5.191844928164864870e-01
2.592967023056345077e-01
3.628068605441938654e-01
2.474918603206108236e-01
3.130270674212642934e-01
2.904645672553650693e-01
2.251199793396925775e-01
2.068465734044031001e-01
6.084199777585617974e-02
2.245895647042681353e-01
1.731607048265542126e-01
4.270428014413373830e-01
4.115827148685240466e-01
3.784262534550986157e-01
4.712354231431586382e-01
3.340387465267102840e-01
3.252085420629732271e-01
2.491270967110504053e-01
1.028787143750091448e-01
1.885035626734694603e-01
1.347004101776375362e-01
5.181983397246566619e-02
7.354708142747401478e-02
1.867011321950754477e-01
1.773652654291558717e-01
1.933653550072084726e-01
2.753987788590064878e-01
1.235317270973966958e-01
2.483371746528320045e-01
2.406740551934131722e-01
8.482808593343624248e-02
1.690006399861082587e-01
1.089409279897255722e-01
6.703213391425459633e-02
1.129663314204375074e-01
6.454391096087956636e-02
1.463669103595033327e-01
4.170891568363920693e-02
1.569441924754883533e-01
1.488752084981057044e-01
8.436508639605229398e-02
1.775784969048214423e-01
1.440306102030372848e-01
1.359390347999973048e-01
1.818472038553936299e-01
1.760149492439277430e-01
8.623160693219543427e-02
1.874415425643622679e-01
2.384411873124063774e-01
1.667633783114701451e-01
2.214531496093819773e-01
2.188027385454148765e-01
1.619406588505202804e-01
1.314583016316017428e-01
1.175114979500135742e-01
9.002952204385675228e-02
1.059858174783627621e-01
1.499266531957709758e-01
5.814839496553325660e-02
6.757034472427661531e-02
1.347449785901917718e-01
6.741619796487893779e-02
1.204359066389740912e-01
1.243992754284339031e-01
8.349103827979233172e-02
6.640555854324700635e-02
9.232411651200757297e-02
4.344118045189158256e-02
7.512326660531778999e-02
1.089666851972936196e-01
7.749961093481097518e-02
1.222715397272584742e-01
1.117098108666672307e-01
6.926536477537413583e-02
1.183958527628795054e-01
8.743630136934324448e-02
8.220644498346904583e-02
1.199544290352175246e-01
6.987754375120323880e-02
7.834210824772548654e-02
1.038616585092138056e-01
8.237572919572283547e-02
1.095203638038320798e-01
1.302237212122649979e-01
1.054828600938312461e-01
1.420373097360904113e-01
1.039358463464028631e-01
1.571166078525064735e-01
1.635861381795528646e-01
1.099034977258744883e-01
1.396387584195105669e-01
9.741307905378393528e-02
9.418435388578215439e-02
8.112084000018211782e-02
5.674206342114424678e-02
5.366817966330271472e-02
6.017977279060373469e-02
7.085942997015833023e-02
6.144344758495379893e-02
8.941937286349067870e-02
5.747291048167168376e-02
5.497151434879405524e-02
4.680053345970558443e-02
1.759370051450484182e-02
5.189514634542595484e-02
1.282478055764546196e-02
4.124989767837254628e-02
2.670621572403836241e-02
3.547537197687957583e-02
4.177479680839007309e-02
3.926948726703076431e-02
6.424700226946336579e-02
9.642627572973341832e-02
9.105557325554214376e-02
