2.567312001589787743e-02
1.657976315124961523e-03
1.193936829420323698e-02
2.060191701501600664e-02
1.481361356293530926e-02
6.178981336119327740e-03
3.277030047788888519e-03
6.655354381780987510e-03
2.309270668252949923e-02
1.976558058446093585e-02
1.740299530219902024e-02
2.503299555963801881e-02
1.418118975408269242e-02
4.654184387661745859e-02
2.855531349429207832e-02
1.749997369402569655e-02
9.006188904014576779e-03
8.990724925166667519e-03
1.219083944896605376e-02
1.082373701784143487e-02
1.003314178858775475e-02
2.258157883785062020e-02
8.561615298414924566e-03
8.266546348417232182e-03
5.724657303057914884e-03
2.594287437329894155e-02
4.346522897039698831e-03
4.426421092779155714e-03
5.946889283616256690e-03
2.889324337383861532e-02
2.851253215077386924e-02
4.988708288984732529e-03
1.902818365541753681e-02
1.454048599354586680e-03
2.298483895014779774e-02
1.771762888839832281e-02
8.283531868867646461e-03
7.162153915655992097e-03
6.859853617425555952e-03
3.140236265608361416e-02
1.183205601523977524e-02
5.565890555905828735e-03
1.755941405807878372e-02
2.421054830054603785e-02
1.239310062117744866e-02
1.075010306454161381e-02
1.307581681881211932e-02
2.831000630452886607e-02
1.885180836715194541e-02
1.805578810129716133e-02
1.960168285606964100e-02
1.684353742007176427e-02
1.389850378029093038e-02
2.721368653026129056e-02
1.724531814954254408e-02
9.111848416612399609e-03
1.309655056826658677e-02
2.745367928469151508e-02
5.713485907122250324e-02
8.871965435047451942e-02
1.596894378194412267e-01
1.933527289947260253e-01
1.801255709278913042e-01
1.101989695418639364e-01
3.999281386705544686e-03
3.493294676318993083e-03
2.371847107884891143e-02
4.199333065263668140e-03
4.821378534885124162e-02
2.490999770085104703e-02
1.745457347978284293e-02
1.598271003821876216e-02
1.414735207315707954e-02
7.302972019545242617e-03
1.720557355202764413e-02
1.571329570562246189e-02
1.283998896058184680e-02
1.457582875820134446e-02
2.139470541697999911e-02
2.984382915576951067e-02
3.544917333310178970e-02
2.569222425404695670e-02
3.548995069905460514e-02
4.310106082196058647e-02
3.631169752746173096e-02
4.463349279173546569e-02
2.405329695142133586e-02
3.446594975984815928e-02
2.795738240312190329e-02
3.140817288461268675e-02
7.893720510156120376e-03
1.642554639563530497e-02
2.154651871110823888e-02
1.837600864534729914e-02
2.049167346688306537e-02
2.115327209278004481e-02
1.705243782784520226e-02
2.666848239364068979e-02
3.256164955752180457e-02
3.663259874737393590e-02
2.032451376643381116e-02
2.602029365965032037e-02
5.361996487602010975e-02
7.153638421404333314e-02
5.303561694476117971e-02
7.220536969073070022e-02
6.807885512914546577e-02
9.506514557536524523e-02
1.271150005990942244e-01
9.388008184651200350e-02
1.043755838306043848e-01
1.162128422320974352e-01
1.098883595579258493e-01
1.063163175114930775e-01
1.339458844713275754e-01
1.060024777421857550e-01
1.246893549701539594e-01
9.519111844009846279e-02
5.703195243329780423e-02
6.760059138466915918e-02
3.468070691877959966e-02
1.447731552286186420e-02
2.240454772295649710e-02
4.320747174729360623e-02
7.604839940288639355e-02
5.288204283490198498e-02
5.330826515228827278e-02
6.260910313185370779e-02
4.847345249684405222e-02
3.946807900204963443e-02
6.707323316480766351e-02
1.118904338341656646e-01
1.152083745263906001e-01
1.273000702797356110e-01
6.242791420120546997e-02
6.939649843571535359e-02
2.280625206626350071e-02
9.002733576345432753e-02
9.837272946840894261e-02
1.087265184576105825e-01
5.599388049408648982e-02
7.871980379552757923e-02
7.399423392959382506e-02
3.292878790592781296e-02
5.157100909858985949e-02
1.768409296637073538e-02
1.594900208315283216e-02
4.828060270929222797e-02
2.409411993076375491e-02
4.474460212677700693e-02
8.915724960781344632e-02
7.674036754547253203e-02
1.006988537297840158e-01
4.979867107753636890e-02
5.042238813179059087e-02
5.770294414727458743e-02
5.805838677259705233e-02
4.310024997937313140e-02
4.392595605442000534e-02
3.882571112272052011e-02
4.802239148091426435e-02
8.602526038294532051e-02
8.494027315161775671e-02
1.081865307986210750e-01
1.299504229913239217e-01
1.449733364016217441e-01
1.549529421369426896e-01
2.766916849803728318e-01
4.395513534294731572e-01
3.975621269197879837e-01
2.983628245861282835e-01
2.049488124841900849e-01
1.242108563365774965e-01
5.258500718682562747e-02
6.225279683172930956e-02
1.845363749790789876e-01
3.723404002699859383e-01
5.367423595150583315e-01
7.253041611632247143e-01
8.460996243597235233e-01
8.700834954972855861e-01
9.335073520839352046e-01
1.063825782905182038e+00
1.082677896608230217e+00
1.100321627465969954e+00
1.111412612661026200e+00
1.037155196018430647e+00
9.439405991799364459e-01
8.388702115271278181e-01
8.879133950689258592e-01
1.005655922475857889e+00
8.083163470197232137e-01
4.115324465961022193e-01
1.894650764274233012e-01
1.827903148937254918e-01
3.721385119030570787e-01
4.569081934468847139e-01
3.965548584448444491e-01
1.264540763180789507e-01
1.984759132120753333e-01
1.128451106763527501e-01
3.672897579212937025e-01
6.740539767290162354e-01
5.971917711460681399e-01
4.167789160636004575e-01
3.488040562223330698e-01
6.096540284360829620e-01
7.145138993726589671e-01
7.118617350466830418e-01
6.393111218275592256e-01
6.706280803281294833e-01
7.669482372505868062e-01
7.520133538308696464e-01
7.942112726293878433e-01
7.189874719594461228e-01
8.662673307539409118e-01
8.893869918886785353e-01
1.001531337399556021e+00
9.309778175504631603e-01
1.007957447746293589e+00
9.035543121005257250e-01
9.411808849464468052e-01
8.853743310593944482e-01
1.108268243746841852e+00
1.192126848592401256e+00
1.384271126611226199e+00
1.272667809806299344e+00
1.232383063326589978e+00
9.865651159340921295e-01
8.991639311832477777e-01
8.711870060567444840e-01
8.686842800011890242e-01
1.106919965870248213e+00
1.087555634378428726e+00
1.240099973025116542e+00
1.432523846372707688e+00
1.498381648497629559e+00
1.650626612573018459e+00
1.820801292011360983e+00
1.790326061251754197e+00
1.927480953905363892e+00
2.011454426721136279e+00
1.875208379701617245e+00
1.995946144814693790e+00
2.025993036616960730e+00
1.788678145618330495e+00
1.941133264054463625e+00
1.917285809713321632e+00
1.849496326450771777e+00
2.197650968631184032e+00
2.073381995912355613e+00
1.326463551895638693e+00
1.439760817434490914e+00
1.754318433184798520e+00
4.138155465193079863e+00
1.182363296372151140e+01
6.744807623804761398e+00
1.194588925936230517e+01
7.122588804506232663e+00
4.406345975498303424e+00
3.219208947736590609e+00
1.909413096248826047e+00
4.469836348281218119e-01
6.059346854013437644e-01
5.913672158414144953e-01
8.592493888362888743e-01
1.013458535986559328e+00
4.304652124609267272e-01
4.850741151616611013e-01
6.377684536834511420e-01
5.138147819467249189e-01
9.960158446067730598e-01
1.328940301405757030e+00
1.932619624487010634e+00
2.611504384023594749e+00
3.111017101155918674e+00
4.077670294272947693e+00
5.334437532326484543e+00
6.541153105511034127e+00
8.566655781652515955e+00
1.083916816803454886e+01
1.370003065140147314e+01
1.695378454459467932e+01
2.018041123667147474e+01
2.339047434815045889e+01
2.578128770779082046e+01
2.729393627128241562e+01
2.747035959690417428e+01
2.667135881356914950e+01
2.457899469108312474e+01
2.203587071534785835e+01
1.955592942361300501e+01
1.742396998988109758e+01
1.576793218886576398e+01
1.411152228203362391e+01
1.223586487322480387e+01
1.045061012418350543e+01
9.513594437915379842e+00
9.329377648639436416e+00
9.337257884861507762e+00
8.756954912337496566e+00
7.623778087571580819e+00
7.204429306378696829e+00
7.267197886036451671e+00
7.332928042975022542e+00
6.722853593610222056e+00
5.007197714295785751e+00
4.023003793487241353e+00
5.380770632443166335e+00
6.924792132547722190e+00
5.234398602235699194e+00
4.861686735797201564e+00
8.139986242317737819e+00
7.565922695424887046e+00
4.956992899024873722e+00
5.588026096190374936e+00
5.902950385183971527e+00
3.893908510954390501e+00
2.208813010446945668e+00
1.918788908293344919e+00
3.661442663694125965e+00
6.331816397515422246e+00
7.356160251936381123e+00
6.859130127960034073e+00
6.481539986780286533e+00
7.125963478046987376e+00
7.695457819219456930e+00
7.906774109662304539e+00
8.241141769097657388e+00
8.217891813580324722e+00
7.733137503982605132e+00
7.072837652516329676e+00
6.612720817322680134e+00
5.956785428889669554e+00
4.916320368973140731e+00
3.823275314779849499e+00
3.060523722381035316e+00
2.216511251892419043e+00
1.314613057524101958e+00
1.097040656661216973e+00
1.492906823390738769e+00
2.003532208953606286e+00
2.666806685782402653e+00
3.098249016011742629e+00
2.847841746747859837e+00
1.999134833925907406e+00
1.370212971344608954e+00
1.052565979083137648e+00
7.877562548921018815e-01
7.865216629267409720e-01
7.004483608428677677e-01
4.979320196500985340e-01
2.869711702432706235e-01
1.987511060875279401e-01
1.780072551382304025e-01
1.467470709996154532e-01
1.764064386677237639e-01
1.392479293588449463e-01
1.635157595093863769e-01
1.329738741093548227e-01
2.005847684884689008e-01
2.491496491936069091e-01
2.184635608096512915e-01
1.704969085466644385e-01
1.071650765253724935e-01
1.408733843123316232e-01
2.457329779185495056e-01
2.634244694029078127e-01
2.944887725497030151e-01
3.523492914218617211e-01
3.270795371272202656e-01
2.904673922348187665e-01
2.324385294033480820e-01
1.619981960875664651e-01
1.793659687018296645e-01
1.603972461446933895e-01
1.987289386883338282e-01
2.029260247539320106e-01
2.049380086125570100e-01
2.377405084538397328e-01
1.712462361703641911e-01
1.538790554848402103e-01
1.758155470816088473e-01
1.759357513853231081e-01
1.409675848975656676e-01
1.312632432073554956e-01
1.654611604486797838e-01
1.446283492893621625e-01
1.378288444066130269e-01
9.931398134491524476e-02
2.304120289776080688e-02
3.866171928399760732e-02
6.797269268229109984e-02
1.761602857433174352e-01
2.603312926936377503e-01
2.653236329904888335e-01
3.311636100786015668e-01
4.231664462712704800e-01
3.738752221785566765e-01
3.697183516923827074e-01
3.466892642728185980e-01
3.211173347890117769e-01
3.034299013656788779e-01
2.711994695827438240e-01
2.542412638904370525e-01
2.358118140377949978e-01
1.721543705797149437e-01
1.575911076791514376e-01
1.278162262900973956e-01
1.004067410185768977e-01
1.165991762725153424e-01
9.902946157124326021e-02
6.180462780924498439e-02
5.748177569665944425e-02
4.578762827504013339e-02
5.217800843525631505e-02
7.632272454131992789e-02
6.564032396234462108e-02
7.415575528042389619e-02
5.861658623013160652e-02
2.930018374826415251e-02
6.900493305078937711e-02
6.526354387484084585e-02
7.580017593317288360e-02
8.293836509706793703e-02
9.994119162154896374e-02
7.694591674613862620e-02
7.158595851655359665e-02
4.943466153573231742e-02
2.818120733301955616e-02
7.502620129923937009e-02
3.514850575812328293e-02
2.749788046816686524e-02
3.429349944495484193e-02
4.126569283234016866e-02
3.952421956543146486e-02
2.880088099586411432e-02
2.314051626409882254e-02
1.793605751308626969e-02
1.980143381049747839e-02
2.934297579857098395e-02
8.184544743602210600e-04
1.394390403310344015e-02
1.923828825265688769e-02
4.881981454583047934e-03
1.431275835227960487e-02
3.822861589147896148e-03
1.686030777103177808e-02
1.310079507476577532e-02
1.524374722354022473e-02
3.741179369596601967e-02
3.468472838607176978e-02
2.663037617193102918e-02
2.705111090373958985e-02
3.057342173718989586e-02
3.678772111714460197e-02
4.956684150625606869e-03
1.329104889540067697e-02
1.690979335741687670e-02
1.696083380558111725e-02
1.540329693097815776e-02
2.958626896437146093e-03
7.115554051500097218e-03
2.372244158213781748e-02
6.043306982791021333e-03
9.196039702706828092e-03
2.702159137143477982e-02
6.374771504359879812e-03
1.429441153113996180e-02
2.921361251151147545e-02
2.414270530860218936e-02
1.638621161206785595e-02
1.967416234041210674e-02
1.273628679568062326e-02
7.138082531705712032e-03
1.103844644581048959e-02
1.894813583407380098e-02
3.925347866216516435e-02
5.828668831133448913e-03
3.664299018001941719e-03
8.447979743297752767e-03
1.793562562332835092e-02
1.288485957421017965e-02
1.771061745660538339e-02
6.800560528701152935e-03
2.178657770297171611e-03
4.020245735722463576e-02
2.146856650657690338e-02
2.076697471278001611e-02
2.283070283635922279e-02
9.757746463702848122e-03
1.489085890193109218e-02
1.441387932728087698e-02
9.283035092809342054e-03
9.930807668971315672e-03
1.706849276575010677e-02
6.759830294762376492e-03
1.173369706596573067e-02
1.488892231971620204e-02
4.988555065744967182e-03
8.542123378225702918e-03
2.807447108642035366e-02
6.211910131520074520e-03
1.715979206697737514e-02
2.503684646094370136e-02
1.069283514835763123e-02
1.008161149233292864e-02
3.170808241296404345e-02
1.469928987850402900e-02
2.839534622647451462e-02
2.107948906536335695e-02
6.276836033971644122e-03
