2.398477590610235619e-02
3.776393336752579405e-02
4.137815424378866319e-02
2.230985807126091569e-02
3.092744470921362024e-02
3.400704144851130623e-02
7.425458308524305294e-03
4.424194836715478196e-02
2.261234091001933927e-02
1.214753869493166889e-02
4.804075525380100548e-02
1.826431033135977877e-02
3.601015596378955713e-02
1.272663108601938646e-02
1.386732785281604569e-02
6.204828435819639831e-02
1.717373780471338762e-02
4.862914572368924604e-02
9.129764518862536551e-03
5.175506615016130935e-02
2.844045858683193900e-02
7.241892259365532991e-02
2.806483884468422701e-02
2.752339935858427733e-02
7.433776455150146317e-03
4.513077055733827336e-02
2.982273949797246276e-02
4.245042349331835246e-02
2.234671168858777882e-02
2.038691293554897171e-02
3.650952036712039328e-02
4.536314013313830912e-02
3.579206564335450647e-02
3.640792818291007510e-02
1.131930966856481598e-02
4.618009790935843906e-02
3.209773814602971675e-02
3.396985353151629750e-02
6.899854090620591296e-02
6.820403662343971218e-02
1.000212049958774108e-01
1.022528831462798521e-01
7.223627487513559209e-02
7.815522797250876175e-02
6.633578262184453012e-02
7.892314413399639794e-02
1.060977837116143518e-01
1.186872478292249899e-01
1.101401665386856910e-01
1.047603079161559814e-01
1.247778577516839710e-01
1.327494424865891254e-01
1.180387863163420703e-01
1.161838641084763507e-01
8.992291502596269637e-02
8.215764813732154281e-02
3.854224682819242659e-02
4.699274335155906313e-02
2.133799391621648070e-02
5.132224879850985633e-02
6.163179851451353053e-02
7.232092030963482854e-02
2.157726986580618678e-02
5.338958528697761163e-02
4.837622606042095430e-02
7.637756656072798578e-02
1.061818028686795784e-01
1.067969120331942190e-01
8.638420302985977406e-02
5.627790483149239242e-02
1.211663559668163803e-01
1.192195030579326076e-01
1.683700631719535767e-01
1.226031463006511946e-01
1.366467926672185751e-01
9.455597948244633122e-02
1.490029580359899242e-01
9.005517785346958681e-02
1.119263900190834438e-01
9.263342104897522022e-02
6.649557952598128541e-02
1.343411192525495457e-01
9.778485980594234239e-02
1.082262552419180346e-01
8.483199364007612542e-02
1.218921004659292290e-01
9.047128070686924484e-02
1.008119928479243171e-01
8.555953716679561005e-02
3.614368857790060258e-02
1.065298173221139039e-01
7.427451022562053806e-02
1.030735821810806335e-01
3.069358120073944693e-02
2.324653280470714498e-02
7.211682279395312256e-02
1.591472686490269517e-02
5.679418408393318435e-02
4.749116896430876505e-02
5.531877264846768449e-02
5.755363453640954807e-02
2.153930277725602666e-02
9.219704825116677160e-02
5.049541347944071223e-02
6.148219317874319134e-02
1.092825072083001975e-01
7.887068085308279741e-02
8.703814805317740266e-02
8.078774130148573540e-02
1.090662222827910588e-01
1.683586222447466252e-01
1.599578087171236451e-01
2.423098336289584431e-01
1.571156680500670200e-01
1.289979556592283916e-01
1.407299044461649551e-01
7.644684459121320330e-02
1.433683335404955239e-01
1.208993043018256747e-01
1.043715274601904330e-01
1.656550841137210961e-01
9.230039778370761894e-02
8.627039156193891389e-02
1.061591272611470405e-01
9.877327980207256664e-02
6.788628597242801765e-02
1.241056082904724855e-01
5.736703309416600616e-02
9.316168615056556745e-02
6.490160886432705389e-02
5.293353522609334921e-02
1.470014658391275986e-01
1.786232322583207188e-01
2.100490906962954041e-01
2.146951489318803807e-01
3.393534422340993006e-01
4.620864427011029951e-01
7.626869237195825768e-01
1.025329024234534980e+00
1.546887617283991601e+00
2.034524937501494435e+00
2.559724164383306189e+00
2.981069074884718617e+00
3.680684011862627170e+00
4.511181288984047022e+00
5.341989582021962946e+00
6.082515831970829900e+00
6.978757159115898112e+00
7.914572338603681700e+00
8.409219572449256219e+00
8.571429748035042095e+00
8.503509649918006730e+00
8.325116837303946582e+00
7.764272242552929804e+00
7.337130273863816221e+00
7.482989840581065089e+00
8.113335008702707185e+00
8.539972588687033905e+00
8.454914776783434505e+00
8.067855833077114625e+00
7.468536587540334892e+00
7.057408319488374993e+00
6.623398054433343951e+00
6.824043625617955300e+00
8.232887482084802144e+00
1.060835321068039505e+01
1.226102835663133028e+01
1.182261092926522572e+01
9.445796304544009203e+00
6.856831367100022945e+00
5.878928702592966182e+00
6.203086602038946573e+00
7.028054101569414236e+00
6.600172318936817994e+00
4.676175276517779089e+00
4.544524386870322452e+00
5.794415375718056538e+00
5.010069693984648076e+00
2.786067352309864464e+00
3.418111861507957538e+00
4.573077420575753393e+00
3.459528997765402902e+00
3.213853877940399784e+00
4.311416370581892643e+00
3.471368270025729785e+00
2.713969659280555558e+00
3.107856011915528960e+00
2.586438549284041155e+00
1.804312185676180569e+00
2.438487314540409123e+00
2.998627657318853501e+00
2.703187360304101894e+00
3.880214707944667385e+00
4.155903368092163319e+00
4.169675544665626177e+00
5.010890696810353262e+00
4.312725994729398771e+00
5.012406867425950097e+00
4.438516964971239709e+00
4.381626410073580224e+00
5.022285538032417840e+00
4.838996159081045967e+00
6.066185652890831115e+00
6.531848064086363870e+00
7.167091716554108594e+00
7.443106830352723691e+00
7.263883383810676442e+00
7.234406858421952968e+00
6.509897942368015222e+00
6.017073442857481247e+00
5.453609125307945504e+00
5.016611762409044495e+00
4.879185949851886583e+00
4.837301409339754166e+00
5.093075266767580267e+00
4.658539153649936537e+00
4.770862418114539594e+00
4.257046606103997100e+00
3.900654729911788632e+00
3.159667352978493327e+00
2.664066663344865749e+00
2.134502958885708512e+00
1.448671936443627128e+00
9.837875330938452567e-01
8.618969365839417307e-01
1.137831681516478621e+00
9.398628749837265595e-01
1.531559384867366758e+00
1.622942623364011849e+00
1.781558340527863660e+00
1.680679019211390068e+00
1.611246431411081703e+00
1.913450681762621564e+00
1.621468781850174734e+00
1.521025953574427492e+00
1.342820409817226501e+00
1.295992442629709585e+00
1.469239187664697965e+00
1.467954438350566715e+00
1.176195770880470670e+00
1.265594534142644889e+00
1.440703489644140856e+00
1.744523693030845424e+00
1.851543760409238182e+00
1.919970911200114871e+00
1.675271141703211120e+00
2.043203078392079153e+00
2.025540324450730623e+00
2.333166766805222725e+00
2.708129034295257309e+00
2.301412960150681197e+00
2.699690077508480446e+00
2.269936756560245961e+00
2.386894197592519085e+00
2.996988448179868758e+00
7.180672926668726141e+00
7.635677614118869805e+00
6.628770822781307359e+00
3.601473394283157159e+00
2.486660949943433785e+00
2.308174988959154739e+00
2.016437571957616193e+00
1.686143144188750220e+00
1.324082504691128648e+00
8.429123237088809173e-01
5.343923395409397870e-01
3.986476274722169366e-01
3.686205199153739231e-01
4.925303905156083184e-01
5.408129795617375724e-01
3.102500844954670933e-01
1.535871966275957068e-01
7.930152630665333879e-02
2.837539450651022643e-01
3.766693645110982258e-01
3.475621861250582922e-01
2.005736081191885345e-01
1.597394214515996669e-01
2.988886538576817076e-01
3.995415918134475608e-01
3.644335453486778342e-01
2.034159228975173372e-01
2.340553105671935863e-01
3.983336489159901572e-01
4.029467834418158367e-01
2.280997819540489246e-01
1.628169184627451249e-01
1.891532151719571286e-01
2.025601524721065139e-01
1.506726548661832810e-01
1.736442217507880581e-01
2.297564472224454535e-01
2.436327876523156910e-01
4.169428305748398844e-01
6.468228419594109768e-01
6.223231234165453873e-01
6.919683717612431506e-01
7.215217027386890969e-01
9.105679035492160178e-01
6.834642828827890426e-01
6.784262867813234399e-01
9.122795975412845149e-01
1.014252831515946252e+00
1.075382046646704337e+00
1.395859059628770771e+00
1.555159451768909573e+00
1.506690809802181397e+00
1.692017776508196514e+00
1.673306442867452226e+00
1.406835874378720153e+00
1.318902919328453160e+00
1.080422106126861959e+00
1.057449439794663437e+00
9.576668215735851808e-01
1.070507507041609463e+00
1.115538170559747355e+00
9.819072190046648219e-01
1.227431483921213706e+00
9.850162198191071417e-01
1.068957964224783064e+00
1.034750617061223510e+00
7.326239019239279004e-01
8.331836194305023424e-01
6.880209323162895796e-01
5.711480827333231813e-01
8.824196349152109153e-01
1.065568427087866477e+00
9.824081920492553355e-01
1.348710433217893190e+00
1.653952552242506036e+00
1.273475640568406453e+00
1.421236271954520403e+00
1.760671724116452452e+00
1.358507255865240015e+00
1.269914987507064552e+00
1.861609889854053179e+00
2.175402958632206118e+00
1.766444602959919008e+00
1.727933344003585558e+00
2.444434124333194180e+00
2.488331551757226201e+00
2.255047010687322384e+00
2.166086260650337270e+00
2.499981684671483961e+00
3.555984181124863586e+00
4.360028598227742691e+00
4.561357916802452728e+00
3.887280919418844682e+00
3.067892137489266702e+00
2.624360049676919271e+00
2.691391079513369977e+00
2.924912196291710398e+00
3.052998767659667934e+00
3.348137038619611872e+00
3.451400705724138263e+00
3.596079411717282071e+00
3.387327664381671433e+00
3.205925997636406066e+00
3.115705671500649920e+00
3.387115425194896279e+00
3.586023369342949518e+00
3.732429909850790040e+00
3.736026920475785218e+00
3.728332769870669416e+00
3.452396978534554073e+00
3.109442452400177803e+00
2.670432272831105180e+00
2.379046149445383840e+00
1.982457799186104097e+00
1.698890095862958027e+00
1.334791488032357254e+00
1.183638879196179383e+00
9.223189380423267858e-01
7.297661802505456263e-01
4.599710189690831008e-01
3.224526925611860828e-01
2.221457639590039557e-01
1.690340839362579062e-01
1.491913494162148413e-01
9.903218211736178334e-02
1.409331364459801283e-01
5.760232468446020715e-02
4.506332815440928369e-02
7.212184853420235131e-02
4.774117154973321620e-02
7.320460903805114938e-02
2.519734401725060718e-02
2.747048886931048248e-02
8.823358073436700366e-02
5.817677466491795457e-02
6.677870743522909547e-02
8.882588290674323095e-02
4.645065539088937684e-02
2.039233102265560968e-02
9.218768525088978649e-02
6.941857725702510473e-02
6.308245164838452435e-02
1.214696144228112479e-01
5.639365442407669876e-02
1.075280800384350588e-01
1.076155463162393050e-01
1.073529727790884236e-01
1.222380496250566884e-01
3.688404019223255614e-02
8.297074635945411725e-02
7.417135416332128195e-02
5.301419643649567248e-02
9.436366903785907423e-02
3.902552323084483576e-02
8.951820548734004679e-02
2.760396639945271804e-02
4.996984611824145661e-02
3.651314831369922159e-02
1.066993598446472694e-02
6.283418029165560581e-02
1.601711385768394419e-02
9.296512383672329849e-03
6.860281928331342371e-02
1.300080874703619417e-02
9.279394837111487604e-02
5.425471952974020989e-02
7.666008109067860843e-02
8.302506355720916387e-02
4.569345476667183159e-02
6.345069299645331173e-02
1.598964711422031643e-02
7.356311465982985631e-02
7.055514142486878082e-02
7.407996103876687832e-02
8.606718654424701243e-02
8.290838152299966068e-02
1.157671844456066162e-01
7.973559105240561606e-02
1.378176752862500520e-01
7.663633071915773587e-02
1.218747456079402602e-01
1.371563179602909854e-01
1.095923653579000123e-01
1.160019515162615950e-01
7.429810499407216162e-02
1.010247617074765819e-01
8.001292432386496178e-02
1.347948792935335927e-01
5.807493352000660247e-02
7.865597030632959230e-02
3.095802706565030024e-02
9.884932558920145329e-02
4.970270685061110860e-02
6.818370599481878014e-02
1.339305854444695562e-02
3.352720108235645452e-02
2.395595485773622038e-02
5.291591466957853984e-02
2.488356640062293693e-02
6.008355760535157020e-02
2.555781625532372106e-02
3.404729714723140482e-02
3.001150805439023808e-02
6.467402052353821151e-02
4.970721014510157132e-02
1.150160005230432964e-01
9.550054138899727318e-02
1.355955646411354243e-01
7.951410690101205769e-02
1.189045715828228739e-01
7.429262409397041633e-02
1.083259599741336759e-01
7.277996362503479089e-02
1.140187459466194958e-01
3.210642505479437830e-02
6.410135246043793811e-02
5.409175682245769001e-02
8.984978411435477763e-02
4.097003614488213541e-02
9.560611168603203036e-02
5.317427416471252888e-02
8.237527360800984966e-02
2.719131170935474781e-02
5.499951998849590684e-02
2.552435414011181708e-02
8.449087116133220665e-02
6.028787606230468638e-02
9.060319294670589330e-02
6.000193193127206087e-03
4.419011015013931537e-02
5.821163769750271194e-03
3.738344563717907465e-02
2.352809455905617228e-02
5.200819772569981181e-02
2.724185513419008497e-02
2.800253747189328235e-02
2.443081655037010122e-02
4.000811348834335673e-02
5.310067411507308349e-02
4.207929480436624348e-02
1.557382249328861760e-02
4.442332991273507947e-02
2.607329474518544146e-02
2.079929367244058927e-02
2.490968058825586071e-02
4.743729484145810249e-02
2.553403936301348875e-02
4.638609906888804812e-02
3.593721012656004438e-02
3.418538739528347720e-02
3.981636268548647412e-02
4.884632922873314437e-02
5.217640406086662686e-02
5.185915846882251795e-02
3.273363672281014852e-02
2.219832016108247083e-02
3.349352179531457641e-02
