4.789845037666126681e-02
5.512321210015010131e-02
6.222548920071778455e-02
7.544166446987675412e-02
4.671729803574683343e-02
2.231502736491799976e-02
1.153623573679464671e-02
3.365121912687622091e-02
4.141985047763378086e-02
2.511961769591688348e-02
6.450984892709422935e-02
5.965987035880301187e-02
6.137201689907231805e-02
8.962003639369928165e-02
8.187646173771542801e-02
6.026094059600718006e-02
4.731111018049782846e-02
2.191354670038790642e-02
2.683521717902026885e-02
1.463193301558770622e-02
5.058300150067911172e-02
3.168887307119842844e-02
7.786851005763098521e-02
8.024682965848910221e-02
3.287021324165485814e-02
3.142266036837743776e-02
6.849680553020879442e-03
1.716588540105598235e-02
1.858732768326878601e-02
7.339818239459587612e-02
6.439057152380960047e-02
5.774940476199418027e-02
6.799588453014961120e-02
2.924951542714977412e-02
3.243701751297774910e-02
3.991670290315123965e-02
4.407691391557168326e-02
2.717929854519654173e-02
3.588938998079579945e-02
8.389161181894275177e-02
6.315373542669418250e-02
6.460270610920466894e-02
3.384231931289244377e-02
5.446265326948641905e-02
4.857675463379898528e-02
7.351739005168955732e-02
1.092040066682009314e-01
7.335150192870099062e-02
8.951486445770355516e-02
7.810584421990487969e-02
6.450465693332563255e-02
5.424376113680131478e-02
5.622717039783035886e-02
8.445014052835612961e-02
5.071167633516749512e-02
9.438080878331292500e-02
8.576963709422481819e-02
6.835662092493202668e-02
2.721691604011022142e-02
2.225556744561118031e-02
3.182935582370807065e-02
4.638290741296487857e-02
5.885972708319748420e-02
2.624698878083320253e-02
4.919820978775789333e-02
4.488870521487136472e-02
2.584629223407830870e-02
5.113064770813614823e-02
6.053277022078198955e-02
3.494718878472086870e-02
2.212897088606808130e-02
2.364187917695740812e-02
3.062613118867904896e-02
1.454664865711364358e-02
7.058370057649589191e-02
5.858733850420799749e-02
3.947557824483042405e-02
1.843826844045802146e-02
3.843412961041638154e-02
3.801273141358519486e-02
2.883402877399054640e-02
4.601449300416465132e-02
2.728595579758814199e-02
7.817311187162391539e-02
7.430417172445016871e-02
6.011649054173544282e-02
5.837309867574724809e-02
7.507344496469450790e-02
4.164121205715526353e-02
6.213030382645667871e-02
7.810895452967725472e-02
6.091508583903427337e-02
2.961482803578329923e-02
4.702954678874952249e-02
4.557286168744332372e-02
2.306390015073477365e-02
6.047506118236389144e-02
6.748845141912339363e-02
1.041718488899023298e-01
4.185992477625825187e-02
6.166746001864024940e-02
5.307794047937067217e-02
9.786816786407671886e-02
9.356397937811264387e-02
1.042294952043411188e-01
6.467036111868135206e-02
5.807027256251495739e-02
3.730976710758786979e-02
2.985586820558671153e-02
8.593760822543997091e-02
1.886716503674411571e-01
2.571011364240306518e-01
3.317459692662795834e-01
3.619203030650463560e-01
3.549043397674324085e-01
4.355442053806574676e-01
5.511482149969361144e-01
6.686638438101756288e-01
7.716607450323177408e-01
7.903516841108900737e-01
7.554588077744567309e-01
7.110735096193342430e-01
6.368981737643536478e-01
5.368546283550321707e-01
4.071408859041674710e-01
2.384161146310807833e-01
3.737753274324046582e-01
6.379236708848191606e-01
8.407007586972243818e-01
9.164891365329314032e-01
9.245570948295294134e-01
9.449360982523242747e-01
8.930794693522918770e-01
7.550932805079412224e-01
6.149460540126705510e-01
4.523565072278564747e-01
3.524300000047847492e-01
1.814950018837376278e-01
1.345341310741385021e-01
2.943004211044428775e-01
3.643463448367206259e-01
3.839509929661140686e-01
4.473941893373334366e-01
4.145860481477751658e-01
1.633723202683644293e-01
2.227784603012070708e-01
3.900354385436101690e-01
4.925987753542404590e-01
5.762351183856159187e-01
7.489861973343031609e-01
8.248367259520930084e-01
8.730395397494444820e-01
9.324694586986094214e-01
1.070318091819940642e+00
1.271758249864427537e+00
1.269157499407978840e+00
1.027651319995099399e+00
7.286193915967978940e-01
8.065977627293428043e-01
9.712298661388200083e-01
1.015878596131726930e+00
9.427854767485099874e-01
8.082271779290408631e-01
8.143467455203288186e-01
8.502462450722946263e-01
8.542860100585371042e-01
6.796134959416526566e-01
5.004051681178484090e-01
3.936288295713615271e-01
5.511759417953637774e-01
6.302157212775005846e-01
5.158441415571859423e-01
4.235811615300555943e-01
4.617543306908724055e-01
3.992197368967996818e-01
2.206691350316869471e-01
1.815799037939880012e-01
2.132867741357750979e-01
2.146796944822044195e-01
1.493054783447707867e-01
1.584157771577451856e-01
1.129446422707064274e-01
8.369416407649048206e-02
6.477758972190766906e-02
4.825526480754167152e-02
3.552745113630483703e-02
1.184655145320999137e-01
1.306114246713548643e-01
1.211542038170836111e-01
1.835604143386015963e-01
1.773670535737956744e-01
2.068449340737157638e-01
2.954570575842175306e-01
2.218719384629072588e-01
2.605209747485147109e-01
2.954459017099266283e-01
2.640980423885876949e-01
3.584831568139261737e-01
3.804483894246987186e-01
3.490467057843060217e-01
3.727237274427593339e-01
4.010139408941550965e-01
4.140442856279785144e-01
3.682738183302272095e-01
3.868290875126884631e-01
4.168227066831650673e-01
4.390533502955581979e-01
3.863603886693684486e-01
3.879979822320751004e-01
4.075083590606638495e-01
3.168137948308309415e-01
3.349748856268067176e-01
3.181058217365560492e-01
2.835124582631692314e-01
2.618544782643260627e-01
1.719553024503884531e-01
2.163516469713444024e-01
1.588698398585556004e-01
1.150040729175425963e-01
1.312711448051534224e-01
1.104206680509102617e-01
1.543822091548746889e-01
1.049096798004963277e-01
8.990711123409368677e-02
7.181786536500159301e-02
5.488568733525812926e-02
7.814357464642757156e-02
6.481942391956832528e-02
8.567157578887353575e-02
1.054081832728099577e-01
1.400857740544043106e-01
6.371469693321921146e-02
1.201431091585749150e-01
1.132284649607971927e-01
9.485633886897806843e-02
5.853549601820115522e-02
3.737238415411277270e-02
1.648683054736108100e-02
8.075955719398300592e-03
3.237038533769911325e-02
1.304955744280357488e-01
1.470430856428005806e-01
7.431683401945882173e-02
1.704073470707381799e-01
2.643049165433221104e-01
1.788397231169793489e-01
2.097071211067717267e-01
1.903536795157112771e-01
2.583667752000623485e-01
2.514407329580542472e-01
3.857989261677383097e-01
1.524681939642938411e-01
3.948581592497288906e-01
2.877000731017236301e-01
5.439825920280669802e-01
3.248892131153812670e+02
6.210487273998399406e-14
3.258081289264520706e+02
1.861024661274258918e+00
4.902025761691662376e-01
1.369400419822360826e+00
1.732030089425694586e-01
1.421401284263417164e+00
2.469627100679996912e-01
6.300963305799982539e-01
5.017244686085285954e-01
7.881629127011310354e-01
4.202587997624656624e-01
9.715951221723133635e-01
4.844431865954520466e-01
6.507578295883085229e-01
7.925505106398285093e-01
8.162723289344768762e-01
6.602690014887747649e-01
8.477237236127589393e-01
9.931755738365092290e-01
7.994117021396837108e-01
1.133192432640422354e+00
1.036767817246752044e+00
1.096660153322526199e+00
1.331364883647810249e+00
1.286361217447901106e+00
1.381894569819154928e+00
1.459448361554051443e+00
1.550494359089465313e+00
1.481464551105757366e+00
1.757641976599480849e+00
1.594813367844681196e+00
1.791537725701689787e+00
1.897470451891951626e+00
1.942986311974102653e+00
2.301423934240905744e+00
2.344691531321903444e+00
2.962072344306732941e+00
3.151318359560939975e+00
3.923279954338194209e+00
4.248930693843234963e+00
5.081366943744403564e+00
5.641089688141744496e+00
6.102599770993369255e+00
6.645998222094317676e+00
6.955226602729358554e+00
7.243211241210295803e+00
7.239825393393515718e+00
7.280094265079135596e+00
7.149778937180022886e+00
6.609637379432812487e+00
6.589064835407810072e+00
5.976141437994252570e+00
5.897409648037659657e+00
5.318714568345599858e+00
4.863223833712289057e+00
4.617953173789294929e+00
3.969293168369366409e+00
3.506067685664006284e+00
3.251680836082458725e+00
2.602756594504482823e+00
2.502369249599842860e+00
2.326105694724596162e+00
1.721709192998409188e+00
1.947990442569780267e+00
1.441404160887158836e+00
9.010125379592345274e-01
1.374373864268129575e+00
1.321038301831544359e+00
8.836222927393720949e-01
1.392089835503585782e+00
1.278528133610455475e+00
8.168332200750879624e-01
9.917636800988324230e-01
1.596047597497314507e+00
2.071519796074535513e+00
2.326019716294780437e+00
2.488954190179466952e+00
2.503752703035339255e+00
2.275613533865148863e+00
2.019782070863018753e+00
2.497876297372871424e+00
3.541678057129697521e+00
3.944642430929747867e+00
3.656470920929866253e+00
4.188107033290529913e+00
4.410708853936229801e+00
3.617562878127426718e+00
2.870069157885628552e+00
3.403410462335824338e+00
4.539592739038142533e+00
5.238450347302264554e+00
5.160916341722598943e+00
4.590157888664510466e+00
4.294627762958798556e+00
4.655730026804017818e+00
5.062510972162028722e+00
4.876543784766268708e+00
4.067874278532374710e+00
3.652214472664019773e+00
4.662410183939325492e+00
5.507250079944298271e+00
5.193779116839220222e+00
4.274855435419236294e+00
3.622853160882183232e+00
3.495927474235266619e+00
3.473024511350278232e+00
3.084242232260605121e+00
2.169559565963798953e+00
1.234083422795976492e+00
5.184526459135958554e-01
5.150982309716839458e-01
1.434985158065578803e+00
2.041627641142790051e+00
1.905939966173507472e+00
1.313943325327268097e+00
1.090231521721760410e+00
1.047974247158198091e+00
6.032345285762757969e-01
8.486034038909420207e-01
1.479372816955469627e+00
1.849581086642995809e+00
2.332658249098164660e+00
2.918195878456070425e+00
3.254578992821152372e+00
3.320694807440458529e+00
3.190493252998544360e+00
3.027258156233370023e+00
2.793495822956304053e+00
2.201754669329437419e+00
1.339681432091854418e+00
8.078023843573992613e-01
1.126723570760380877e+00
1.557915770941236788e+00
1.825156651126661478e+00
1.990732681092218792e+00
2.072209561069374484e+00
2.128185889175598700e+00
2.154414784205490374e+00
1.939124236866285766e+00
1.522635275482598249e+00
1.138478462001725422e+00
9.413444185022395994e-01
9.343509345951371836e-01
9.027124089524567463e-01
7.073622509033600236e-01
4.750970614966218974e-01
2.517408513049797514e-01
4.387549989677268225e-02
6.726780723757656844e-02
1.670379847684853314e-01
2.326780958882759542e-01
2.575311243502826364e-01
2.858293247976285700e-01
2.886132212243883721e-01
2.288854380699787139e-01
1.808864069647558859e-01
1.936152803846274972e-01
1.817764065435286958e-01
1.787440557618113768e-01
1.602754315330557899e-01
1.286499057136423763e-01
8.923951773402090393e-02
1.313162370722515682e-01
1.406035697232471959e-01
1.528503437560913836e-01
1.086007488278730448e-01
1.267201357723460875e-01
1.245537126914793152e-01
1.589071342292644740e-01
1.332577810613537195e-01
1.587050155862233525e-01
1.160823897296264784e-01
9.584795559576310409e-02
9.226271046992844116e-02
5.953094484776877415e-02
4.957867960887869102e-02
5.421100993632020637e-02
9.439330409252015552e-02
5.607828769260291696e-02
6.755785451213584814e-02
6.016908149389640914e-02
6.360021579974982353e-02
7.047822367852787928e-02
7.644140946780726698e-02
5.142635635701065661e-02
6.880226195465441452e-02
4.365447214242013096e-02
5.817893407559149299e-02
5.631041556681101734e-02
5.996569910500067907e-02
5.622223314941830058e-02
5.943904175288736852e-02
5.181645855224197017e-02
2.759639702017039828e-02
5.019994881719998941e-02
3.314224546296797719e-02
6.409388082378783547e-02
7.303107304129707877e-02
8.889986491396185964e-02
1.247738242728621688e-01
1.377709049149672405e-01
1.441224644709859226e-01
1.236011022404796683e-01
1.106315900789946183e-01
1.023354382001776114e-01
1.010820790778308303e-01
7.207007344210555888e-02
1.223464593112648935e-01
1.094153710843284999e-01
1.060097585444971374e-01
1.312477218507879240e-01
1.066479575678303399e-01
1.158152013888121140e-01
1.036570101888603240e-01
8.346445116337883330e-02
9.851656304062757219e-02
1.047199657892354807e-01
1.002092986908475897e-01
8.233945619860169596e-02
9.606140704870318181e-02
6.655159553904947678e-02
6.354662332584523621e-02
5.405065093954358746e-02
4.463824806959876962e-02
5.918652107636244997e-02
3.937014699071212515e-02
4.645024704011578576e-02
4.258307642369937168e-02
1.307022767205614361e-02
1.883381853217400148e-02
2.113626036424149854e-02
4.088890085875399732e-02
5.431687082706378351e-03
5.509352051224342822e-02
5.011314942279732759e-02
3.381745701500989132e-02
2.792602758425940038e-02
4.533325950559292244e-02
6.468588131798547192e-02
6.705163428149446547e-02
9.109159546314184175e-02
8.303125410422000641e-02
7.635311840502666259e-02
7.747256852415330963e-02
6.223012004685288950e-02
6.006132511056790080e-02
5.838210473008993706e-02
5.898247396157026839e-02
4.550698058569793009e-02
1.021467267505827940e-02
3.779743507912957518e-02
2.691006148043824375e-02
6.246362116735149073e-02
7.258284668813215490e-02
6.308565957606358798e-02
