5.208601763205636392e-02
2.899006473038420739e-02
4.405100257804513142e-02
3.064839302809937646e-02
4.725785336635007078e-02
1.640408188238083251e-02
2.197410407853233466e-02
2.186148690188466359e-02
6.694165310137493996e-02
1.889375923851350017e-02
6.195252164304777126e-02
3.746139385512243375e-02
1.332503372961544447e-02
1.477854244921646479e-02
2.778641078386658372e-02
3.255199191063373743e-02
2.848603406617821951e-02
4.197135770029813973e-02
3.264685775816531660e-02
5.907537677550815658e-02
2.996684427150396457e-02
3.673138973566986848e-02
2.973814175483963790e-02
2.508883793041144158e-02
3.308471334475289460e-02
4.826432445245491115e-02
6.473481846371276216e-02
1.348055906546809062e-02
6.769201515958339632e-02
2.296968058405829752e-02
5.239198658265663971e-02
3.262133908392147313e-02
2.774343039611669448e-02
5.767930048087188850e-03
5.193603186192060489e-02
1.610339227605769863e-02
4.835210678839851894e-02
4.555765764697967263e-02
4.255197831834958005e-02
5.462304310837245991e-02
3.414233044268540074e-02
5.309644959920088725e-02
1.872428604373796088e-02
3.985517048104236792e-02
2.335933684278116915e-03
7.530515940201827629e-02
6.320001604534787598e-02
3.555124258204190452e-02
3.753852652202774309e-02
2.398993884063700330e-02
3.083643298545133207e-02
4.201979427250491367e-02
5.424719449778178659e-02
4.916861600524061703e-03
4.115649346130577368e-02
1.737205131249509524e-02
4.245111803954121354e-02
3.487278008428822129e-02
8.267884083810874557e-03
1.595068257598505207e-02
4.280238384321329720e-02
1.938763909099171928e-02
4.561438550401794578e-02
5.703784981472021648e-02
2.410854573936157749e-02
5.182887268661486024e-02
2.348411238452374414e-02
1.475748736910008699e-02
1.840426364407653920e-02
1.780422796219269591e-02
1.426310208457036433e-02
6.103823013953201676e-02
4.543902756763991413e-02
4.705933299226087996e-02
4.549833380898760798e-02
2.144791464969800915e-02
5.600802776330116028e-02
4.619165054468423598e-02
3.569316426195656700e-02
1.291809716730449656e-02
3.944374162476018547e-02
1.125735012162534625e-02
6.048847637250789888e-02
3.740930561958140388e-02
3.740730416204816194e-02
4.783537528635381508e-02
3.408202045660849860e-02
4.412100751405920868e-02
1.797509600696227394e-02
2.432673190493454471e-02
2.759074795265882563e-02
4.670384998943344357e-02
2.123478876985561772e-02
3.803382782386539873e-02
1.695124145485062822e-02
2.310181861345915466e-02
1.882975645440516238e-02
2.693053996731322938e-02
2.121389728577169342e-02
4.322753661330525077e-02
5.913010917557307705e-02
2.457594841850185147e-02
6.982230753931703560e-02
3.260025096207020551e-02
2.486591089275539887e-02
2.956430998850129166e-02
4.973217435584911805e-02
2.340954297372446063e-02
1.513276776142097324e-02
3.406721450432501075e-02
5.261736856094774428e-02
6.623491471916437279e-02
2.771392677842654181e-02
3.993643582182789670e-02
1.333222002737865543e-02
1.595041653055743330e-02
1.304106166927081721e-03
4.730397707621036840e-02
2.757808655104499601e-02
4.026244374662612396e-02
1.463524309824476739e-02
5.125112851897877658e-02
4.322922761331914054e-02
1.263961356267137397e-02
1.057507879811471832e-02
5.375796575803717947e-02
4.977972264054653789e-02
4.009593616018711920e-02
7.545433957533549674e-02
4.043707960213883262e-02
3.921483606966420787e-02
3.530756011466502226e-02
3.792737559046623769e-02
1.326589427986135661e-02
5.726063047516499402e-03
3.456187288467029578e-02
1.961022454049973773e-02
7.369306307492941299e-02
1.985986806131649629e-02
6.839273279057277166e-02
2.628057573691047408e-02
3.012348308989877717e-03
7.027455731603602512e-03
4.307025578999048449e-02
2.143124505039456160e-02
5.504538079533942418e-02
2.836378654616443507e-02
2.387277182716965318e-02
4.524216549220822642e-02
1.796252872506999554e-02
3.157204326970610569e-02
4.484320358063090262e-02
3.729551189890242119e-02
1.163729827814977656e-02
3.586504138306995104e-02
3.207440399351559057e-02
4.977775821100034054e-02
3.282021366619541913e-02
4.024245749060726546e-02
3.564922061604743064e-02
1.388988048114955277e-02
2.194165050095899655e-02
1.738462580625149342e-02
4.670125205610461960e-02
3.068137478210074265e-02
7.421682035848331527e-02
2.194417745149840338e-02
2.439381579684675450e-02
3.789633025913950737e-02
1.273766041845914541e-02
1.967073168788515888e-02
5.107292392865676878e-02
3.883851646380376971e-02
1.252613371635794351e-02
6.555484410093469216e-02
3.329802990361015180e-02
6.533490634561391064e-02
3.644735753676565243e-02
3.857810709190733628e-02
1.769963978090405982e-02
3.747091666383506325e-02
1.966266124595361653e-02
5.832827679589822761e-02
5.753375527498662267e-02
1.184621511176411207e-02
1.708208823715227226e-02
2.669809493458507807e-02
3.360634123158509623e-02
2.713791558196872525e-02
5.873427699132142271e-02
8.847862935539964682e-03
5.486669047893015516e-02
2.189660856443048295e-02
4.861810772744616649e-02
5.645422682640313661e-02
1.006327167282318816e-02
3.787936868923708067e-02
2.471772209319159780e-02
1.282554037620910366e-02
4.764627622154525566e-02
6.764992861248539380e-02
6.551622964543550066e-03
5.496956130093038490e-02
2.977836127491305385e-02
2.114173670006228023e-02
2.521926188422101561e-02
5.040939632152690794e-03
1.230109658780961616e-02
4.051145220700640842e-02
5.643108930907791976e-02
3.545703585992369261e-02
7.357627797944134296e-02
2.163303743077006278e-02
3.694917486242772081e-02
2.610714767159929076e-02
2.766277167738239937e-02
1.098155118192993204e-02
3.923141536404176760e-02
1.822153401957400665e-02
3.518451724831243160e-02
6.259311884406629223e-02
1.528766620020790244e-02
4.749752886848301187e-02
1.957157689263638520e-02
2.759831910454499035e-02
1.429370479018752908e-02
3.608661747912939033e-02
2.000895134628158031e-02
8.791967832659090820e-02
4.241449071839558521e-02
4.661764683458850117e-02
2.287300971147852510e-02
1.602660348775344565e-02
1.755712795595703798e-02
2.875128964669393730e-02
4.107632585260578839e-02
4.157460863132859952e-02
4.109094010036606903e-02
2.317069378520381431e-02
3.654688544436449082e-02
2.671709879693714984e-02
2.893476105532213905e-02
6.084665986710381669e-02
3.521610505630175247e-02
4.084855888478958197e-02
3.458526064755920726e-02
3.618801183313426206e-02
2.821880354082346651e-02
5.632218996205085731e-02
1.410033548898988534e-02
9.095465378826111946e-02
1.565408501928379492e-02
1.789911887892694509e-01
3.301086787869421113e-01
5.352763313060193706e-01
3.257992441665023193e+02
7.643941962688589822e-14
3.263455913886234612e+02
1.099112505178848176e+00
9.858955233251266437e-01
6.409264859337159281e-01
2.971273404484199299e-01
1.429607500370836184e-02
8.337473020695541914e-02
4.529540909158124955e-03
2.882431608108331628e-02
5.030501183691052369e-02
7.036192236410562795e-02
4.046303046456706937e-02
3.473806799641667581e-02
1.039550602533183266e-02
6.324669628816692070e-03
3.926584224968425463e-02
2.444398036715122666e-02
5.807816228629098659e-02
2.228624866982038127e-02
1.948702499361982393e-02
2.558194626333597926e-02
1.459369833880627167e-02
2.421666361845492207e-02
1.699778405324610386e-02
1.744777852573656599e-02
7.232861410764773735e-02
5.461772100762564419e-02
3.082812826637446046e-02
5.016664636693478341e-02
3.517868997009937493e-02
9.195709445705311028e-03
4.295051958160411854e-02
4.565873389846479558e-02
2.504969636076698550e-02
3.353781679450986569e-02
3.328773150456942886e-02
2.851706208224528971e-02
5.342588525820746170e-02
1.772494750531892344e-02
2.751176644972461172e-02
1.576560571195632574e-02
3.132312309613437956e-02
8.603443322421964676e-03
5.434072733880988826e-02
3.462921933542945779e-02
5.962355884089065583e-02
1.573814850846495111e-02
2.526543268933453476e-02
2.680115902953053228e-02
4.215769416957178273e-02
2.437711221664768182e-02
3.321073109076817104e-02
2.989091871836717026e-02
1.169005331341343122e-02
4.111871874161840412e-02
5.081639638431158235e-02
4.931320555318256804e-02
3.422888817114473625e-02
1.809002314804265127e-02
2.821204789690763548e-02
1.913512721042859993e-02
3.819601615104954717e-02
4.863746248857090532e-02
7.696214033354287221e-02
1.578774458119321447e-02
2.999670414784908964e-02
1.014985076982400335e-02
1.713760958516988633e-02
2.065894565939129304e-02
4.482201351199034678e-02
2.362157462538340413e-02
2.613381097522310056e-02
4.738030369944028902e-02
2.505140430657692985e-02
5.421072489744044320e-02
2.253637918607705529e-02
3.243204532801680778e-02
1.939030450418566948e-02
1.951521642624123865e-02
1.420962139639960972e-02
4.042394061453109810e-02
1.837408759080857643e-02
7.033351186652876674e-02
4.236562148550887530e-02
2.491583970360161313e-02
2.265880759379580722e-02
1.251276249748279647e-02
2.531492460968309474e-02
3.277812010367329998e-02
4.526807851122981868e-02
4.232970226071455788e-02
6.059965174952759714e-02
2.585144574491904379e-02
3.332581780446734754e-02
3.031981021642495000e-02
2.549610134705241130e-02
1.786575776464110685e-02
3.905415662843911284e-02
4.069002524510288710e-02
2.258822472651843619e-02
4.528926741927519206e-02
2.832267286957308380e-02
4.217936318465292933e-02
9.334756216030802231e-03
1.838108155346013586e-02
1.156248920825189014e-02
3.387611637432500628e-02
1.601114080894575770e-02
5.868018964053865749e-02
3.272827724925652521e-02
4.839532433757644247e-02
6.729418624094606061e-02
1.968695579881108229e-02
4.235143159154172721e-02
1.668961663721799799e-02
2.817318955784434836e-02
2.496685193645297243e-02
5.344657573163384690e-02
7.619292249819486877e-03
6.105185751700324681e-02
4.367600706636257102e-02
3.375855029038002386e-02
4.113149450606046892e-02
1.859168142093258966e-02
2.515597937818501301e-02
2.406225244290011167e-02
7.216066002441222371e-02
8.408815864920067898e-03
7.236475122865142218e-02
4.660775329286053620e-02
4.455138423060890120e-03
8.455329957144390798e-03
2.816305716234509746e-02
2.884044570279584163e-02
3.979078367286473239e-02
4.549219131082696960e-02
3.866562143216611958e-02
6.099429751768484231e-02
2.023647167335018010e-02
3.932620592013821165e-02
2.073765412122449345e-02
1.885061273219769754e-02
2.748795021202360411e-02
5.063636282021916069e-02
3.662667339790382642e-02
3.735099544511515102e-02
6.319179704987103185e-02
3.394660008594502232e-02
2.787253101510276873e-02
1.359471610485047874e-02
2.480040440284803083e-02
2.261622833932803046e-03
4.579429378461905009e-02
1.141545915383932776e-02
8.095725540001606768e-02
3.847974326412494095e-02
2.435585973098263954e-02
1.981296552908286268e-02
2.368344536464678587e-02
3.108119481226663885e-02
2.972965750789667225e-02
3.622101713435713077e-02
5.349741398659915714e-02
4.492610306098372697e-02
1.574460058962920059e-02
6.834708868036763751e-02
5.541595158226270135e-02
1.825500421233978293e-02
2.039432047044906215e-02
2.067652976437522189e-02
3.583840309893135401e-02
4.003912579414049822e-02
3.505985631110169337e-02
3.609397280586382206e-02
4.896082901553270444e-02
1.596235118931204830e-02
1.940780531194990707e-02
1.244307161889201402e-02
3.224848719356029209e-02
5.671838891255694473e-03
4.361414294188510621e-02
4.478513385063667002e-02
6.671795048262249561e-02
4.308649616057583231e-02
2.608870729688634801e-02
5.689050443779740396e-02
1.777646583329317923e-02
1.282159782738290926e-02
1.737800512635549050e-02
3.184776309889870288e-02
1.990107433341549784e-02
5.511102299536027593e-02
5.361960406447703609e-02
2.749505096633116097e-02
4.629004979648327495e-02
2.846035177247215400e-02
2.301060521286874688e-02
1.728383975456949592e-02
3.608384691859771454e-02
2.537393643123121365e-02
6.630854523881721252e-02
3.592974691006337040e-02
3.362729853342749653e-02
3.369241780166357808e-02
3.828606744715747773e-02
3.030788072658200868e-02
3.838069532384014160e-02
1.484328081859338268e-02
4.718544758807759892e-02
5.349853504319235231e-02
1.469885243458216202e-02
5.752039497190551687e-02
2.381536037269282868e-02
1.459096640860486731e-02
7.173740569731635632e-03
2.728157879367041488e-02
2.289536408249697591e-02
4.426805832962816406e-02
2.485358934629332273e-02
4.155852459233029539e-02
3.413341278967783193e-02
7.492521873645178153e-03
2.978352650556747444e-02
2.445371055608435568e-02
3.617400747746220974e-02
2.081244659836568520e-02
5.963940477918168448e-02
2.908806962064516485e-02
4.354420906715224249e-02
3.867070417901585788e-02
3.349544767366531561e-02
4.244101149808739842e-02
1.623569490135580440e-02
1.347546903207723704e-02
3.800310245826137717e-02
5.397312476857153013e-02
1.497916402627390807e-02
5.907043164966525178e-02
3.051124241422167871e-02
3.215079336759445183e-02
3.035884781907127392e-02
2.589595257215540972e-02
1.877705614637634884e-02
4.244444063267834022e-02
2.710736373692291395e-02
6.100592480820923175e-02
6.696030270804793905e-02
2.160108456979498853e-02
4.259193657302672020e-02
1.824697189372445627e-02
4.010785470560730009e-02
3.786384403519433423e-02
4.723830594503822949e-02
1.982906885072541203e-02
6.246167391201738750e-02
