4.589663224382346807e-02
4.784682613346748215e-02
6.994643708183902187e-02
2.111212312348937498e-02
3.618667064458352955e-02
4.541188037456749677e-02
1.574320261129225421e-02
3.378629555010174979e-02
4.844313754795817606e-02
3.895346624449223111e-02
1.744682579961146299e-02
3.996010706285690883e-02
2.931985282958496711e-02
5.388410975804021341e-02
2.859314655334304831e-02
6.859497818702726957e-02
2.364294533486442640e-02
4.156867481020539573e-02
3.207368520882484392e-02
2.300326096630909631e-02
6.390053285500094105e-02
1.027186957016405430e-02
8.542060383157780434e-03
7.481370082555161005e-02
1.770015993768725079e-02
6.030711044320440778e-02
1.501155908518496049e-02
7.437088086186765742e-03
6.292550570703300816e-02
2.325502318767640880e-02
3.074674608367196360e-02
6.034667297918461237e-02
3.407021207192043044e-02
5.216585474760417063e-02
5.458890111631128916e-02
5.370346694041150393e-02
2.894855223330482924e-02
3.220204735974114413e-02
4.142584262202825968e-02
4.547201610712196113e-02
6.674978890458671543e-02
2.548343965258580840e-02
2.466688228756308554e-02
5.504038603501706928e-02
3.637113614760107555e-02
2.274668164157451350e-02
5.618540049859304525e-02
1.636365715982302307e-02
3.417875756481544153e-02
4.450762230470196174e-02
1.273501357123275890e-02
6.606770993219945876e-02
8.669277510747714494e-03
4.347177010800904601e-02
4.809774915731932637e-02
3.991886008986725298e-02
2.537496465331536000e-02
3.844193552939684927e-02
2.356716365660463733e-02
4.715478168712716744e-02
2.241501294683200668e-02
5.507550928145922564e-02
2.010697725800213165e-02
2.493438737269066535e-02
6.339323309721918431e-02
3.104790340584010974e-02
6.681614708409221171e-02
1.976081309177765352e-02
1.649383373900338914e-02
6.552136699650033813e-02
2.948280326352410718e-02
4.234267240866413512e-02
4.786443815663575518e-02
3.643090002259789795e-02
5.784856827461511142e-02
5.266934023093115119e-02
3.397827150600084278e-02
6.357612390345293574e-02
1.764936121062265703e-02
4.184070586012057086e-02
5.503750464845906520e-02
3.058549215754602368e-02
4.848985053272276274e-02
4.594658687686839493e-02
2.036636231613669565e-02
6.197650154745812379e-02
1.403816544210715819e-02
3.178513280705672073e-02
4.130041373596483878e-02
3.424144064684533917e-02
5.473528309970604466e-02
3.915191732342451075e-02
7.094540644993845013e-02
3.488675697945484849e-02
3.888559196261207052e-02
5.977140859173254300e-02
1.455377022550375168e-02
5.453784610528381732e-02
2.577540441936825716e-02
2.646345202535269059e-02
8.279016712596037886e-02
4.051441411969560619e-02
1.939533245616591878e-02
4.179298746731286568e-02
1.323701447009569508e-02
6.721900880368240905e-02
5.504643697002360031e-02
1.611009816176389720e-02
4.020868616872964180e-02
4.158607462887404377e-02
2.282368004485508389e-02
4.504023393395108210e-02
6.508346870607654988e-02
2.854732683921038655e-02
5.234060096937543510e-02
5.429873550457150339e-02
5.102286162235665501e-02
2.337850835319812623e-02
6.060925221889242737e-02
4.407511762147257872e-02
4.726829272942171395e-02
5.510767171930226749e-02
3.109523499647027026e-02
8.895373988893642836e-02
3.063130822403563672e-02
4.420487695898101671e-02
1.090473482143185791e-01
5.600686786550893546e-03
2.811950762913119004e-02
4.592088533638159081e-02
2.767527851815860043e-02
7.207446705705596035e-02
2.342012293912813792e-02
1.051262954723412163e-02
3.198570859555525253e-03
2.203041030042886261e-02
9.324436697484156378e-02
7.507062400070874109e-02
6.560163630401123769e-02
7.161720207325890375e-02
6.306973134885861254e-02
1.015662269355699088e-01
5.643355539374822483e-02
1.123910058046538457e-01
9.999905398227870723e-02
1.637289955956200138e-01
5.029648497760288994e-02
6.859080790300503550e-02
9.250383281488062936e-02
7.209731929315538190e-02
9.575223405749876127e-02
1.408797677337508547e-01
1.976471826833476886e-01
1.361825543044636044e-01
1.771791431047077259e-01
1.674922617589987006e-01
9.026589542187717086e-02
4.417594415651763390e-02
1.983032563329749365e-02
6.283051709097370319e-02
8.994999044103553498e-02
8.124257787855607149e-02
1.153400050388306564e-01
1.001457637467856876e-01
1.369332051032783604e-01
1.807742707620021982e-01
1.761658613679145391e-01
1.066631801325256534e-01
1.131703770445793150e-01
2.871267649984950848e-02
7.880987915558677892e-02
1.322485392392241943e-01
9.848412450909389826e-02
9.948251906210089923e-02
5.308128631557815225e-02
2.101429285418436876e-01
2.658043619862812679e-01
3.484999498706315979e-01
3.214119324498851404e-01
3.623242234681567919e-01
2.344618808636175500e-01
1.814448561840249774e-01
1.607556892497324919e-01
7.565044780049220985e-02
7.439090000340679854e-02
3.373376559259890634e-02
1.615037554781768026e-01
1.396781409928775086e-01
3.391389925473003442e-01
4.707185451497435946e-01
6.369249912955589066e-01
8.395001664490021609e-01
1.054580277824766155e+00
1.298795407468625873e+00
1.494613346184104019e+00
1.729551034170941692e+00
1.883605728088278974e+00
2.056406631130272000e+00
2.236919556767566153e+00
2.329316528468747372e+00
2.543158514201464548e+00
2.632161134209414666e+00
2.846945529849165268e+00
2.884991257624400784e+00
2.956274805401406081e+00
2.837927459827422449e+00
2.738526400161366503e+00
2.599502915834144279e+00
2.549017416908084144e+00
2.630258925815643245e+00
2.788811641832093180e+00
2.849858958463293845e+00
3.109476167580433881e+00
3.414400012376555882e+00
4.012977365848611200e+00
4.684915091787318353e+00
5.391959357181955070e+00
5.809313271711619819e+00
5.925249926038071102e+00
5.483654279674547993e+00
4.888174063584885154e+00
4.335501281482692093e+00
4.202019494372430053e+00
4.214896578247828707e+00
4.116011936984276254e+00
3.775096447959982449e+00
3.512391929987261907e+00
3.570961368983594841e+00
3.793360289666416474e+00
3.817154588123078618e+00
3.514794605283400042e+00
3.435082037447350967e+00
3.619037597009588492e+00
3.948913300130166615e+00
3.859436411149842261e+00
3.605667178289697183e+00
3.590445452022609452e+00
3.853644653095178452e+00
4.015770868789533488e+00
3.644594663887911423e+00
3.471297533481781716e+00
3.878678521740113627e+00
4.182884037163886681e+00
3.974785736342742570e+00
3.584498146073086033e+00
4.045535098023675502e+00
4.739850858934025801e+00
4.215982380900829440e+00
4.210514691369434459e+00
4.664307213961933485e+00
5.812199778952003903e+00
5.641167786548253460e+00
6.050086839323741472e+00
8.240115926785275491e+00
7.353242971928908744e+00
2.487578220843552401e+01
2.088792056718155621e+01
5.488831360910608481e+01
2.300944460530496016e+01
7.929570239789692110e+00
4.706997301187111127e+00
2.658067276243635479e+00
7.945546488065931001e-01
5.713223085225386244e-01
6.663437385709433114e-01
8.066566850941708777e-01
1.071652545810189761e+00
8.309458043507405023e-01
5.195310308134326593e-01
9.666957440326706674e-01
1.065404633920555622e+00
6.476310742392091813e-01
5.314220896483997647e-01
8.421268835657802487e-01
1.019733020005888502e+00
7.709253186089245480e-01
5.203568557942648276e-01
7.536988849126140533e-01
8.716535407646670564e-01
8.004567871844029403e-01
5.647371300780203995e-01
5.840092218936041579e-01
7.929420449839799101e-01
8.142386029714960838e-01
6.841617271733998473e-01
5.461153066859512073e-01
6.666101645523405672e-01
8.274893359337988086e-01
8.786179659586594859e-01
7.311116081365194308e-01
6.900850732124237386e-01
8.286902805182932985e-01
1.111474464718825050e+00
1.232207349471133639e+00
1.237911859037577056e+00
1.257734665755798842e+00
1.167307910056278653e+00
1.149642486528299035e+00
9.741710281255455683e-01
8.053283262014738764e-01
6.455550079773383354e-01
5.460523754901159821e-01
5.062663874722069801e-01
5.801230137387185515e-01
6.071512750113753354e-01
6.915039461825380762e-01
6.519972870884980232e-01
6.260435465169984504e-01
6.128416039563134854e-01
7.434968903948337982e-01
6.858819639218943776e-01
6.620663659105769927e-01
7.071545926295789153e-01
6.386583520771885736e-01
5.337422398941448209e-01
4.745825359620954309e-01
5.062470185918880317e-01
3.579157146123569944e-01
3.120244105317647176e-01
2.993414981016303544e-01
2.396025865058591109e-01
1.800638437637360201e-01
1.612222859244188677e-01
1.943246831932955165e-01
1.428766696847003081e-01
1.294748492900059111e-01
1.400700547376516614e-01
4.034040024735175561e-02
7.160144299329322670e-02
2.127229261481185588e-02
3.668938875250864901e-02
3.857690944900461077e-02
5.833203991091064078e-02
1.276439395700642021e-01
1.412410306779603997e-01
1.572565501855060499e-01
1.617819075626347192e-01
1.334938550399295820e-01
9.035069214543903215e-02
6.735302251856917222e-02
6.000281185136210893e-02
8.932339881555927119e-02
5.499979942213376743e-02
1.081570946828353946e-01
7.117379042088808894e-02
5.659607134771325876e-02
1.413459993713531704e-01
7.798213351583054009e-02
1.081044969064527822e-01
9.411179669624424038e-02
3.944380351927357503e-02
8.106138615611380160e-02
6.687725056582323468e-02
3.195670083138952428e-02
6.492855266643980661e-02
4.107360073026356667e-02
5.003137584509917413e-02
1.483481599742709767e-01
9.635132723845969693e-02
1.084853068481410054e-01
1.049032930909305356e-01
4.648969994235430114e-02
8.779293906883074705e-02
2.473725791706566507e-02
6.318741236338354383e-02
3.590517119680303182e-02
1.008774253255824843e-01
6.416797510672196669e-02
8.279959898660889384e-02
9.567738610920747955e-02
5.357707995081867347e-02
5.060535949930277527e-02
8.157444935233151839e-02
5.701557311151802393e-02
7.218749699286022836e-02
4.581928996518807445e-02
4.817098279872637778e-02
5.547417037981187266e-02
1.655240278447071833e-02
2.960775868801808486e-02
8.534095318710901990e-02
1.216757784174914148e-02
5.081086063481448506e-02
9.097661308516473422e-02
2.857042991474404228e-02
6.791755453768513751e-02
4.169797396265451789e-02
2.340924488480078738e-02
8.831694814845163222e-02
4.884926474097082971e-02
2.949780195126066804e-02
5.195352345490208273e-02
5.114337503206532742e-02
4.017639370965690737e-02
5.084048435907118080e-02
6.526205723423743332e-02
3.493364717139344627e-02
3.811925077226607089e-02
7.838119318027211846e-02
1.430452581831258979e-02
6.561708967270332704e-02
1.856691451171224236e-02
2.600680942529099565e-02
1.052827977054327235e-01
2.227724679093759375e-02
3.493502173565214697e-02
4.208716896736614671e-02
1.954541134994512708e-02
5.607081927547467176e-02
5.180390856189638626e-02
4.132950318075861301e-02
5.721111240687084404e-02
2.078118871536074538e-02
3.994388653585143056e-02
7.031392944769154774e-02
5.630160434166504857e-02
2.812643522154483627e-02
6.727182396752337534e-02
4.684284419855233583e-02
7.805634209750011987e-02
3.295414016060356499e-02
5.701273589384804608e-02
3.969573054685123642e-02
6.668823984524814563e-02
2.871873804734531577e-02
2.912324284781076661e-02
7.511665552916205191e-02
1.935798623947651217e-02
2.465401133432057121e-02
8.832652792182385526e-02
7.394896641046698124e-03
3.884337679001927113e-02
5.121876131275495542e-02
1.864902767527680874e-02
8.471681306129953681e-02
2.252785280644080748e-02
3.942613373857397491e-02
5.627853501821287324e-02
1.448087192534459021e-02
6.129975505978295380e-02
5.761357490666461911e-02
4.622520556774465522e-02
3.994008534161143376e-02
4.490093697993787630e-02
4.762248348152479244e-02
4.800115497103817769e-02
5.099022821201612543e-02
2.787517330523744605e-02
4.370366962364538588e-02
7.567087821923755564e-02
2.279910895861949477e-02
1.911130921622453474e-02
4.914827011602414947e-02
4.032404231820618107e-02
2.453927366023733042e-02
7.795726434144821526e-02
1.090452649087245152e-02
4.016358291269655351e-02
3.704600652162889918e-02
6.273379869301988834e-03
7.979722984209390579e-02
1.067608216372777953e-02
2.393772894156916825e-02
4.915546881943311935e-02
3.007976096023524601e-02
3.542030788667988039e-02
4.325926509896630551e-02
5.246789435606524082e-02
7.135875255434534492e-02
4.481166452816312540e-02
3.627897574526205843e-02
3.150363221503103134e-02
5.122805393019028153e-02
2.426710484598901610e-02
3.945435549191734365e-02
9.117974434911021997e-02
1.079742439072061203e-02
7.429925213195284761e-03
5.881164544431185387e-02
2.713601027340417637e-02
4.704299206453795706e-02
6.804259232167321481e-02
4.471068915276464606e-02
6.458133574432910196e-02
2.217969562627791075e-02
3.183867703863874077e-02
5.711183395998472440e-02
1.124235279259436053e-02
3.786603554303084179e-02
6.415492868090641454e-02
2.067936752870299169e-02
4.634025314033587278e-02
2.834770944681892779e-02
4.012822463676228579e-02
6.540365365131678432e-02
5.256482562841098549e-02
3.154814273777943601e-02
5.081602936887890526e-02
6.118978090905855677e-02
6.810390462244245158e-02
1.608460763899809826e-02
7.173446708531490412e-02
1.715703691700616942e-02
3.008542484548986859e-02
3.915859365457385194e-02
1.532262492702011732e-03
8.808817823211163855e-02
1.423814550827416821e-02
4.865940050913120964e-03
5.105396524887841764e-02
1.527929774171367903e-02
4.447583134945946870e-02
