1.180794125695531875e-02
1.335454264779208783e-02
4.029075755783961474e-03
1.363668765417718788e-02
1.417823318332510005e-02
2.147335583208135820e-02
1.809866168669251388e-02
1.740747259205044015e-02
2.149860719895567776e-02
1.770748842144124341e-02
2.452756676665275928e-02
4.696696842814401807e-02
3.904419154128307978e-02
3.226976776448742951e-02
1.404762540835755025e-02
1.343655160244046354e-02
1.075913484747229726e-02
5.141631347061957971e-03
6.928070432151373428e-03
2.011691660980232527e-02
2.060469691802802733e-02
7.966150064228906882e-03
1.592644730793396635e-02
1.209076663632087378e-02
1.901389953419276718e-02
1.048124969716841826e-02
1.780216851769578917e-02
7.166085924132936831e-03
1.176492975314718907e-02
2.627072384786258152e-02
3.806684018019754201e-02
3.501308508505059786e-02
1.269167350535033850e-02
2.629285396585575099e-02
3.283405070396766545e-02
1.497087159171183769e-02
7.937059493142394756e-03
6.876519964938755843e-03
1.850736329595112362e-02
1.583759352167789236e-02
4.039915407164638636e-03
1.039498500933009294e-02
1.747275149373785780e-02
1.022426276838438002e-02
4.611568265470304510e-03
1.408781582682773481e-02
1.584425360860482537e-02
8.460461651013080966e-03
1.394321220829968823e-02
1.162386086181194447e-02
3.413956080686906397e-02
3.586614724566754980e-02
1.776209708078633695e-02
1.439467375358844531e-02
1.920846012528603861e-02
2.115961959425419897e-02
1.513550730205510779e-02
1.529295540159191814e-02
2.673323391985589839e-02
4.501387738597822236e-02
7.586709639556617202e-02
1.643821798892419750e-01
2.124039511636826028e-01
7.909270152658538777e-02
6.811483590560583889e-02
4.591920992100916032e-02
2.968863986950334016e-02
1.596385004944547714e-02
2.473025713771518849e-02
2.677309683180340363e-02
1.485750816529705920e-02
1.716030270662192297e-02
2.611985700215506065e-02
2.201203102359631028e-02
1.852609468283530555e-02
2.389476438488871354e-02
1.504077245134910305e-02
2.414823261886670305e-03
1.071359711970744366e-02
1.212659171333382857e-02
1.625067644670702069e-02
2.797457934810586994e-02
2.182367749823205944e-02
3.647940825667304182e-02
3.981663199437594780e-02
1.627296565991762436e-02
8.603869569898491346e-03
1.042007803997660464e-02
1.043285634733713725e-02
5.633071598546364293e-03
5.973582083311359398e-03
1.591136051038942456e-02
1.099796275381404939e-02
1.315197398366273543e-02
3.229637809259857089e-03
1.990154849312094146e-02
1.301664249553486329e-02
8.553638459833739355e-03
2.527295196021188579e-03
2.878747171946206135e-02
2.647142783826971976e-02
6.893671546526571048e-03
1.236200282786840444e-02
1.321861281864998745e-02
1.693602336636179997e-02
1.468388217146631217e-02
1.141842722652133303e-02
1.522198531955733236e-02
1.244340939954517375e-02
6.309628144468375048e-03
3.752303902230280652e-02
6.217112392994347814e-02
3.702210297748361606e-02
2.117352809946742090e-02
1.963046561122403638e-02
2.783322531859921262e-02
2.837661291765220667e-02
7.228540851926714382e-03
1.709081504493678572e-02
2.914265856305298108e-02
1.811431379558080257e-02
1.333382898208580053e-02
4.679962510280450544e-02
4.509392297368688268e-02
2.320432489955226441e-02
1.791709722251277545e-02
7.811170682520052720e-03
9.349415812045335297e-03
2.946813126820350265e-02
3.843518619672705444e-02
5.336382635487697812e-02
6.619829774122255699e-03
6.221474220936400873e-02
8.954309680633998347e-02
9.588847184590093553e-02
4.737215189109762054e-02
3.761610586638219206e-02
1.985962204161073261e-02
2.425274636766368633e-02
4.706820522984954402e-03
6.258973172555072802e-03
1.247022010940230380e-02
2.198014735178335441e-02
2.963623104084765064e-02
4.500522926722751865e-02
3.463071809182803606e-02
2.017426559833831665e-02
1.503170329090363321e-02
2.957806544227455786e-02
3.639815003785612513e-02
2.928358307845365174e-02
1.738022307046052303e-02
9.440647242397265382e-03
4.360260759281460972e-03
1.408654414784821923e-02
2.185420983156750527e-02
2.005542689306364507e-02
1.309459967677857953e-02
7.038781190698028579e-04
1.574561620184134619e-02
6.120411935390184660e-03
2.986418936105191338e-02
1.682014460923940413e-02
1.762875500926320421e-02
2.511278025330346622e-02
3.443612125454915962e-02
2.386242438106843042e-02
1.256835184907506217e-02
2.816428954134223700e-02
8.508823801081413438e-03
1.209268747655654203e-02
2.266473912943231875e-02
1.903268841380683501e-02
8.743610186994335565e-03
1.601797680079687994e-02
3.275070201238807627e-02
3.482259714291713326e-02
2.065499689057674615e-02
5.473122367759962643e-03
1.972778569093024473e-02
1.832220626003992422e-02
2.294731584470747696e-02
9.154803969472284988e-03
7.465552301081672913e-03
1.577511056735821093e-02
1.945867476220824316e-02
2.238102369870520122e-02
9.140414800797183256e-03
1.584515585197006707e-02
2.216101365803573725e-02
1.309354026695228046e-02
1.580180229815866463e-02
3.521841197263040485e-02
2.815282946283156895e-02
1.021928880860149651e-02
2.521360056089088503e-02
1.609331947244588626e-02
1.337705091817833689e-02
1.494952770019485760e-02
3.905534427895623190e-02
4.627972706744836601e-02
5.603324293871510264e-02
7.367328690280944281e-02
8.385029964658351209e-02
1.156024443247586214e-01
1.229903176522708641e-01
1.271091368423155066e-01
1.751197512970206482e-01
2.580046257054505743e-01
3.123911938259005816e-01
3.906730543578780801e-01
4.614883433373154209e-01
4.882800484285567677e-01
4.655332828401426148e-01
4.094494538682600937e-01
3.736795376043176020e-01
2.765415146905347288e-01
1.960272161560745185e-01
1.847695090178463895e-01
2.566096437819881393e-01
3.535092479839545554e-01
4.296210458043641101e-01
4.096952110569264671e-01
3.278979868594568692e-01
2.820206795439553216e-01
3.588397099784292887e-01
4.700235523043628794e-01
5.567114725834571010e-01
5.539517133046091280e-01
4.643428177459575923e-01
3.797044150557630782e-01
3.844132193017382737e-01
4.050297941502960519e-01
3.666472172036441268e-01
2.875752843490659849e-01
1.708657627690022829e-01
7.162357455818928187e-02
2.832049334112074490e-01
5.106757541417159540e-01
7.328525445097625601e-01
8.069122183861744402e-01
7.541939513691811037e-01
6.329522341289582910e-01
5.372588296272031716e-01
4.873824592926476740e-01
4.991872828852988997e-01
5.517157771052939585e-01
5.196100317151394199e-01
4.405999215703519378e-01
3.870849897460542088e-01
2.420992603679570920e-01
3.514220188071505158e-01
1.390615056474405753e+00
2.319844928944974072e+00
2.282801922699443153e+00
3.266853553259214777e+02
4.465747913370471190e-14
3.253487249237228980e+02
2.861487008197534099e+00
3.319206991548003582e+00
2.902947661100876875e+00
1.533613517657506753e+00
5.638781677680129167e-01
1.525778425504319136e-01
1.223581078205217831e-01
6.734509385007504678e-02
6.993376288326982881e-02
1.189391311517389443e-01
1.000193982594956565e-01
4.324978620074981794e-02
5.615648780708764470e-02
1.565439900310112431e-01
1.437681020420819855e-01
1.714170668498770089e-01
9.444673610024878485e-02
4.609788786473610622e-02
4.741950429234452480e-02
3.993024861071003961e-02
4.447964277388345711e-02
5.449959624194686270e-02
4.498583372494412147e-02
6.256002813567762555e-02
5.742208321234944929e-02
7.144149392978928204e-02
9.748120912727878395e-02
7.700132932159073351e-02
9.274321928306993035e-02
7.384272470800304355e-02
2.370774708203137252e-02
4.130191016112295943e-02
9.134125153513636408e-02
7.907912841089290157e-02
7.156233073567482006e-02
5.223484474965162799e-02
1.752207330088688744e-02
1.788258819226214505e-02
6.610088189453923457e-02
7.118688430407388301e-02
1.035150799819796602e-01
1.240015839083194460e-01
9.831937631928426569e-02
7.484753232067412054e-02
8.252325625058992697e-02
6.448353403187455368e-02
8.203558100988032897e-02
7.704137977663280679e-02
2.530772934419515952e-02
3.083485330061542032e-02
2.121547826868708936e-02
1.523249609653972228e-02
1.791853742871531846e-02
2.600335767720154262e-02
9.096514264128698068e-03
6.709310854081386791e-03
8.524765362353876191e-03
1.227050833974024230e-02
1.089092946197354160e-02
9.404454299234003486e-03
2.383706642487227328e-02
2.271220391319976953e-02
1.253274118944791571e-02
2.474070615761570294e-02
4.198894175347358919e-03
2.204042166970236402e-02
2.277931353207021670e-02
2.384690425381585585e-02
3.058790325066391633e-02
4.410714262148011933e-02
5.816190511289996007e-02
3.299418623432843339e-02
1.374089990313159121e-02
1.403709626502086701e-02
2.111558044281819715e-02
6.627096739903466475e-03
1.546438168415193402e-02
3.393324707395196926e-02
1.900314923617193313e-02
1.077569341249035376e-02
8.253274393068740430e-03
6.266233478463482769e-03
1.570777444475459847e-02
1.177415751191535249e-02
1.220887012927354166e-02
1.792939366449350716e-02
1.987781175958894947e-02
2.487099023247718935e-02
2.060104272607131762e-02
2.030317679046460266e-02
1.137839402612395891e-02
1.221065057541202009e-02
1.981734765356237341e-02
1.792047905638945171e-02
1.345469765980962865e-02
1.265706877291803388e-02
1.100214126330783908e-02
3.306574428264694859e-02
4.384444065075679409e-02
1.800116157167408124e-02
1.158725323346072693e-02
5.015084678570774605e-03
1.887193546943609704e-02
7.527733963911096768e-03
2.391611973028651486e-02
3.849587157431745565e-02
2.189222093113530818e-02
2.900096662212361346e-03
7.634614464570906554e-03
2.170263081292262558e-02
4.126505825400632321e-02
2.719366077252712705e-02
2.294566791725935473e-02
1.995759510874528866e-02
1.137269755851950774e-02
1.904351766796506806e-02
2.334290228776333964e-02
5.865855252374740925e-02
2.307984757453364691e-02
3.738873238002600463e-02
8.229280415548954897e-02
1.031963917002705206e-01
7.594544169127290245e-02
9.906562100767370843e-03
3.549283236413201814e-02
4.505116533463080636e-02
4.299593590376817737e-02
1.822685053255324039e-02
2.660776953318473928e-02
2.529672166580294521e-02
4.397439733800561495e-03
1.638983569217280362e-02
1.214959132841391190e-02
9.938785343454950572e-03
2.365405072448359403e-02
1.550931734058002588e-02
7.525977716627461032e-03
1.883471554135539294e-02
4.862639888397219529e-02
4.911949814184277119e-02
9.003964160630702901e-03
4.310196995582563084e-02
5.816223550140563192e-02
4.759623396089512903e-02
1.484716716990404188e-02
5.252840641215252709e-03
8.598872693938084538e-03
8.083352971265399950e-03
1.276828820070802575e-02
2.200785180460518298e-02
1.283884799268472307e-02
2.056881697677227436e-02
1.368340095895248694e-02
2.263453569559291736e-02
1.793783799979960583e-02
7.049096142528616868e-03
1.800946330332347384e-02
5.732098885117078296e-03
1.470884157455295237e-02
3.072478184154207176e-02
3.292430756717120571e-02
2.726536682341720169e-02
1.820095426890252707e-02
1.158663380650569799e-02
1.721137591595137822e-02
1.850446808201392651e-02
1.258479080294801732e-02
9.510240035370220307e-03
1.064547926781438808e-02
2.820247882593900426e-02
3.676731358126353322e-02
2.455454558444335189e-02
1.801908771384534355e-02
4.232497787370321368e-02
2.821405860644341651e-02
1.001932986183886112e-02
2.065421158250464392e-02
2.744184110510334770e-02
1.738060860018851225e-02
1.558055209491075212e-02
1.953624646438275464e-02
8.921403657624229003e-03
7.185331760500144292e-03
7.665318966551552295e-03
2.951575530509798970e-03
6.664124054224544562e-03
2.220448548946575215e-02
2.938339378859683090e-02
1.940726880178395702e-02
1.459115956420151128e-02
8.766392148247658528e-03
1.220507500650510301e-02
4.071987909282472062e-02
3.747702365371363004e-02
2.033685045287153201e-02
2.722809572592353733e-02
1.174670438518293954e-02
1.080235944952669461e-02
1.933273285293105048e-02
2.003451248153840722e-02
8.645895140532112652e-03
4.200250480465311624e-03
5.905349509415040374e-03
7.732542238575583135e-03
1.237684106494587807e-02
8.162078867961905168e-03
1.178923878122181863e-02
6.839830152120474072e-03
1.423620580971077937e-02
1.999348533853278695e-02
1.016031447252351179e-02
1.025365882701784019e-02
1.838441242460849001e-02
1.806572207850556250e-02
1.546712294009470329e-02
8.054213549357236088e-03
1.188953593168393282e-02
1.767189465363337361e-02
1.566618074704197172e-02
3.318135109618049888e-02
8.239218685161829592e-03
2.516833075251370677e-02
1.618889909929391996e-02
6.155359695005009277e-03
1.911215512827510454e-02
2.989193997575363346e-02
1.797147616656654887e-02
4.158397636112372286e-03
2.600218397346517121e-02
2.392757175398026182e-02
1.876362699829685647e-03
7.251120898541430285e-03
2.774235089495227444e-02
2.237322081018451939e-02
2.547381892122665970e-02
2.111120278764362646e-02
7.011583860547156155e-03
1.954560350525074569e-02
1.374150701686570678e-02
6.292511795049044593e-03
1.114887321948446371e-02
9.871569020322951832e-03
9.961626486602733269e-03
1.364379444569635211e-02
5.436937526050895746e-03
1.266080873144647886e-02
9.379503665036661997e-03
1.888424414527409279e-02
3.028036738838428554e-02
3.044980338076798410e-02
1.915671142755903666e-02
8.785171951650119423e-03
1.199843628553939369e-02
8.019674996535441913e-03
