1.040893172056110844e-01
1.193725193102044696e-01
1.302743783479585471e-01
1.228146441352073598e-01
1.568862112439760315e-01
1.757671658018489236e-01
1.475740713113312952e-01
2.004284050937860662e-01
1.690647068666816244e-01
1.945466728524912481e-01
2.159900844421959731e-01
1.610752368688452285e-01
2.123157607916085210e-01
1.868119184702443647e-01
1.305983389128476668e-01
2.058539149590876416e-01
1.541538927897732614e-01
1.112045541682679106e-01
2.000250544509127870e-01
2.372628662656545984e-01
8.866020768341616176e-02
2.251308190333573822e-01
3.000283293173751642e-01
1.307346813000424268e-01
1.912826623194977538e-01
3.140521585920744707e-01
1.873052046628563561e-01
8.747911307645406254e-02
2.143980097895909764e-01
1.806433751037389290e-01
3.949638693716232829e-02
1.438738113177663314e-01
1.709316684146364451e-01
9.530918735701812694e-02
5.784821699666431449e-02
7.790357892538964102e-02
1.051679738447688500e-01
7.487480176567604118e-02
5.014082823115229709e-02
7.512492553946160945e-02
3.772904895325371322e-02
1.485056484816434964e-02
2.561477281633265865e-02
5.171669291929299056e-02
6.873783574052916290e-02
1.401028798786648627e-02
4.508480581474479110e-02
6.683530511663117457e-02
3.269964130855589068e-02
7.363993666324845921e-02
7.003112236435085625e-02
5.796066924750044314e-02
9.421221352240000124e-02
1.694611366187560586e-01
1.355260379830214856e-01
1.284519713687461706e-01
2.720153861343551638e-01
2.348446661835223714e-01
2.550077760995481807e-02
1.871893983775806403e-01
2.381494397024215837e-01
1.789093599005112112e-01
1.467036547697919968e-01
2.690655988798116849e-01
2.954275680038546681e-01
2.839789922204895567e-01
3.802080143779493770e-01
3.248828032283322398e-01
2.443290028042015560e-01
4.438493987009833885e-01
3.672512387286162028e-01
1.000648591396935960e-01
3.581205139692854589e-01
3.694979890694302660e-01
3.512346416937515980e-02
4.508416138726882294e-01
6.351656867166456388e-01
4.012443980521159248e-01
6.689326343814134823e-01
9.268107588935473595e-01
7.889199347692463782e-01
8.951587581484163891e-01
1.103431790956248992e+00
1.236155685210158950e+00
1.207520734870349610e+00
1.343741499239173631e+00
1.582778083476631403e+00
1.490904450460741382e+00
1.318434917555184160e+00
1.492637356414770577e+00
1.236019599741235098e+00
9.688568561108681365e-01
6.892895895469094425e-01
5.478498195736595244e-01
2.594798688244246976e-01
1.915362547867454635e-01
2.608676925339906139e-01
7.306699224218344835e-01
6.321359772974516344e-01
1.149897591219829485e+00
7.158266988529445873e-01
1.368649681186450140e+00
1.399475727628273658e+00
6.468414552068654233e-01
1.958970256941622079e+00
4.707522726321232698e-01
2.114966517473811702e+00
1.805042518075107960e+00
1.513742247496987270e+00
2.208041066826484933e+00
1.527092200648937137e+00
1.474253834515634187e+00
2.519620005340951874e+00
1.368081831596863029e+00
2.159969015095279499e+00
2.306633885284225194e+00
8.713962995314022963e-01
1.721407626165065041e+00
1.589431828615684106e+00
1.484351887162826733e+00
2.527462055460496071e+00
3.469900738547871732e+00
3.229976855590301899e+00
4.019013260071715443e+00
4.054529536405500956e+00
3.653858191585273918e+00
3.594357961347160568e+00
2.848393352906052112e+00
1.686616180307560997e+00
2.255100135998377109e+00
8.390358844901111279e-01
2.061998572850919587e+00
1.399745242412543389e+00
1.658998573245544339e+00
2.522136117813727374e+00
2.158295640674847693e+00
1.595049742778603230e+00
2.913888160799389837e+00
2.226821920503968766e+00
1.840476157022713499e+00
2.267812559757704349e+00
2.720673800236688145e+00
2.203878330588993961e+00
2.410531813709370752e+00
3.780207394822967970e+00
3.303794209083688038e+00
2.288599114597727358e+00
2.293840627274215560e+00
3.306993224490866190e+00
3.194786738301420126e+00
2.310765602304481803e+00
2.969046996763401225e+00
4.529093027239949443e+00
4.985628559811207339e+00
3.754957178689764419e+00
3.570469052094428886e+00
3.597618339328614745e+00
2.733658634656994657e+00
1.815778361604805768e+00
2.106077304681118534e+00
2.885827043331654185e+00
1.947022175576699210e+00
6.358555496580129418e-01
1.476963914252930943e+00
2.182319326352693878e+00
2.599822671148949382e+00
2.399285521742522409e+00
2.740847508178219982e+00
3.720857688216059778e+00
4.789349384469450577e+00
5.531826300573984945e+00
5.452150308042711835e+00
5.405989591045480047e+00
6.113547318127901420e+00
6.962729450422708410e+00
7.186373435653331754e+00
6.539232255588305343e+00
6.071875203727480574e+00
5.832734628658467813e+00
5.285895399515872839e+00
4.981868614836783671e+00
5.012248378341519484e+00
4.746756187041149211e+00
4.183163174905253356e+00
3.971661333396175664e+00
3.816856227960818249e+00
3.485740542384069052e+00
3.611661717875985556e+00
3.989634761683983566e+00
4.209689685585548347e+00
4.763733824770328695e+00
5.335946521340276583e+00
5.350278675164138242e+00
5.373058482245065548e+00
5.224103728429565940e+00
4.726752614356017013e+00
4.594387839294840070e+00
4.680586198184323088e+00
4.678365297724961458e+00
4.982531562581852036e+00
5.168249187386118493e+00
4.934300437521486060e+00
4.864766096710368970e+00
4.559783884009949162e+00
4.031187565021379093e+00
3.832592018062763728e+00
3.588284792409673685e+00
3.454904162200171047e+00
3.634027124469960235e+00
3.717010392181763656e+00
3.923060683031186713e+00
4.071091628024507969e+00
4.049107238827436284e+00
4.172132180132058110e+00
3.983443832160008302e+00
3.936596511644583352e+00
3.806653465621160137e+00
3.541562068722615475e+00
3.470999476233097347e+00
3.346770199663096523e+00
3.257331270822475311e+00
3.272702887980008857e+00
3.341683007040627817e+00
3.468185068960845552e+00
3.436945782928535476e+00
3.521789034162350340e+00
3.605349584768782645e+00
3.598828406071521435e+00
3.713515451331057537e+00
3.689354050185717604e+00
3.790320997849841334e+00
3.716672329377557649e+00
3.687495690575440133e+00
3.621912446453809054e+00
3.474913355340089272e+00
3.430342717722453472e+00
3.314676610357156328e+00
3.333904514476861092e+00
3.281518947090899641e+00
3.159536706106993442e+00
3.090951909819867005e+00
3.055852336448176665e+00
3.032553590113666875e+00
2.939534351860579875e+00
2.878325068851776969e+00
2.901248780794755344e+00
2.815170420769905757e+00
2.668139453576215736e+00
2.712630782293916631e+00
2.730239175057756817e+00
2.740254019132213781e+00
2.770559786470679686e+00
2.485733992040882967e+00
2.343335672216317001e+00
1.915905671360088380e+00
3.221550592010769947e+02
1.024304090902474744e-13
3.226035430572321161e+02
1.397921705943960369e+00
1.973866189977094399e+00
1.709777696905425692e+00
1.882743293423810194e+00
1.901937080667529312e+00
1.984329516972600516e+00
1.688544848652749453e+00
1.529587273023843119e+00
1.525604341934193142e+00
1.446278110473787848e+00
1.385814434694769615e+00
1.306319440152219791e+00
1.173057811039762477e+00
1.114858049792241346e+00
1.045184045364807357e+00
9.400570422263861969e-01
1.010795272382936538e+00
9.952215091126270785e-01
9.172540143915814959e-01
1.021321571659380201e+00
1.048849500049424233e+00
1.077398273310384180e+00
1.278171907652917216e+00
1.331060426753619019e+00
1.534643114825485544e+00
1.796860219229987621e+00
1.897921411431942040e+00
2.202456816686723773e+00
2.473274654741344669e+00
2.655251660282708759e+00
2.961402434146734208e+00
3.196516010277396180e+00
3.262292344718756620e+00
3.447541716809289891e+00
3.512435560856990158e+00
3.409314977529262158e+00
3.368099281665567268e+00
3.239338886692747721e+00
3.033977444912841825e+00
2.977985932716080697e+00
3.041160743429602853e+00
3.194613494525282871e+00
3.621244883603780274e+00
4.177962381379933809e+00
4.649486119066743584e+00
5.039846068995699646e+00
5.412103761368577182e+00
5.430795623479856893e+00
5.265484689938559448e+00
4.897487611309303546e+00
4.329696953099909429e+00
3.678172739522703960e+00
3.244130560773701433e+00
3.267587459589309073e+00
3.613536791760760369e+00
4.320383821813361891e+00
4.903098413517914089e+00
5.046123207534790822e+00
4.650323862554859744e+00
4.075677483158625769e+00
3.001695154045244784e+00
1.695972192346352658e+00
1.348788252216832406e+00
2.249746240409801867e+00
3.132636210866138970e+00
3.191582334750944216e+00
3.226097944799124928e+00
3.045885160288757110e+00
2.271088983545083817e+00
1.513227867416730321e+00
1.031019206620854778e+00
3.171289321768135938e-01
8.893751297016851964e-01
1.458619311086254200e+00
2.397006109977861232e+00
3.401648611419726187e+00
3.408920502660569340e+00
3.184594105640863759e+00
2.277657675901674672e+00
2.013403575050162486e-01
2.443476318695886551e+00
3.854727030329530901e+00
4.796545956421445212e+00
4.113985150376217703e+00
1.861865672204137345e+00
1.134608220385789457e+00
2.773593685456601676e+00
4.078277335899134215e+00
4.034327954855601917e+00
2.775388463315616949e+00
2.397629514549164842e+00
2.987462593817962198e+00
3.627558794335579595e+00
3.066132689244136955e+00
2.358985195844465643e+00
3.729934726424949165e+00
3.790905244173730981e+00
2.618955493187759220e+00
2.205651534467098163e+00
4.253965884925570151e+00
4.816767354423627800e+00
2.064437637126450564e+00
2.425002690229252078e+00
4.185638967513553688e+00
4.122492193479779132e+00
2.572866840388766452e+00
2.307673077091191516e+00
3.446238303707186645e+00
3.163210205153028198e+00
1.804518242881554269e+00
1.379855099015939501e+00
3.797271091212463201e+00
3.286855290822345843e+00
1.193754938511170760e+00
1.930735139412940615e+00
2.356162506604916551e+00
1.967131619060156877e+00
1.678279832191466259e+00
3.799050868495650768e+00
2.745668627323446298e+00
1.550138277972082701e+00
2.493957164851459130e+00
2.059046612400134535e+00
1.679629274475192613e+00
3.217780167765218025e+00
1.637709814957635235e+00
2.929650686032071683e+00
5.700189191342035500e-01
1.689298423475624311e+00
2.937391793601030532e+00
2.561034227029839183e+00
2.974861490151790022e+00
3.715125261223513942e+00
1.018011806904005834e+00
1.802379432264392900e+00
2.085500413329440139e+00
2.436706382927152248e+00
3.769011392951989947e+00
4.986356775269395136e+00
4.433383168703826982e+00
4.400700781830767738e+00
4.147241324902819493e+00
1.468025060856599007e+00
2.036199437894091968e+00
1.175012031307637761e+00
6.850383565113294937e-01
2.734388919242864979e+00
2.926226386169289206e+00
2.609318427650763272e+00
3.620608575958712994e+00
2.491090393661459679e+00
3.292417906589453214e+00
2.713408105781260016e+00
2.564203626032567573e+00
2.762734333469737624e+00
2.140325746699217380e+00
1.996370586240991285e+00
1.344607272394125808e+00
9.144012328072133045e-01
1.461278472001083517e-01
4.909672434483237646e-01
1.104102550032161290e+00
1.831717647627206347e+00
2.388507857266367829e+00
2.852936166020779041e+00
3.103158074581569448e+00
3.494408383297141096e+00
3.466773520122516050e+00
3.261833094049048309e+00
3.158132906504606652e+00
2.914214168339350763e+00
2.589279263276340171e+00
2.308768784500621063e+00
2.174006157771557035e+00
1.976193260862474377e+00
1.555702891535896359e+00
1.502651423005646025e+00
1.357942642048968640e+00
8.276701621155920785e-01
6.963413362371949633e-01
7.124005432110013247e-01
3.597875388675180197e-01
3.085928276346780463e-01
5.489407261961750661e-01
3.478863349759960810e-01
1.645765394918810853e-01
4.523075901661550713e-01
3.381970012543439319e-01
2.076694968822823950e-01
2.591477291719723186e-01
1.685495476791201985e-01
2.253644520970851106e-01
2.892362849610443098e-01
1.927351399039253510e-01
2.214941013571490591e-02
2.501020798295676140e-01
3.339467023862058848e-01
2.311265225342941099e-01
1.512232639060998307e-01
2.951472564366658391e-01
2.426826517873318656e-01
1.071742494836695481e-01
1.171715771135288103e-01
1.328999511022289082e-01
1.184547916373338283e-01
9.522888066083287639e-02
1.044640479101182906e-01
9.276764651800985251e-02
7.554094888838142063e-02
1.014806837435447556e-01
9.929218937301982628e-02
5.461745867190509474e-02
7.798800358223996476e-02
8.150407984613600165e-02
4.903784819077374596e-02
4.466907240967672027e-02
1.152055146494264104e-01
1.055795242232647341e-01
9.343980805758025920e-02
1.336205192818833987e-01
1.791557372524363867e-01
1.341092880512197993e-01
6.548918110704053663e-02
1.608683086387610039e-01
2.206868972389847416e-01
9.893806429626370025e-02
1.240191181375281670e-01
2.424539893319197503e-01
2.236948193709178689e-01
7.581418225727969140e-02
2.703900282403685629e-01
3.157026987943367669e-01
1.391975182194245819e-01
2.262840350339361817e-01
2.841404018102127726e-01
1.283012050184990926e-01
1.551103158773519675e-01
2.122630413714901576e-01
1.729676092037941426e-01
1.283880263892003826e-01
1.979782221373649898e-01
1.887152394382752285e-01
1.544253803083959209e-01
2.071322182320863570e-01
1.773015126692317200e-01
2.026867826295427333e-01
2.027961522752914914e-01
1.730976213435655442e-01
1.862960311519263057e-01
1.417672625934173203e-01
1.089379524077667277e-01
1.289769394932068769e-01
1.063724431476483073e-01
8.736085858782281777e-02
