9.464955446678571804e-02
1.121727921831427721e-01
6.857001702503272289e-02
7.096988664870625130e-02
1.549679804763698932e-01
1.485098557602362312e-01
1.705326527282068905e-01
1.125747152594708395e-01
1.321244690327563753e-01
8.270475795243144301e-02
6.231935326332742331e-02
4.929699723194034405e-02
2.780779183510370331e-02
9.523363140317030184e-02
6.577253148337806887e-02
1.254724328261997979e-01
1.165249937442230932e-01
1.453096773678857478e-01
1.230915955332406025e-01
1.603667372221247167e-01
1.158535344576177850e-01
5.897218112981571225e-02
7.088685692868468280e-02
8.888062505764243726e-02
1.584336717431622521e-01
1.483042030518594290e-01
1.750028412363847929e-01
1.574445526798589068e-01
1.582553324376721748e-01
6.557566177684440167e-02
8.407291344884838813e-02
7.018181310212402713e-02
1.026318920990065137e-01
6.932260155079675301e-02
1.014752202050264174e-01
1.251042113294116853e-01
1.160156299053277107e-01
7.160165548363475740e-02
9.889241154719709270e-02
4.726897279199481633e-02
1.067463804054574195e-01
7.917471622913589691e-02
8.142750616983883416e-02
3.603251208273693801e-02
1.008106369027788884e-01
1.065536693400049861e-01
1.425361584291338912e-01
9.155989231558349373e-02
1.266021319961739833e-01
1.005702033918692562e-01
1.039682835890037849e-01
7.605316618529532613e-02
7.344288332393095198e-02
1.057797907622730210e-01
9.791918920554880390e-02
8.115769514137502472e-02
6.446352289682100167e-02
9.915028735975327245e-02
1.052041667346916287e-01
1.061189057104441197e-01
5.735932063623196131e-02
1.322529333783989958e-01
1.151718716540299781e-01
1.173099240317131697e-01
5.041822361444649875e-02
1.062794276242594593e-01
7.625902539819648385e-02
6.457973779511257117e-02
3.314182142709407725e-02
6.868941669423042629e-02
6.487155628835110377e-02
2.326522703378572365e-02
3.623574305297758841e-02
2.559470533605919321e-02
5.835686603494728147e-02
2.992266924358052971e-02
9.007919868568735333e-02
7.596309021224695313e-02
1.023543365991040621e-01
2.102356229462256157e-02
5.533900798024805889e-02
1.007150207063846475e-01
5.726134940096370279e-02
7.736876468684519836e-02
7.144204176531367134e-02
1.124039255673792148e-01
2.003872689478215438e-02
5.851130545665202826e-02
5.976977796097463630e-02
8.413325821632368362e-02
3.964554155605818503e-02
5.265073022655795271e-02
6.846795286394853630e-02
1.134014896478563808e-02
9.714639087415984087e-02
1.205902542920194997e-01
2.099103817329195099e-01
1.617389114749538948e-01
1.240003198976285387e-01
4.890582595102698632e-02
8.207001473674992165e-02
2.080422195816711006e-01
3.370474315626336148e-01
5.061432947873347743e-01
6.093686370672899422e-01
7.444462363395112359e-01
7.189911310014136525e-01
9.197061870062306355e-01
1.114520272482170782e+00
1.400966592960981361e+00
1.653138270466403048e+00
1.544967878742591338e+00
1.375001371361840752e+00
9.626227620823419873e-01
7.486377614895369792e-01
6.612437969173652341e-01
5.889338587249181023e-01
6.719908622039961754e-01
6.539682994393375415e-01
5.004844534674138812e-01
3.835071140830854930e-02
6.127104861360503918e-01
1.347359305624307169e+00
1.732502179855179847e+00
2.094284633576906529e+00
2.268965634455858638e+00
2.248975799014922838e+00
2.277293751973459734e+00
2.040356211660841801e+00
1.984787877038999726e+00
1.706643015743050107e+00
1.547239818661379385e+00
1.101276356699526948e+00
1.057287222202074828e+00
9.828530352763736877e-01
1.198782020535585247e+00
1.106632719230592476e+00
9.789862273854594843e-01
6.254168749729889232e-01
6.270811503716081647e-01
4.067439755531094825e-01
1.843608051608583709e-01
3.221099392651243787e-01
5.432571901879759135e-01
5.981468813210233382e-01
5.804095893285481367e-01
3.007913434017872034e-01
3.973578978891180724e-01
4.905183597822197483e-01
6.522988154164849339e-01
3.971028864986284601e-01
4.730934678037584940e-01
5.725595607960535238e-01
5.087900217544839565e-01
3.905675952241567384e-01
3.701889932348940149e-01
5.170742197551897457e-01
6.170552214650580902e-01
6.632751882062491999e-01
7.858309042739656247e-01
7.638721990382137950e-01
7.545115333948198000e-01
8.411594639539208274e-01
7.838722512019364874e-01
8.059722602166538019e-01
8.404571368477621318e-01
1.157020952755578147e+00
1.077722171705317589e+00
1.352736216039813977e+00
1.400228927500747123e+00
1.558224280984738863e+00
1.365813847988501362e+00
1.519604111424833759e+00
1.556314921990576305e+00
1.325029252596106044e+00
1.600892625345830211e+00
1.326770181645656521e+00
1.560526853829704130e+00
1.266697188497222459e+00
1.478817308279597231e+00
1.160279271009809099e+00
1.091895462967920061e+00
1.156098319576742250e+00
7.636756282666558038e-01
1.052476765879426068e+00
5.586497588571219808e-01
8.703481261333894103e-01
7.273024993632385415e-01
6.457767364611883831e-01
7.860019077714792690e-01
2.163921245342111666e-01
7.389499663585259448e-01
6.183569538489545048e-01
3.159699677090193060e-01
6.305134545471693386e-01
1.111180492089497152e-01
5.393155120484528497e-01
4.090051090027515546e-01
4.891152005254229551e-01
7.749647466155820119e-01
3.063063011874485597e-01
4.497216910151567992e-01
4.161242644766567356e-01
2.925121743406640107e-01
5.840167092641684876e-01
3.939653399898886410e-01
1.051513087117394996e-01
3.210345929945732091e-01
6.392603744049283332e-01
7.843760414886863375e-01
7.666963006615955534e-01
5.848519810009230602e-01
8.425722269199102943e-01
1.541796155941802970e+00
1.729145356305718861e+00
1.552722557970140693e+00
1.540576470540160336e+00
1.595721506606835316e+00
9.844277023122083303e-01
1.097758217333800523e+00
2.272766424681666120e+00
2.652950508436714649e+00
2.181573617958552092e+00
1.987965039884964424e+00
2.423742820187372082e+00
2.683416683443741402e+00
2.085043326711706335e+00
8.050094327246728465e-01
2.353193692518650515e+00
4.016467380836333589e+00
4.758360002897222607e+00
4.453620604782107861e+00
4.028529920801060982e+00
4.894446502875142713e+00
6.572003837509448054e+00
7.812563649988348402e+00
8.667251184796835872e+00
8.907995428364268165e+00
8.494326890112610329e+00
7.263032065715807839e+00
5.283645600178557444e+00
3.167630820178367834e+00
2.521390968745600425e+00
3.360082679181979781e+00
4.627543155638378813e+00
5.791202575897512972e+00
6.879208890924912723e+00
7.725049389840680902e+00
8.528536016681876220e+00
9.121192355683138686e+00
9.822606228732920997e+00
1.076109559779109404e+01
1.124717779100883774e+01
1.165284348378971835e+01
1.072769424351852585e+01
1.103355299673017420e+01
1.265759967126976582e+00
9.322489571238129713e+00
8.622742863517467882e+00
6.884257570592640540e+00
6.713643441560517289e+00
6.010462362012378712e+00
4.742990174064050990e+00
4.985789744750885433e+00
4.207516769892526654e+00
4.187661044720399239e+00
3.511252163377848401e+00
3.483931438636231448e+00
3.290714468840560958e+00
2.979375225777900038e+00
2.696266834380634858e+00
2.321713609888524488e+00
1.789408035425936294e+00
1.203814006595837149e+00
7.804232834222112336e-01
9.105643611176764685e-01
1.761896334938954256e+00
2.501562781140971747e+00
3.214976648984253504e+00
3.265458440151436381e+00
2.548382264560393295e+00
2.877962486359020744e+00
3.945534707401187280e+00
4.417060263976083867e+00
3.804072323764891017e+00
3.552576733765055561e+00
3.860671973645546817e+00
3.800393089320170947e+00
2.911459079022410634e+00
2.995520911964432820e+00
3.489346825714688904e+00
3.403118318504472217e+00
2.680783689867517694e+00
3.181806829110431334e+00
3.567861670208908098e+00
3.512732249755441849e+00
3.614165464767128633e+00
4.641619378931893358e+00
4.423330812039155013e+00
4.243258057784299986e+00
4.526154948686753166e+00
4.544140395850480019e+00
3.841468121465048124e+00
4.184364333091365573e+00
3.687153392610944547e+00
3.440381567468948631e+00
3.306355001235804725e+00
3.477603708092984025e+00
3.625598704169088471e+00
4.143113770452039546e+00
4.446467433786130741e+00
4.560132512986665887e+00
5.170718735553384349e+00
4.797941301011998227e+00
5.213356964029764562e+00
5.136364610215879978e+00
4.903667255489074783e+00
5.248103040830371491e+00
4.793478296094484392e+00
5.267856715319669370e+00
5.253470303267363306e+00
5.257723780068165098e+00
6.074495122383835266e+00
5.930111688505427026e+00
6.648353234608532780e+00
7.278796747125886313e+00
7.376862281842325508e+00
8.485073452626721746e+00
8.881609620296169183e+00
9.313517835999380878e+00
1.050544267211654059e+01
1.093528580407472539e+01
1.127879720638435757e+01
1.229899457905405846e+01
1.228903835982877446e+01
1.205525143968378465e+01
1.278031397476655862e+01
1.236831474832663247e+01
1.199930089652509757e+01
1.251788917257431422e+01
1.245378224529980571e+01
1.169359359495785533e+01
1.154869575460830156e+01
1.103322579612109777e+01
9.328003462288060987e+00
8.353585087270312570e+00
7.536406142679152431e+00
6.257077540316806186e+00
5.376495157816472137e+00
5.515876610957389126e+00
5.307232528490250623e+00
4.823863112543441467e+00
5.082994955524824832e+00
4.994850792381809512e+00
4.380040832130093875e+00
3.926992670621944903e+00
3.437049696564290269e+00
2.731313221661304080e+00
2.448423697665763843e+00
2.752720705308774996e+00
2.892956018650503669e+00
2.399639419564736809e+00
2.450748733855954598e+00
2.823090153223484666e+00
2.499235371477642964e+00
1.485669851245124740e+00
1.558967324647527963e+00
2.032172378364743626e+00
1.936292892313641545e+00
1.227554707162630043e+00
9.967760537391633369e-01
1.671071733951042360e+00
2.378136446796128567e+00
2.797143756579538731e+00
3.307330840574831843e+00
4.143412258949086713e+00
4.768262197189199192e+00
4.658485068974981935e+00
4.148780753149899247e+00
3.762178024553969102e+00
4.137804305689209095e+00
4.860543391942878877e+00
5.658652312570032095e+00
6.177935410573986097e+00
6.730918395629444717e+00
7.109685199047335757e+00
7.296138225873634475e+00
7.013367096543140278e+00
6.495340508640680355e+00
5.678251285012548166e+00
4.343088126888831724e+00
2.592043935055450721e+00
6.081434296141826623e-01
8.952529762024862281e-01
1.621729283712081804e+00
1.579819697626434483e+00
1.635902630930335500e+00
1.753443110010720174e+00
1.905662526962229597e+00
2.520899651710017064e+00
3.534139103797421022e+00
4.361245368791894172e+00
4.400762849991589398e+00
3.830527229888862628e+00
2.907321240394869832e+00
2.135554794145849034e+00
1.903132656840205827e+00
1.857946989885774336e+00
1.793640951629857039e+00
1.480615549740909254e+00
1.109018366270061229e+00
6.330899192751587856e-01
2.329782966138749523e-01
1.169369274176759455e-01
3.092282465733811048e-01
3.887428588462509271e-01
3.570639961363334947e-01
3.579408940059765620e-01
2.582723502498507351e-01
1.638201504257691676e-01
6.512595951976360431e-02
8.905205522696918452e-02
5.422639773361165316e-02
4.361463821121331491e-02
4.239946167901527396e-02
4.899010985501500021e-02
4.205954279175712351e-02
9.057807179673042774e-02
5.513940742717057808e-02
3.780073768535647388e-02
4.075304190008242899e-02
9.333163720372847361e-02
4.174413520634685099e-02
6.251055921689879780e-02
4.445677647778027708e-02
1.191439749750974331e-01
7.513255555998267499e-02
6.698249539189261859e-02
1.635171263832463015e-02
1.070930852808901768e-02
2.494201022004765081e-02
1.876411206530771009e-02
6.023967960439445546e-02
3.135912862503867360e-02
5.332091312255859278e-02
2.960746072862536701e-02
1.058149362040958913e-01
1.053272985085904612e-01
1.347803323636785899e-01
1.477498267398569265e-01
2.136465459734650518e-01
1.896722628890806228e-01
2.158780839473499191e-01
1.886254486849641976e-01
1.738010852142602980e-01
1.797382083174463852e-01
1.757417390277932201e-01
1.405525957487745725e-01
1.400229261778591638e-01
1.848593075765876392e-01
1.914505322309154045e-01
1.747706600498695750e-01
1.572319461578038924e-01
2.334370048413963450e-01
2.062522656468490367e-01
2.461284619961393583e-01
2.323620354448205638e-01
2.837870071924544768e-01
2.418357398984927742e-01
2.383782025219659817e-01
1.674440034245038289e-01
1.700145388293784199e-01
1.266758560508723930e-01
1.623628609934953393e-01
9.664376476425443063e-02
8.465632182404933537e-02
9.473702957029712934e-02
1.545561884099633798e-01
1.260042096337946893e-01
1.436353272499502065e-01
8.552214200165987601e-02
9.595932231413761837e-02
7.769746683909389828e-02
1.175277012847510405e-01
1.484223258458525763e-01
2.007110432103376696e-01
2.142857729693384838e-01
2.111994070971586479e-01
1.519250718182133808e-01
1.416095085294117595e-01
8.398165493489734290e-02
4.467392018160185746e-02
1.480614890261833794e-01
1.559381102218230786e-01
1.949359741088382003e-01
1.150042983987523970e-01
1.343472664071305167e-01
1.201071124517348598e-01
1.642902501381379166e-01
1.007361354219811489e-01
9.866591990684940583e-02
5.656538633713759784e-02
9.117943686968103811e-02
1.075369583523380773e-01
1.248550354215375857e-01
1.489592565257294998e-01
1.550454254937672083e-01
1.881792905337271726e-01
1.558493540874174021e-01
1.591008572178385649e-01
8.348898910224573922e-02
7.095581978973011794e-02
