2.875138154922868630e-02
6.070246760669227581e-02
8.763236708042019749e-03
6.821481321888034355e-02
2.540822237258042252e-02
5.783197512190592360e-02
4.193765890837353877e-02
4.555871143636065768e-02
4.975820099721135759e-02
1.148233155045533249e-02
3.610609553798373866e-02
2.944387535579718815e-02
3.387065467725301066e-02
5.636649358676755484e-02
2.336472764359412424e-02
4.144580079909940956e-02
2.027604504340155614e-02
7.462194902174642402e-03
5.263889145584786655e-02
1.574344733634914367e-02
6.739214026072631869e-02
2.514918066832690785e-02
1.815827950139718358e-02
3.432911956786664776e-02
1.633871060947732559e-02
4.352235277054963825e-02
1.053155956327705457e-02
6.102979236722982231e-02
3.127268536356705986e-02
2.675328229090277819e-03
5.596229519099521488e-02
2.465219223958015765e-02
7.315506892635459391e-02
2.604638873150994655e-02
1.300163845986938675e-02
7.135204002973929982e-02
2.308563298096975164e-02
4.736620034334408647e-02
1.794566291668812583e-02
1.561023070016286270e-02
5.478813562991421277e-02
3.403119504441803195e-02
5.291607225408243020e-02
1.892870999226969886e-02
5.311686197890153061e-02
5.502469850332785545e-02
7.085638726241965009e-03
5.796143486259548033e-02
2.976011556822051943e-02
4.338129364211828348e-02
3.964507155184823772e-02
6.619414226556856289e-03
3.504624673783612865e-02
3.382286447798064921e-02
2.954698245968991055e-02
2.306028927126772474e-02
1.249061460571083970e-02
4.518817479591934888e-02
1.463367327772621511e-02
4.161323995439755036e-02
1.276818548465188594e-02
1.420100938732197712e-02
6.174023277187295350e-02
3.469927834518100190e-02
5.416457657979362184e-02
5.014916928896553938e-02
6.125390828800575393e-02
3.898735895726380962e-02
2.686811447619222391e-03
3.719995870252418291e-02
2.142117148608356503e-02
4.266863368202976348e-02
2.747480690524859923e-02
3.374409855568034911e-02
6.842216573493507814e-02
1.682173809785191335e-02
5.050416802850564435e-02
4.927079586730926525e-02
1.584795494643417499e-02
4.160418731092743738e-02
5.750582813710548163e-02
3.595464589805739269e-02
5.225548289211323638e-02
4.313628386975597306e-02
4.987291574608499617e-02
5.853694253565001893e-03
3.878259160778513986e-02
2.847968539085625472e-02
2.339059088445311074e-02
4.028827706157551980e-02
2.131144335327977632e-02
3.786175081520037899e-02
5.457656697068990342e-02
1.849959814919232073e-02
3.611095181072434407e-02
1.415854271662516511e-02
3.352823828081926555e-02
4.488280903044693237e-02
5.806135342121074294e-02
3.925916031423716535e-02
2.587296721103696240e-02
3.971939079110724247e-02
2.918234918299459496e-02
4.153320799308760081e-02
5.721478769809446030e-02
1.368988862696571794e-02
5.515635534190882483e-02
1.525142215662580840e-02
3.367623512956027104e-02
7.357207473421455146e-02
6.678095966612576651e-02
5.638774494830950390e-02
2.887725321992048316e-02
4.430984211326151334e-02
5.376637960578762448e-02
1.631968396183828759e-02
4.470020696689746414e-02
2.810517141024623453e-02
5.618236258124129773e-02
3.678811408325254745e-02
2.192875341825699029e-02
7.164446349619264798e-02
1.662323335804499411e-02
5.687138084588692910e-02
3.822606302158512714e-02
5.190511257447422838e-02
5.938530673235914437e-02
2.192415123013280454e-02
4.074642807054121296e-02
1.021567652875835126e-02
3.872846786294976973e-02
7.146162628000175820e-02
3.077580846955268665e-02
7.634251792322192809e-02
2.465316800973567368e-02
4.329466540219785442e-02
5.672765266985975441e-02
3.653849957882532307e-02
3.507674736013235289e-02
5.793486899791908118e-02
5.054477375341494966e-02
2.137088240182085860e-02
3.936533643036958102e-02
6.887551467014452200e-02
6.097184230874171627e-03
1.230394923834834953e-02
8.033002131319567918e-02
1.549347358089132182e-02
6.363907030981197366e-02
6.162467941703210494e-02
2.658050025596310137e-02
4.678520249505730561e-02
5.228551779851049047e-02
4.779221703070238997e-02
3.223986798250421532e-02
8.125926076178700830e-02
4.458534062032392525e-02
7.135985489374105373e-02
5.076135719433969018e-02
3.322293382992270311e-02
7.644658254763052330e-02
3.121566210591667292e-02
2.508340736494215142e-02
4.083323146355057054e-02
2.053817179131314785e-02
1.014051898776367061e-01
3.824452525206848558e-02
8.512885415664545041e-02
5.960872552286722997e-02
3.024424002094809952e-02
6.234819687321160181e-02
2.175197456774510471e-02
5.611018367805604284e-02
7.412895085541118534e-02
4.944554097338773463e-02
7.355610985016274028e-02
1.500108125767209491e-02
7.876722984624315305e-02
3.743436118519150729e-02
2.341691818610948730e-02
5.381377595100472061e-02
2.512072920668308174e-02
1.028722213349153314e-01
6.058076448432456879e-02
7.539064906117763643e-02
4.977042408107715254e-02
3.970670509149136496e-02
6.349884273225343823e-02
6.744672634424793423e-02
5.388233291801323294e-02
8.665464044753165562e-02
2.000539841991823969e-02
7.509090788248565240e-02
5.739261079794037712e-02
7.236540664133252199e-02
6.256275199972960444e-02
6.524883688443856855e-02
7.517660913714803439e-02
5.673922792589351088e-02
8.986260061071311978e-02
1.271182553877518440e-01
1.160194885387994534e-01
1.218781329770565608e-01
2.981762631843134018e-02
6.664817144672724458e-02
1.028929862991434935e-01
5.634644114383699498e-02
1.068336771360727799e-01
6.761571533915665400e-02
1.012841751307448773e-01
5.159555491548296902e-02
9.653096627382272421e-02
1.000563349810714570e-01
5.185107652723802002e-02
1.080367101070578983e-01
6.763635149193582274e-02
1.404948342638049907e-01
1.239512617199946404e-01
6.735972545274875045e-02
9.839709412667620170e-02
8.337699212491918310e-02
9.235939618114051564e-02
1.334480851789997535e-01
9.118250800197792716e-02
1.380573222401104694e-01
1.196624826550866799e-01
8.755636484169043721e-02
1.303535267556922284e-01
1.319823296488813469e-01
1.531597071845981206e-01
1.075832715114828919e-01
1.630756789441731858e-01
1.260348917836139893e-01
1.564778585601989680e-01
2.387030208548850119e-01
8.037602351865247297e-02
2.241866861672462963e-01
2.257818802831463578e-01
1.215214991178763526e-01
2.390650256221661940e-01
2.883945789824718386e-01
1.739927564381656966e-01
2.232942307922242131e-01
3.605829181872362010e-01
2.715087561368497715e-01
1.921246883742546152e-01
6.556101401591627464e-01
1.325287409500289226e-01
3.737138777215684993e-01
5.795830723190723566e-01
1.118099366150854479e+00
1.199985284652375750e+00
1.441488060530611071e+00
1.763838486121255267e+00
4.979224838353108140e+00
1.734845362642750288e+01
7.607711601775331012e+00
2.390597180951232659e+01
6.980712637424225875e+00
1.948633738349671018e+00
1.420830807956526165e+00
1.471750502040831243e+00
1.343101543165919232e+00
2.370183563601447330e-01
3.271125094072183104e-01
2.382543480021398763e-01
5.686208751614849621e-01
4.522088778723443864e-02
4.106378938925989708e-01
3.323791105326188711e-01
1.617865567657257031e-01
2.661266766056573085e-01
2.824903734792382215e-01
1.350465693522914512e-01
2.281397025431895209e-01
2.221993152765573132e-01
1.605898092720726422e-01
1.608914168210844875e-01
1.916370723009601373e-01
1.275458384800697287e-01
1.360678956362824654e-01
2.013536614388079793e-01
1.280748336238462792e-01
1.146804463693179565e-01
1.539289951057846439e-01
7.457152419133934729e-02
1.107001441818816767e-01
1.722491581125474569e-01
7.838814240218232310e-02
1.354716557815477951e-01
8.781741682760968448e-02
7.520183612875495915e-02
9.713379629312988983e-02
1.060477119580391231e-01
8.615264357453047972e-02
9.878377096852636319e-02
1.202948262100162202e-01
8.514186751272669051e-02
7.378545397656909033e-02
1.006579391093373327e-01
5.524726466048490714e-02
9.430636880205529871e-02
4.890697212293897145e-02
7.023269506963787656e-02
1.241120670858142372e-01
7.261050501455140749e-02
9.497190304808272865e-02
5.274641591170118465e-02
6.693431205910616022e-02
6.533062256421011404e-02
9.563093278487368176e-02
4.430728691078125031e-02
1.077075959863641047e-01
6.620126387022419456e-02
7.429563330974550683e-02
6.230128952159757344e-02
9.966456391662170677e-02
2.907888023530898550e-02
4.890993015218728091e-02
8.404735928702376790e-02
5.923044933020345584e-03
9.548392727557533655e-02
9.246693953190908422e-02
4.386801526337719831e-02
6.363409965425960435e-02
4.646915207948890819e-02
6.071264789577150711e-02
2.247926018337290804e-02
7.212406910519610082e-02
3.210165318527703066e-02
8.384255067587413623e-02
1.010047839496048400e-01
7.995811733710606398e-03
7.980592997817244350e-02
2.809087263085146766e-02
3.688689373618773970e-02
5.724397067752434037e-02
4.611606768147613611e-02
1.031830582463287016e-01
4.547179804378045226e-02
4.009585731852599588e-02
3.179101878035215517e-02
3.235444865477917625e-02
5.127238495692404419e-02
4.819576807049937711e-02
6.133671618347365240e-02
6.066278028343428247e-02
4.118812223501091413e-02
5.636088667416967735e-02
2.100174473191357763e-02
8.770154669743576714e-02
6.036564565762197326e-02
7.785008397351033532e-03
5.172353575143987664e-02
5.826877142934341197e-02
5.444858597556210406e-02
4.201159679767891425e-02
5.633630769878603117e-02
4.353086798123994433e-02
2.410444037233105963e-02
6.449913962686740221e-02
4.441702228211680259e-02
4.497260788530101777e-02
8.089861730889262581e-02
1.204568598014610012e-02
4.718219145639548917e-02
8.886500218173300214e-02
7.407715174251547352e-02
1.596109475864504468e-02
3.305175112772730517e-02
2.664763408583432566e-02
1.605749262467172714e-02
8.103781907170957977e-02
5.671954360548588786e-02
2.022649988405550436e-02
4.588954370934079235e-02
3.537727802381264441e-02
2.540883498311994476e-02
6.361487258432280134e-02
2.964939800239384249e-02
3.618951310342034822e-02
3.358193425589909437e-02
4.464771226184031938e-02
3.308791655372483181e-02
6.657551578915189838e-02
3.684034621847164653e-02
2.304786168920521655e-02
7.410459518852317851e-02
4.992742305706771716e-02
2.244656543998605619e-02
7.335097552002850518e-02
3.048094738171579568e-02
5.740028936971623003e-02
2.088172050507967545e-02
7.419522515474986923e-02
5.517492332699731189e-02
1.564921889329939919e-02
7.418260687402555842e-02
2.642270449998711246e-02
7.448191641213633418e-02
4.924738720778976814e-02
4.225471107973680085e-02
3.727000458767691649e-02
2.371769713343542876e-02
1.286222256729919675e-02
2.936700544321414752e-02
4.227451032450762342e-02
5.557166664053390936e-02
2.284679730296349312e-02
2.065980545107411193e-02
4.452784962826521892e-02
2.496128013931104075e-02
6.620415668324126923e-02
2.722368840839873780e-02
4.552793421608188063e-02
3.015420399872155433e-02
2.002154536097457832e-02
4.127233549050353389e-02
1.334544544932555338e-02
6.145802956490122038e-02
3.439759047737907249e-02
4.619051794673991601e-02
5.589056624198136813e-02
3.465343476146169610e-02
5.348986968375808726e-02
5.515534790200636583e-03
2.574690818093104683e-02
4.611689272665687317e-02
1.507045332084335984e-02
7.682136565665396988e-02
3.269198245063222041e-02
6.334474516362566254e-02
5.282229952566044190e-02
2.776193283641804552e-02
5.413547637183476618e-02
1.480153040761670105e-02
6.002646555183056148e-02
4.763023285157707426e-02
3.770847449751077440e-02
4.252225922827576610e-02
1.384796630251967572e-02
8.577742142513783419e-02
1.658572587137129364e-02
1.876660498072762334e-02
5.621797568561517217e-02
2.153980228070819999e-02
4.437049616430267102e-02
1.883792327983277448e-02
4.087933155552933573e-02
2.019581462404326441e-02
1.451066686785906085e-02
3.757702052558322542e-02
2.416776845633685986e-02
4.751052607490382357e-02
3.401844507329296330e-02
3.445946187616235560e-03
6.109843791124959511e-02
2.769714072589342033e-02
4.909441075141619815e-02
2.536192111648071911e-03
5.646143130732207346e-03
2.156788391842564059e-02
3.439152573737579155e-02
5.334873910964010174e-02
3.583660059300852047e-02
1.701057178886717508e-02
2.466850443720202193e-02
7.899198166213247663e-03
5.252247176634429471e-02
4.053011158356967236e-02
5.047695865960196565e-02
5.980168837504346718e-02
2.387482489560362534e-02
6.245569946307610865e-02
1.462058278395180801e-02
4.066923191109272223e-02
3.852165865972050768e-02
1.750803495689170694e-02
5.514503624035762414e-02
1.177275343713804490e-02
4.346343292931031943e-02
3.015744434960256765e-02
1.742742918025395188e-02
3.169309340147441478e-02
1.641830262464346463e-02
5.549358106760208381e-02
6.252655093206552217e-02
3.992542746308944124e-02
5.766847227834884237e-02
1.339589825832662555e-02
1.761450765243593661e-02
5.302251129271946806e-02
1.753630803971359745e-02
2.244994985612839764e-02
7.541453396242205759e-03
1.975825729737068492e-02
3.186791471736976494e-02
3.882647920534205987e-02
5.555707301968885320e-02
1.854377564436424444e-02
1.306654420630033037e-02
5.887974167003803827e-02
2.406093087628861579e-02
6.086449325292951629e-02
3.850799533580382544e-02
3.074777178207128980e-02
1.599353149681408820e-02
2.257668479184363197e-02
4.943447106585493328e-02
4.700995188679318176e-02
5.901900362070875566e-02
1.705122977182024421e-02
