1.260325691808169071e-02
1.953932680108487474e-02
1.411712591731323005e-02
8.451798056362867448e-03
1.493608732645825693e-02
2.119290607119326056e-02
2.008054739550228091e-02
2.709355241001290548e-02
2.325967183323750243e-02
8.214691309265600636e-03
1.987392617805462669e-02
2.160688061327335416e-02
2.359111928939830113e-02
3.463435545510218372e-02
3.480889363287728577e-02
2.612958959410425358e-02
2.146725026241934342e-02
1.377239047297049677e-02
1.169448807568382147e-02
5.102073075698220633e-03
1.876209476546972579e-02
1.740526034034611466e-02
1.185969022027020051e-02
2.386747392610516147e-02
1.626316709524732243e-02
9.679279994315521246e-03
1.459371124197586696e-02
1.552102314332555466e-02
7.157897388326760375e-03
1.239592238042483766e-02
1.947689950732067049e-02
1.683246084790161398e-02
1.247423673040008556e-02
7.498997562900385459e-03
5.817709129285771226e-03
3.892821277863002007e-03
1.590535580317642070e-02
1.616701135502207967e-02
1.215188342076201945e-02
7.007940535280766589e-03
1.324014714312832068e-02
1.897037007868328934e-02
2.217244415690854814e-02
2.761950741394787051e-02
2.336060946217895576e-02
1.741872792168661088e-02
1.551580609564960633e-02
1.911248452466382877e-02
1.125681689264653243e-02
1.840495845387267806e-02
1.526548409152531961e-02
9.195438453357357086e-03
7.872173767613586948e-03
1.569474239969754353e-02
2.632050397264167757e-02
3.991924991613372137e-03
3.058014535547901730e-02
3.739242292414051566e-02
5.993121263962915279e-02
5.832641494296103568e-02
9.292734584059016145e-02
2.219917642339554742e-01
1.397076288092781726e-01
6.507043976448875777e-02
5.740204222437332582e-02
3.756996481378216401e-02
2.292665959302366691e-02
1.191089588606751397e-02
2.692779087457158188e-02
2.536142758894746607e-02
1.366631461330712616e-02
1.695847889207131864e-02
1.286411429749457699e-02
5.427299251445645567e-03
1.696869966457825382e-02
9.253318474950944852e-03
1.745141503678551004e-02
2.456161222652469486e-02
2.115838365488300829e-02
2.651054226561175980e-02
2.150102121655120962e-02
1.526711183503494385e-02
1.322922789246034486e-02
2.362169190020687454e-02
1.746029058113680518e-02
2.807011485969589104e-02
1.681927821314781538e-02
1.620168286084963313e-02
1.100559223707766633e-02
1.476381939220251273e-02
1.055792841222714246e-02
6.455010191495283781e-03
8.811000352260157931e-03
1.929720454338402016e-02
2.052583996613821168e-02
2.269125723260949010e-02
2.139240478642713550e-02
2.114835295008898192e-02
1.496704981388106634e-02
1.809988593740407062e-02
3.194550574336080945e-02
3.017398634762834264e-02
1.870207041473233647e-02
2.066613966724013818e-02
1.725406984177780753e-02
2.190455451203341189e-02
1.832129157669733568e-02
7.323355551186739622e-03
4.207386217534833488e-03
3.313101171319669108e-02
3.883348780853752846e-02
2.284091981674309102e-02
3.158258853298950147e-02
1.382119873325025373e-02
2.480078122468728358e-02
8.814837379517374838e-03
3.664785361825773774e-02
3.025621062274207185e-02
1.596168281340058781e-02
3.081233516060840824e-03
1.336779367170117840e-02
2.312801659024231807e-02
2.552043491463891478e-02
2.686802814869055159e-02
2.383369702867423057e-02
5.827384162373345361e-02
6.128577708979761340e-02
1.473721440621668030e-02
3.087165348104347826e-02
2.086547237042978703e-02
6.440244846246424848e-02
5.667784333509878064e-02
4.323978570222089535e-02
7.245510446719923003e-02
1.281185212527202744e-01
9.393524413127106454e-02
5.776235136675210435e-02
8.853320205355906525e-02
1.326171033353963358e-01
7.522188679022182023e-02
2.943569826795981378e-02
2.943040798093957133e-02
3.459612399657052695e-02
6.517096206824192495e-02
6.097312568185372234e-02
5.627127965527610465e-02
4.693326527408913512e-02
2.019830701155283376e-02
6.837996354503698970e-02
7.206631664986397345e-02
5.971631631510349036e-02
9.113283149829934371e-02
1.363766901434818879e-01
1.719390382086452840e-01
1.355489748556930329e-01
9.646111244738431179e-02
9.938046365238656366e-02
9.415338919075678936e-02
2.234340133262796291e-01
2.159078181516398409e-01
1.052333206651871605e-01
1.243490410964030735e-01
8.061874159771080170e-03
1.303191158107372405e-01
1.169354977274540686e-01
6.622540877911851920e-02
3.302981870096610012e-02
1.691552042231960623e-02
7.621182477648939801e-02
1.212610514149105867e-01
1.140958550653402848e-01
1.988082173245013864e-02
3.893136142792357618e-02
4.828387671794654584e-02
1.066783587165424582e-02
3.544925856597775510e-02
3.070965643241794357e-02
1.438527868356624315e-02
4.788061590208100154e-02
1.161009903384927211e-01
2.242573962524329612e-01
4.216772524155968371e-01
6.263730759329649844e-01
7.072387096865105915e-01
6.189096448764834779e-01
4.262515139707898082e-01
5.269279612603787744e-01
9.420538392645322334e-01
1.309092858423568817e+00
1.423181413273631568e+00
1.654443464140353592e+00
2.461433323939558271e+00
3.325762217058696457e+00
3.363085601152087989e+00
2.617018226832587224e+00
2.563657510248272153e+00
2.935287017273460197e+00
1.741179938247073178e+00
1.386878312471869101e+00
3.337673145121178298e+00
2.469378934176563956e+00
3.615666722705692671e+00
6.132077996719416113e+00
3.696268271106319059e+00
2.629679064353625417e+00
4.826087421402790234e+00
1.948845644021388601e+00
2.161232844717426715e+00
2.895151985097178748e+00
6.309628925987912140e+00
3.580426164685310386e+00
3.147412688947190951e+00
1.067357434309561093e+00
3.473049169159723615e+00
2.688889977871190329e+00
2.330489291683144337e+00
1.696680316898221630e+00
4.118266174388016121e-02
1.180575545161562268e+00
2.288610752313575247e+00
2.583008852460476401e+00
2.693974663532963998e+00
2.366460896168251615e+00
1.883467694625639677e+00
1.105840448642011253e+00
5.546635244161286504e-01
5.247550048139356660e-01
1.074896507290351355e+00
1.400432730343065924e+00
1.586945295545991286e+00
1.796993716552114595e+00
1.816650954707422772e+00
1.937088592244058161e+00
1.790493101220490324e+00
1.610819528885715668e+00
1.412960471915748695e+00
1.269761469360964456e+00
9.834945994113106771e-01
8.889866296026874837e-01
7.467945954038709422e-01
6.473869124534029629e-01
7.276301780904986805e-01
4.066619638625559863e-01
5.803063668553113397e-01
5.677007060045917708e-01
4.958396659992527211e-01
5.398563549969734865e-01
9.085366010831310568e-01
1.424756689101974505e+00
1.585662165841861926e+00
1.742765211769227829e+00
3.731733914433829291e+00
4.607123070581049973e+00
3.113422745719966578e+00
9.051262362609162615e-01
3.262257712865262533e+02
1.775003239361229090e-14
3.266955338103604731e+02
4.543281878432346987e-01
6.397442330670159993e-01
3.792062266150665328e-01
7.373806558220802332e-01
6.287907948775729450e-01
1.334033577711823404e-01
4.151234061030569800e-01
3.494292018476048978e-01
2.180990706375718347e-01
1.855515713668997591e-01
1.203485872410480217e-01
9.025122454947745454e-02
4.380010043786017326e-02
1.657727606200596060e-01
1.084207989392593496e-01
1.301979033543205488e-01
1.225604072706505676e-01
1.337360988616926039e-01
1.782144065786656351e-01
2.367378316950411454e-01
2.887157220848361461e-01
3.023216581432591199e-01
3.955345935013693803e-01
3.383134861768548607e-01
2.916845546140541257e-01
2.660491297438168923e-01
2.338521459902912492e-01
1.695844355212699217e-01
5.920620458381457840e-02
6.056557031326013224e-02
2.089320088098912120e-01
3.630338951471652198e-01
4.578318493940469747e-01
5.454577019062497589e-01
5.463398105113377312e-01
5.322856212227088379e-01
2.628581584104674462e-01
4.384850854786601082e-02
4.072517150109795092e-01
5.420081839634701693e-01
6.680443730089640209e-01
8.759065906482718100e-01
3.532100852393765811e-01
9.042851570924385074e-01
9.122109630266737046e-01
1.688790721912797999e+00
9.470392725467488004e-01
4.931625985525690536e-01
5.832597094854097275e-01
1.320588856764401076e+00
6.643038387597923755e-01
9.175352008368516943e-01
1.513924419331627913e+00
7.730513177933626690e-01
6.887234594064771676e-01
8.872911780927248415e-01
2.709189027587382559e-01
5.780473172891442690e-01
8.332412469407878275e-01
6.648984268416516796e-01
7.592662114546722130e-01
1.012541569470161162e+00
9.431320086585980311e-01
7.077520247021864552e-01
4.783998516027839210e-01
4.131746769595729396e-01
4.453913817623017524e-01
3.288094618457194640e-01
2.122010992803237128e-01
1.454566942655232120e-01
1.571971589558460725e-01
1.594524489127141509e-01
1.878691075620526341e-01
1.348650139369031997e-01
8.110830930590683108e-02
3.926156652069039826e-02
1.764242775917723022e-02
2.507084496275380561e-02
1.156766374026738618e-02
1.036920948199821814e-02
4.248411941862206831e-03
2.224675806940524733e-02
8.154516450032824049e-03
1.495446390796436459e-02
4.115473048591396926e-02
2.597018868485233278e-02
2.193316801825324208e-02
8.396159024104010715e-03
9.356938010340229081e-03
1.794894133639167444e-02
5.168688697426527395e-02
3.964675851695368541e-02
4.170809159644724845e-02
2.077728596431984570e-02
6.239335335367328372e-02
1.025411151610667870e-01
9.577653126462168376e-02
2.746938008495225861e-02
4.468131977463562360e-02
4.220380961338374148e-02
7.849778712982283246e-02
8.200037703612665652e-02
7.272317981035081313e-02
4.532045890135973087e-02
1.304093497688349132e-02
4.973182232458384089e-02
5.036865173124863843e-02
1.335468640754965304e-02
1.288911697151934148e-02
3.213687851098237513e-02
3.468390476914529064e-02
2.389330806976596236e-02
2.050722935027040131e-02
2.858011942681279449e-02
1.984469469936253269e-02
4.994028392310392167e-02
6.442511278447432543e-02
2.524815798460786770e-02
6.264617036498894287e-02
5.570810518225981917e-02
6.531049108910365331e-02
7.094987319034262718e-02
2.264953021947805484e-02
7.020564773670498471e-02
5.089500154563428996e-02
1.255309529702367845e-02
4.321613104247250953e-02
3.084898660682510244e-02
4.334481066844957792e-02
2.907897576465896458e-02
1.323486462939716703e-02
3.804792256444203269e-02
4.145330408045891368e-02
3.958572981802416929e-02
3.632487345216344615e-02
2.453449138411587307e-02
1.076653367450692081e-02
2.070741786167840451e-02
1.975615683054862334e-02
1.889963341368326374e-02
2.343579116724790051e-02
2.025348876706188281e-02
2.863171180686531481e-02
4.446466513515062724e-02
3.078341921949404730e-02
5.392037835362922631e-03
1.366319002087189143e-02
1.708417989431437051e-02
1.417902584855422303e-02
6.448729550360339166e-03
1.740868982597134490e-02
2.723407318972604491e-02
3.103084160401818961e-02
1.551083948634348827e-02
1.283634220801227639e-02
1.903297313649271807e-02
1.614200798707442208e-02
2.290779380218858213e-02
1.723337404029717801e-02
1.722954805148038671e-02
2.161161414542246001e-02
1.458307884958373601e-02
9.330253795015678447e-03
7.078397690718270067e-03
2.459039895719523396e-03
9.442434893281566322e-03
1.248275331050173985e-02
1.074085735717201021e-02
1.401125194439680269e-02
1.076535506830189441e-02
1.896497897869520860e-02
3.105394188426070096e-02
2.997509716718714176e-02
2.763851555821125738e-02
1.826035332899149030e-02
2.148114006066264431e-02
2.573387487023798270e-02
1.305200978317415036e-02
6.416114767056824847e-03
9.970112798524411249e-03
1.749910876104750559e-02
1.619108357748309107e-02
1.384862499005219683e-02
1.493568843452942017e-02
1.542420498978103877e-02
2.903323035820664852e-02
1.421244256516878898e-02
1.007482889517406603e-02
2.691640991054399315e-02
3.223328516128862176e-02
1.266037501095424768e-02
3.091681418449721257e-03
2.218481922061773387e-02
3.674537169309984030e-02
2.570041486974090558e-02
1.645695933875522890e-02
2.443159444992069884e-02
2.782441968304604635e-02
1.083293063003916423e-02
2.530947863755338145e-02
2.769245211235972157e-02
1.842987561466801968e-02
3.978053406962894431e-03
6.801059563389949200e-03
7.556553447161207075e-03
1.353138314658688035e-03
1.421280588913759711e-02
1.662526242029229231e-02
1.862266325981466394e-02
7.965660440820145419e-03
1.263866703326343120e-02
1.801555239212131870e-02
8.725759060298139344e-03
1.877390719741973274e-02
2.523375019294663013e-02
3.468546785519118630e-02
2.096540399605389612e-02
9.357458175050072449e-03
2.172978718996797926e-02
9.751150220645323288e-03
1.424642259963109295e-02
1.579707237701800243e-02
2.038974363056871714e-02
3.215975512713255269e-02
2.755838331410127504e-02
1.386331756315254890e-02
5.378858501267833915e-03
2.011922855082591208e-02
3.242446333662547808e-02
3.157470036089744803e-02
1.998314051510811235e-02
9.753690113681934282e-03
2.214985716489909287e-02
4.428424056678467030e-02
2.896974649398668597e-02
1.864535060503893019e-02
1.741876123963064654e-02
9.004056428486843094e-03
8.595536698450386912e-03
1.381668318046661535e-02
9.578024605811622308e-03
3.160922372963278354e-03
1.549724812450659940e-02
6.134244970087728531e-03
1.509619970644861253e-02
1.482907717739018021e-02
1.023666700713120326e-02
5.942163207161396850e-03
1.986767174749711276e-02
2.624514162521313088e-02
1.928442544259656444e-02
9.131376776421068139e-03
1.862059684503250545e-02
1.234192396774472060e-02
