3.643120350584677647e-02
7.240086227336123281e-02
5.064916505068574326e-02
4.063728192869439648e-02
3.593165309308817695e-02
2.547991395497749972e-02
3.017637355098235982e-02
1.025523793333427483e-02
6.209835028483826763e-02
3.748985861540893305e-02
3.942793304569296164e-02
8.394564128155639071e-03
1.356597078484252268e-02
2.456855020965727221e-02
2.763239060855610801e-02
1.054767726259255162e-01
4.209002321746944247e-02
3.541540938280589995e-02
3.733097078777811856e-02
8.824820858937458198e-03
3.406017312265188085e-02
5.714069688383247719e-02
9.092088291689746915e-02
3.269722230981807892e-02
3.234742214591942999e-02
2.305967034207641667e-02
1.044281074356629389e-02
3.058740414808181277e-02
7.262234117370662545e-02
2.782023619152483238e-02
3.138164262658378612e-02
4.039694055599970385e-02
4.359191691822276310e-02
6.124912395604734106e-02
7.922458612522281785e-02
3.145155423936332045e-02
3.553889020967537782e-02
3.430701499356641343e-02
3.912841350497203718e-02
2.245731345174817317e-02
6.071688609233854422e-02
8.383318003477580049e-02
2.234077872569914178e-02
2.784917446786470616e-02
1.972008191682604605e-02
1.306984314747725896e-02
2.626991927478837183e-02
6.906117567860493855e-02
6.340183014119214755e-02
2.194288494699551950e-02
3.155169560157683462e-02
4.078301549692499306e-02
2.767772841881611934e-02
7.810729509196211173e-02
7.580678356610874580e-02
1.786463967598217809e-02
2.439847678200666656e-02
4.189846865415607080e-02
8.993917989619683653e-03
3.443224400853011485e-02
1.097342920801409327e-01
7.442512943801078695e-02
3.441533006873748884e-02
2.695111630673743125e-02
4.321966074368824295e-02
3.038926448527054860e-02
3.686620657421214170e-02
7.043414483445316343e-02
1.669497946429078158e-02
3.076568874888597691e-02
5.015319046431559319e-02
3.516749976048800380e-02
3.235025736078118302e-02
6.343721264330354215e-02
5.373007141351664878e-02
1.083118404213664725e-02
3.105103701875572275e-02
4.534368829027695530e-02
3.351018400830235028e-02
6.542222177949564253e-03
9.931238633373741520e-02
5.070280733477877666e-02
3.849186796271456684e-02
3.849806100563572808e-02
1.312335913288147603e-02
2.333284897410193084e-02
1.495070696519476550e-02
6.903289902557746549e-02
5.867545449227034443e-02
3.820030961781205325e-02
4.205528418239769251e-02
5.279478330657936397e-02
9.413796834436642669e-02
5.802727255005477036e-02
3.462639056055332593e-02
7.585460486463860286e-02
1.413329246332556688e-01
1.148012011282286970e-01
1.186505299013559389e-01
4.705942437912850884e-02
6.877890480748842517e-02
9.260316441831378809e-02
1.026490366505551227e-01
8.049667571887565709e-02
5.869054153814994013e-02
7.884433269505364272e-02
7.931307137413667885e-02
8.278374828231475913e-02
1.880184507925520554e-01
1.054983381300625273e-01
1.208580177552696505e-01
2.581831239837641401e-01
1.890625420734969586e-01
4.182426250291738090e-01
4.838243067574586886e-01
1.818501045424036344e-01
4.154270982984304972e-01
5.511042215129090538e-01
5.354531845230320330e-01
6.741899278216272329e-01
8.707476202008109789e-01
1.214991730196787856e+00
1.656562290912002133e+00
1.609264420281728114e+00
2.096331896236278247e+00
2.416882090622319623e+00
2.171403830377192090e+00
1.857930748575636448e+00
1.566128441775702651e+00
1.076031081394021927e+00
1.019526226263379520e+00
1.667166513559816821e+00
2.542531445470396001e+00
3.578936089561132849e+00
4.122820294843867472e+00
4.394311396601453978e+00
4.092929701963671008e+00
3.393811684923211391e+00
2.338540731861975086e+00
1.502200104684740412e+00
1.733841059346523883e+00
2.339693906207458873e+00
2.460561567526263094e+00
2.384182589277601849e+00
1.974476931741033114e+00
2.102806740478876613e+00
2.918618673664554297e+00
3.047065034507653980e+00
2.832795283497830940e+00
1.969740192429207060e+00
1.404652265758115970e+00
1.627521014591630788e+00
1.475388027511474132e+00
1.167703639954584149e+00
1.587382654913209290e+00
2.053413987882847902e+00
1.773498465609850916e+00
5.163055883602218898e-01
1.265937288479745737e+00
2.193897624386313527e+00
2.273763720745635375e+00
1.462203402961096410e+00
1.351378427413173933e+00
1.585217387960090374e+00
1.702101889357476416e+00
1.876480504312082465e+00
1.746753072378510296e+00
1.218685347170114230e+00
1.470532820361902804e+00
1.883265288822348449e+00
1.549778720007334742e+00
1.099942327682886578e+00
1.489885219286476659e+00
1.537337082131973620e+00
1.188999495737959933e+00
1.288413670474240380e+00
1.286252012314908155e+00
1.024612587630947758e+00
1.068345114695949061e+00
9.914271416752955535e-01
8.131096777486437333e-01
8.894661875605887058e-01
6.821961856214514563e-01
7.685492826123427879e-01
8.343660433228178297e-01
4.827011986825701095e-01
7.693316738493040097e-01
8.300725479696734466e-01
4.874164145019136973e-01
7.030591886448829264e-01
8.299513854993039175e-01
5.331767341455825315e-01
5.569980170002050146e-01
8.731610360382723313e-01
5.054330781596199085e-01
4.233964200789183674e-01
7.569656969112867895e-01
1.115833311307377340e-01
5.467274212198692807e-01
3.692286578497581129e-01
4.796411569719313261e-01
5.041875157181217038e-01
2.525530919506129290e-01
5.371722751917404892e-01
1.729422727157773620e-01
4.251686819147236784e-01
1.606426559321252612e-01
3.948920934976289931e-01
2.039143987711162509e-01
3.049313468766316482e-01
3.310982968176733321e-01
1.689000842341308317e-01
2.625761563004087029e-01
1.074697058397539040e-01
2.639001330873864681e-01
1.238936690775299665e-01
2.024065678278844649e-01
1.836333262732014193e-01
1.571268408454827847e-01
1.770633136051338596e-01
3.541938538255281349e-02
2.426048984809070219e-01
5.546036927832555252e-02
2.127992870277805593e-01
1.482742913826676223e-01
1.328163452606656858e-01
5.303543639357811978e-02
1.643964987411899448e-01
3.693655723699813820e-02
1.697889481874775286e-01
4.765169965335248198e-02
1.709228818455260368e-01
1.008472585242863595e-01
2.467199696038576973e-01
1.378010733763807005e-01
2.393271004978037575e-01
1.340898477060553928e-01
2.256881905256566956e-01
8.698086738931708195e-02
1.949317002406619204e-01
1.123358409191289459e-01
1.814497257433316246e-01
2.790428460789542639e-02
6.184858919247634285e-02
1.827887246620130413e-01
2.827570473452921673e-01
2.256673428111546642e-01
1.739606269990715548e-01
1.224186699078629176e-01
1.823671430911769364e-01
2.178689775145803420e-01
4.213851960911407235e-01
5.538149733107022854e-01
7.995304624291507123e-01
2.108047325400883576e+00
3.070714518778521196e+00
1.777717158918545204e+00
1.647141692304483485e+00
3.940965132696522266e-01
7.166494224697090853e-01
2.556206765193612673e-01
3.559276822048983990e-01
3.583712722722175448e-01
2.161555156184348236e-01
7.620844393996518973e-02
1.762871922818719517e-01
6.166399120992818034e-02
1.135001273745678552e-01
2.822483863811349122e-02
8.637819550932317181e-02
7.254957269147742360e-02
5.043924207881986949e-02
1.125429167065247482e-01
5.179653891471532046e-02
9.930845920896759493e-02
7.477043698733341903e-02
5.946377457541519862e-02
1.416619920093078466e-01
8.239893487894479895e-02
8.902742694918763799e-02
3.225575975760208020e-02
3.890747873043599175e-02
2.396627079392752574e-02
7.937321198049308857e-02
6.627893227209001592e-02
6.015821159783121819e-02
1.584864869714985858e-02
5.495306646309997683e-02
3.629354962924986189e-02
7.384487637670082878e-03
5.402967415082739894e-02
9.822521436715150878e-02
1.776338403218010592e-02
4.343728747202537516e-02
8.602845929608352038e-02
1.167225327813333352e-01
4.981559086457941488e-02
9.129618711368701900e-02
1.971907507949736404e-01
7.200483624562591112e-02
1.652801075964748512e-01
1.458106385364473234e-01
1.619177110654889534e-02
1.786165333445063896e-01
1.900813613423118498e-01
3.398554193807168389e-02
9.390568451047627552e-02
2.899055715052308302e-01
1.703720485317748168e-01
9.503931833323142619e-02
2.050546405157850083e-01
2.465217121894357766e-01
8.403308772987766462e-02
1.177751418036852155e-01
2.881472803190409659e-01
1.793391390080969761e-01
1.959140024071804320e-01
3.749057871638878936e-01
3.561891846526130667e-01
1.625053454061866076e-01
3.588381880116744971e-01
3.428590765075363866e-01
4.542008818429101730e-02
3.023273641052641181e-01
2.518088141764925902e-01
1.224768691996916958e-01
2.101942332539719072e-01
1.223829003732777310e-01
2.112709457791581424e-01
2.228252173405150804e-01
1.952845286400170244e-01
2.915289605375470661e-01
2.316680025291179001e-01
2.334952984326700842e-01
4.745682172989786896e-01
3.551039499071204641e-01
2.537175640920072972e-01
4.961756192054824210e-01
4.498364672389812968e-01
3.295865115023806635e-01
6.329984508835858614e-01
3.847179335752777818e-01
4.377713858373416533e-01
7.162560496568008972e-01
7.054121186162893853e-01
4.757643593031976592e-01
6.076875235148871957e-01
7.644882555008021274e-01
7.617675046532830230e-01
4.350401875644038796e-01
5.767120169496553483e-01
9.076950233445008065e-01
8.569077809996070716e-01
9.539056836088699587e-01
7.748601461734853091e-01
3.699738794117351515e-01
4.865491828351110604e-01
1.015192224994422299e+00
6.421429528280679921e-01
5.610527634494147931e-01
6.330603709263752377e-01
5.181977036531304481e-01
8.158211897471002727e-01
8.967081519566711956e-01
9.947699849299295183e-01
1.668013485555914333e+00
1.253491133407258262e+00
1.174420829587987880e+00
8.994481580170607948e-01
8.340919343815051956e-01
1.308004136866281364e+00
1.101513757483796319e+00
9.344085201281494557e-01
9.901308780950417443e-01
9.040154793107101350e-01
1.541396481802102647e+00
2.321766203964629405e+00
2.030117937690538277e+00
1.956878938124202660e+00
1.438402627170372483e+00
1.597821629026058510e+00
1.034351155056630223e+00
2.448885096374462944e-01
1.892260302773088598e-01
7.750934017184062386e-01
1.304247876791912564e+00
1.486526825232131976e+00
6.819486647652395206e-01
1.362219987970109347e+00
1.609174162547377218e+00
5.152315745452081819e-01
6.878162073776387109e-01
7.673430167281648506e-01
4.300358379428725342e-01
3.794336545283648610e-01
1.212885446661474131e-01
4.568470364106159698e-01
6.052456640826242573e-01
4.284389604004673058e-01
4.166150644021889282e-01
5.958102909982659900e-01
3.544483982664075605e-01
3.254364735130857444e-01
2.331567217471421094e-01
9.699708480904413455e-02
2.048473946995154893e-01
2.040628471945639955e-01
2.011295588069737239e-01
2.106125169875987246e-01
2.747817506586135994e-01
1.616910561222773823e-01
2.334021290721714492e-01
2.215523074445821528e-01
2.314331972878323207e-01
1.906675210273369447e-01
2.225545167832040372e-01
1.079016806850072591e-01
2.027682392680532630e-01
1.809226854579916166e-01
1.778440712877847052e-01
1.061508706090403681e-01
1.267466495962306650e-01
7.837449502606824714e-02
1.182805410878420144e-01
5.613425917549327848e-02
6.048919581464962808e-02
2.258214140434146658e-02
5.374658739941073210e-02
8.687374708222293795e-02
3.431158031834405375e-02
8.214001246546404067e-02
2.280154776553619186e-02
2.134506595904431953e-02
2.918742799069602364e-02
4.880956583310638169e-02
9.796674358621554335e-02
3.022744706695596612e-02
4.061552496334520229e-02
1.080983530030082441e-02
6.583688149895007558e-02
2.506025947254899092e-02
8.088924398343207145e-02
7.257310576004925851e-02
4.007882637547307420e-02
2.884401471107139389e-02
2.014314415889374363e-02
2.461309257342264231e-02
2.868850164404980474e-02
8.273642064749937852e-02
3.808748864266004591e-02
5.402122965099127178e-02
6.089161823725116468e-02
3.017396046782634331e-02
2.517787281040010858e-02
3.632178187264323288e-02
7.575912649891711204e-02
1.869638766074952635e-02
6.305502072397589641e-02
4.523309993680551394e-02
1.345310176062016437e-02
8.350565203216952712e-03
3.778423317771845841e-02
5.634516065043698035e-02
2.706011355495759399e-02
2.036690154315232495e-02
2.085659669750379586e-02
2.167042678588175855e-02
8.802904647525244819e-02
5.457939420115402729e-02
3.777598887596289590e-02
7.892563000631682216e-03
1.228003852217774035e-02
4.284040809508032899e-02
9.353999889849841376e-03
1.036288936887906215e-01
6.722364844231010217e-02
9.617127984758154849e-03
3.277766067304925535e-02
3.284709083377156114e-02
4.987771964100877475e-02
3.709237802832267283e-02
6.222625241873473018e-02
6.983416941214920515e-02
5.293736648983755899e-03
1.223239180000975160e-02
3.594756228888330851e-02
3.966023810056977517e-02
8.573936694394972136e-02
8.004348131546863698e-02
2.014938347880237263e-02
2.332012758642464795e-02
3.659841693763968284e-02
1.550001192794252421e-02
3.835432243284268850e-02
8.658619433664284382e-02
7.525510774750855669e-02
5.087962589007900133e-02
2.760833509595191429e-02
3.014046409879434993e-02
4.233896988912724119e-02
7.645733804335633210e-02
5.544432056514749657e-02
3.446354131968448059e-02
2.213586022605571607e-02
3.605708846983313176e-02
1.841615218603332577e-02
2.598370070972781318e-02
6.916601784208502302e-02
5.544116859071771680e-02
2.328385877450470792e-02
2.316949313030431529e-02
1.928812503932133063e-02
