1.799361645517941199e-02
2.064714922517499329e-02
1.541422688913925490e-02
2.324597719806991911e-02
4.807753579362047947e-02
5.004169206755825633e-02
3.133926261066267288e-02
2.469638821145954052e-02
3.464201597688864459e-02
1.961102679643344018e-02
1.578104999494908331e-02
2.832092602532225098e-02
3.785123147456877224e-02
3.235275537802320689e-02
1.306637321806382139e-02
4.626851783927851854e-03
2.005103163094739890e-02
3.792925036246220377e-02
4.936402370527973732e-02
3.646313616207614433e-02
2.545466679475108518e-02
2.365242487210495598e-02
1.338747875489877150e-02
1.646535131588371115e-02
3.972624275276467193e-02
4.444605262178850241e-02
2.879273794722858604e-02
1.688651254828637399e-02
2.115222502536289600e-02
1.749063897675138049e-02
4.454224593362827306e-02
6.100970195158166715e-02
3.306809961132992776e-02
6.674851160990675526e-03
1.988959891831704879e-02
1.113331121283571944e-02
1.857608814226101648e-02
3.968319291756518957e-02
4.605106061178095705e-02
3.826379352957375718e-02
2.104383362095324853e-02
1.007288290770742183e-03
4.681630628513136494e-03
2.428272424587023248e-02
4.355142751842513288e-02
3.104503932336389466e-02
5.364533917724621445e-03
1.570923708483835252e-02
9.796945642212610827e-03
1.617131566913680707e-02
4.240571830168414491e-02
4.656872892407112191e-02
2.905286299919460427e-02
2.765391805570902722e-02
1.685934878344459709e-02
8.037408804175444343e-03
3.033201439151404083e-02
4.276904235187908160e-02
2.195857778019134898e-02
1.357814290196837463e-02
3.033645883739464685e-02
2.257164354003139695e-02
2.049788979399152014e-02
5.126656022871536877e-02
5.113452108828634574e-02
1.942866324491212757e-02
5.589643872628651672e-03
1.164718665886329239e-02
1.556832695997574859e-02
3.047209590894855991e-02
5.835082949791383505e-02
4.387516101115804951e-02
2.431363559751705244e-03
2.024239938027922944e-02
9.845493617386938748e-03
1.618191237462808865e-02
3.576808704086095053e-02
3.567638846777571732e-02
1.471401682314399384e-02
1.061587936067474348e-02
1.729829518968501248e-02
2.140456559428005265e-02
2.580526458423240688e-02
4.193959303006363631e-02
4.434591507221131296e-02
1.965575400035496356e-02
8.127791455932554393e-03
1.315670216304022123e-02
5.571661481006083376e-03
1.843979668912203856e-02
2.353183839749298581e-02
1.355312946052021454e-02
1.499025283383478846e-02
2.640552591609433147e-02
2.025534488271455574e-02
3.000280396570438948e-02
4.106805619753881031e-02
3.966999179930064123e-02
2.835916622137854559e-02
1.420687984543226277e-02
1.454249222601474226e-02
1.009820393041204779e-02
2.870398568526620620e-02
4.416379905735041272e-02
3.066618250693995545e-02
1.926107606543795911e-02
1.701829939332012362e-02
8.200121147218760939e-03
2.582276650117013364e-02
4.405594433513146391e-02
4.035395964239574251e-02
1.839474755750071522e-02
1.893155580530888477e-02
1.820364496476792326e-02
1.180264008540782804e-02
1.913427369317678012e-02
2.880646029424139762e-02
2.990022153611595138e-02
2.207377303865115659e-02
1.060717926210161602e-02
2.546458429194760689e-02
3.214824498268568920e-02
4.525081117032426353e-02
5.107498854319499765e-02
4.080915955091725389e-02
2.593948335823250545e-02
2.681098589611875804e-02
1.509808589564689933e-02
3.380538979723947401e-02
5.119456909552214108e-02
2.684801721720188328e-02
1.133485313774412577e-02
2.649470035011889865e-02
3.336780556146712318e-02
2.431149384643655278e-02
3.030075540109552004e-02
2.348863097998878102e-02
2.014068169393588154e-02
1.758974242664800014e-02
8.373757785776335394e-03
2.725024207240344179e-02
3.751299846280614636e-02
3.846457776339490264e-02
2.919632424911432211e-02
1.239259574972780172e-02
5.662047899576861526e-02
5.548574655707701198e-02
4.256110804840996381e-02
6.375602920413453445e-02
5.709306805155719283e-02
4.068202882544687260e-02
2.017067725288588728e-02
3.379706499973621908e-02
1.788116515071612803e-02
9.916950813792509839e-03
2.801384559018498671e-02
2.374973366252026638e-02
1.649475869877619835e-02
2.092146198744639085e-02
7.416461710493297069e-03
3.471347736297617555e-03
5.516600059407859857e-02
3.173265353636893493e-02
3.260017018639495279e-02
3.244496557694386690e-02
3.479417547391348842e-02
3.379444845233100375e-02
6.111863205271981375e-02
4.389681516787803661e-02
6.587995300519421116e-02
4.213653137477844923e-02
7.459549209394181202e-02
1.132996716924666442e-01
5.261221480250077853e-02
1.232454704188195582e-01
6.916131380252391048e-02
1.217848578784293534e-01
1.065889456096854454e-01
6.569693605102273903e-02
7.318978666514035225e-02
4.303345038277268941e-02
8.955406085218417522e-02
8.702691303577381188e-02
4.640362402922593166e-02
5.754341602484176060e-02
6.877061361030807965e-03
5.856416446989361202e-02
3.213210178537680844e-02
1.663529176842865887e-01
2.389495837337173023e-01
3.417994988424966074e-01
4.596574663793350779e-01
5.512235309542954376e-01
7.009136918996112797e-01
8.516180437000140380e-01
8.982819257280367786e-01
1.010440056211353799e+00
1.077034953957767494e+00
1.100256906268829660e+00
1.139961157084418808e+00
1.022298139331737410e+00
8.621245117002784841e-01
7.322983311293932429e-01
6.163831388145182277e-01
5.653845114380625647e-01
4.173589789309679055e-01
3.003790197681763252e-01
1.978383039132155241e-01
1.406317548677709361e-01
1.184581706287675951e-01
9.423343581627895149e-02
5.482514726124217141e-02
3.726946672398201432e-02
4.903647688952700312e-02
1.072371883686751431e-01
1.415091712477692665e-01
1.613705406355044059e-01
1.516304993656952260e-01
1.652187091762200022e-01
1.625770295922184805e-01
2.113361184546572180e-01
3.137848882574301168e-01
3.507776310535966613e-01
3.476217487457264332e-01
3.260159068331640597e-01
2.882174019323845426e-01
2.776891670715578853e-01
2.618979354277912730e-01
2.344008497763855337e-01
2.196858020363364472e-01
2.885156216560088582e-01
3.763422111051550334e-01
4.513308809181423298e-01
5.217003919699459979e-01
6.395001802934293655e-01
5.328407574732553220e-01
1.387064071134320731e-01
4.770657377257941367e-01
8.950678582676384609e-01
8.904634987780369881e-01
6.421639112472631306e-01
3.890919664749463158e-01
3.918847312842314579e-01
3.576762440406779930e-01
1.090915122870189102e-01
4.580946004805452332e-01
6.534003260527749823e-01
3.570300830186989849e-01
2.077659124745204755e-01
3.333373862213503402e-01
1.039747823408674332e+00
1.826820622172991460e+00
2.543988424403674564e+00
2.727917596977520454e+00
7.472687089352880729e-01
3.251167354156224292e+02
2.098556471223192663e-14
3.240555543714236819e+02
4.226430014364452870e-01
4.018807021801912849e-01
4.105803537106625933e-01
2.955938928274017274e-01
2.057913521322064510e-01
1.689034352549242390e-01
8.375878915020529281e-02
4.768198377938201449e-02
8.285505386724702215e-02
9.001052923893218538e-02
3.347853400909565208e-02
4.429588396555357577e-02
2.532749014746005570e-02
2.132800545745147311e-02
7.501104575217112935e-02
1.384231384460734293e-01
1.631598343408171559e-01
1.256499165059532241e-01
7.584788920903215957e-03
5.780433863700760316e-02
1.075789737498733384e-01
1.153305742518174054e-01
6.435079286248203412e-02
2.674228855364766538e-02
5.095967966944264099e-02
2.950279388728948085e-02
3.328310243720674494e-02
7.612286674831651723e-02
6.758707179369337348e-02
6.609220583312507002e-02
6.096165481358332972e-02
8.046646780311583758e-02
7.812575857506955102e-02
7.310708491187409286e-02
9.437423485109983079e-02
6.114054935566641535e-02
4.594129571255014394e-02
2.729630059144700499e-02
4.592905672726979582e-02
3.652157636877437219e-02
6.251070191744480253e-02
5.906275720990936118e-02
2.820706708572289986e-02
3.914693841065062380e-02
5.979101690889802173e-02
6.344501686228110060e-02
7.867533070152525621e-02
8.150753436229003779e-02
8.367623591524961379e-02
1.165758721571586304e-01
1.378622022769910860e-01
1.422032996078666234e-01
1.847582402785576117e-01
1.650638964541736586e-01
2.297060542213906209e-01
3.015232433918257904e-01
2.612827112233251925e-01
3.024424212072809870e-01
2.747658219017229397e-01
2.613554081868624812e-01
1.863287282687424162e-01
2.010771202675723790e-01
1.592563524008795972e-01
1.072969641346121772e-01
9.340886165089348769e-02
7.446043489386217074e-02
3.748620460405496790e-02
2.825089308109537262e-02
1.837422357563681455e-02
1.564708496526043616e-02
3.638097955116056242e-02
3.188473615441511644e-02
1.325092405047955182e-02
5.241106391821882121e-02
4.909672144019170542e-02
1.031623689246430331e-02
5.580310000772670254e-02
2.329146542228697353e-02
3.126016614300169971e-02
5.627327830725750712e-02
2.751791115181841801e-02
3.242475085344544150e-02
2.723433304400337332e-02
5.257574628711114695e-02
1.364706564927423843e-02
5.123340881769657129e-02
4.528282177893119820e-02
1.915076878623936038e-02
2.895827604586430695e-02
4.866264470832409872e-02
4.156476355366336972e-02
1.709393711931305251e-02
3.912844753855131835e-02
5.223371735404638144e-02
5.411145144304773530e-02
2.473388956482605594e-02
3.242139077751231974e-02
1.801688409173201819e-02
1.247121114391540851e-02
6.153554814293802841e-03
2.130345611924836999e-02
2.573340965082055593e-02
5.098052548002939693e-02
3.611141686742946194e-02
1.310618281646026492e-02
1.671273205333756451e-02
2.488611038025855329e-02
1.982943972496175461e-02
2.300188655793760154e-02
2.579149552963993022e-02
2.140356567869728527e-02
2.258585141149511977e-02
2.583108301870988902e-02
5.215873342981818504e-03
1.844915859493945903e-02
3.083540765904470987e-02
3.635473563911516270e-02
2.281046102606692355e-02
1.846515322937196737e-02
1.340156695976858596e-02
1.460544140584199915e-02
2.588119311498812691e-02
5.149254969429097051e-02
4.285429710070016995e-02
3.261666251048073173e-02
2.912595012182002396e-02
9.848300936624669252e-03
2.002293431598159423e-02
2.594716391875737799e-02
2.459397911640606380e-02
1.484834129071149929e-02
1.009391013227918174e-02
1.143720875442338740e-02
1.077774771255292363e-02
2.428688526821495830e-02
3.805982529258115227e-02
3.332332590868926359e-02
2.657628970821933681e-02
2.524237111030767922e-02
2.084250690613355037e-02
2.097193059882224847e-02
3.453146398926246891e-02
3.806582745983574934e-02
3.004815491424204024e-02
3.301867071886008254e-02
2.124416229270126300e-02
8.561325929530651940e-03
1.765290414487654877e-02
2.232321918161305277e-02
3.659424471368513676e-02
2.315654058206522911e-02
2.793105108802688280e-02
2.992253829530882800e-02
3.521930680161405869e-02
5.360362519109881235e-02
3.888001640476149157e-02
1.978340318674082568e-02
2.292140580797424540e-02
1.900356909590288079e-02
1.505347000404184780e-02
2.829608670604067885e-02
5.193340394889701256e-02
4.019089328839846320e-02
1.029671022285670763e-02
2.989714141513762427e-02
2.403137554500089229e-02
1.732352223588606507e-02
3.731485260371553148e-02
3.893520311402557527e-02
2.122252165202913321e-02
1.737826175634557893e-02
1.863827005077931670e-02
1.496773347776602335e-02
3.877128747004822407e-02
5.146528119104322452e-02
2.525745853057630511e-02
1.555470718470603961e-02
2.539364539582996891e-02
1.945525751206461304e-02
2.723360201110095954e-02
4.965856648241786381e-02
5.461110710176542149e-02
3.389449106987978827e-02
2.272801414903082712e-02
1.645615348497690700e-02
1.131010935495959692e-02
1.020962732517699187e-02
3.805060911711221489e-02
3.186185428380382267e-02
7.458894029421846671e-03
7.243939978018766254e-03
1.496275242699947848e-02
1.020006858360824123e-02
2.440317112156763224e-02
3.756093605636948857e-02
2.246422837617461157e-02
9.234155860664066892e-03
2.099858159132805824e-02
1.868719117997110976e-02
1.058378862640090186e-02
2.984568127809421323e-02
2.167735174572783113e-02
2.301193879301538688e-03
1.611549976064988524e-02
2.813166713493877799e-02
1.243817870338675274e-02
2.493355098569477110e-02
4.193807039370445883e-02
2.108441917311023456e-02
1.806974334992966997e-03
1.828272536588460701e-02
2.161439756327963521e-02
3.265127573328433647e-02
5.353303959463331235e-02
5.440731702485746696e-02
3.471039190354159587e-02
2.262021909795288582e-02
1.075848556032134307e-02
1.935542675123082257e-02
3.248349858120545830e-02
2.952338828170490703e-02
1.662336259133264174e-02
1.268653766052045898e-02
2.953779884627039110e-02
3.332325096436238032e-02
3.144246811637581296e-02
3.635765487671011043e-02
3.475380048213964901e-02
8.981616261728681688e-03
6.423585780083356303e-03
1.363983349539443085e-02
2.806361137671024852e-02
3.166895541958663490e-02
3.844284598053891028e-02
4.238587928633559543e-02
2.086566039368457567e-02
4.718451643159860681e-03
1.118114993153075318e-02
2.169802041848370444e-02
2.355569139618589325e-02
2.765934520823499707e-02
6.495242723124856898e-03
4.759101598450985772e-03
2.137597672166860474e-02
2.978617509592954710e-02
3.932232820673180890e-02
3.642625226151970097e-02
3.450191533682963468e-02
3.186844574258441282e-02
1.481088238440577722e-02
1.608341610832871721e-02
2.908251096812624822e-02
4.210481869778306963e-02
3.660047727599462231e-02
