2.064680921774357872e-02
7.060702229574264410e-02
6.342362364064460523e-02
3.646551287089711685e-02
3.437018162643844937e-02
2.376429379777214926e-02
3.087260273723533774e-02
2.618064756000693105e-02
4.799111205739772096e-02
4.396581543781717671e-02
8.883663600453868894e-03
2.389304329330453266e-02
4.742640209038925803e-02
5.106362196150975030e-02
2.957129557100108413e-02
3.875797545490922841e-02
4.070541432483164995e-02
1.648830734649594024e-02
1.953881652060546203e-02
3.060644290134899650e-02
5.128268294742981126e-02
4.315185924442503651e-02
2.229652452891534020e-02
2.734767083503362312e-02
2.300730208563429510e-02
2.815853442325099570e-02
9.660414814255557925e-03
4.808620715039861604e-02
5.564550931423525165e-02
1.250310485351334433e-02
3.199593644683410010e-02
3.175525992657271535e-02
5.241870090306066654e-02
3.779245086842508705e-02
4.075212989040202100e-02
6.908913922009453368e-02
2.566816025806471779e-02
1.661621631808590446e-02
2.239199946774043590e-02
5.156110048986174005e-02
6.435650335854242732e-02
1.635604125487143123e-02
4.453555032985306167e-02
3.251443243609261624e-02
2.448723862163632026e-02
2.593571320452662046e-02
4.844778721542662009e-02
5.460219452766513354e-02
1.710552130987820843e-02
2.191086214888992093e-02
2.853967102916258117e-02
2.924578253298348168e-02
2.062274394423757595e-02
2.477292205181843426e-02
7.155774862765579281e-02
5.550449528822083006e-02
2.112676407620608238e-02
3.377050605646230580e-02
3.600142037166752934e-02
2.868537710881109010e-02
3.099130765868879714e-02
7.569230960156091148e-02
5.450617222926790184e-02
1.733938452861466528e-02
1.675812568154591564e-02
2.595361100026266632e-02
4.652120585800807034e-02
2.575975426997730716e-02
3.124817169765360322e-02
5.784027419281643351e-02
2.456810548217858159e-02
7.918496743491586567e-03
6.629172633148741785e-03
2.645979013647218117e-02
2.889446555023349530e-02
2.635819223424207616e-02
4.783906935142403366e-02
4.120435612521274049e-02
3.282407017759605972e-02
4.175913292962465245e-02
7.557296527521173424e-02
7.294971662378370303e-02
1.987590032695639095e-02
2.811819215074592287e-02
3.539658758826239038e-02
4.286233621530943089e-02
3.561969778783618396e-02
4.461886158027186106e-02
5.334593053535095775e-02
1.524133418218991294e-02
9.429207108765684173e-03
1.606730997550328416e-02
4.254252293357070613e-02
4.774853454195484431e-02
1.993915265684783819e-02
4.308821959090384374e-02
2.604944283801496549e-02
7.868239090900378332e-03
1.386293294920447686e-02
3.166680922904437090e-02
4.931025216178287068e-02
1.721214929684332720e-02
3.260177184250113297e-02
3.070207492757826007e-02
1.152199950275799474e-02
1.542382437972945539e-02
3.312593908068264120e-02
5.637936645629281623e-02
2.739780696578809210e-02
1.532308615707985225e-02
2.375839446094171400e-02
1.955878855853286288e-02
6.106989047657188259e-03
1.805699611740200008e-02
3.864798552680251409e-02
3.488992247055789503e-02
1.082850248456996775e-02
1.733510417071486981e-02
2.608266153067546889e-02
4.263279158237589378e-02
4.090566290901317958e-02
2.798270920336529133e-02
2.893808594663827699e-02
5.493048933814714298e-03
1.673467834085225463e-03
8.044043485208565020e-03
6.644373730598768235e-02
3.815540938332320081e-02
3.071134446130084628e-02
3.362423990163531523e-02
3.197643484711400197e-02
2.706222431358018543e-02
2.672456741526314794e-02
9.153336905734366091e-02
8.867407616781126933e-02
7.235298303953510701e-02
1.391959852762243155e-01
1.930015501122514243e-01
1.928811199334521109e-01
2.784693114070619369e-01
3.247564488777955338e-01
2.655746224904602659e-01
2.845485875666423081e-01
2.546296010267034560e-01
2.163737051793030997e-01
2.234705765592117366e-01
7.906709332876898921e-02
5.772663208064764823e-02
1.168501458845436630e-01
5.325617686904862702e-02
1.232577115880084256e-01
9.828642504223195075e-02
6.326233578508413946e-02
1.334742873548456221e-01
8.003288295750896064e-02
1.233994363790323068e-01
2.506965619573177650e-01
2.960070308672392292e-01
3.913231412889669469e-01
4.357567435453243432e-01
4.690359208421070458e-01
3.452174827712087835e-01
3.056577390739018685e-01
2.307777515417597514e-01
1.930279780827781066e-01
2.591826196692951778e-01
2.241596574520799690e-01
2.463328612073864832e-01
2.811031583410945056e-01
3.543238587341121515e-01
3.442637707667164926e-01
3.188507405480147661e-01
2.509441330543112358e-01
2.769858631289138784e-01
2.486113184979656388e-01
2.255530651062664371e-01
1.070082061856292011e-01
8.440724504148018614e-02
3.921323513587403331e-02
4.680791025857445470e-02
1.286924072551518250e-01
1.701416241034517940e-01
2.430836972674806362e-01
2.479949637093269710e-01
2.293722513426235399e-01
2.906487015248319650e-01
2.878982002435230836e-01
3.628990459737924668e-01
3.284659954876908428e-01
3.313974614537328889e-01
2.806821583293196976e-01
2.370115081051754335e-01
2.457711208493400801e-01
1.987976305154592616e-01
1.991240499305783618e-01
1.832310917658823146e-01
1.331725748201376958e-01
1.060409335397819452e-01
3.749437778554965545e-02
1.383829900457713433e-03
5.429500520775274591e-02
4.645946975417832026e-02
6.228528416339949164e-02
1.518735959836747806e-01
1.789582535507366623e-01
2.326006976980388719e-01
2.847074785202997060e-01
2.320221867075550337e-01
2.560088229369612001e-01
2.323785096159578789e-01
2.028924604965616774e-01
2.147970055659299271e-01
2.722220453340014612e-01
3.046992552135304733e-01
3.634341422974019520e-01
3.694982437303336864e-01
3.402356775548998624e-01
3.201410909570170937e-01
3.583267042625457033e-01
3.269285202998952755e-01
2.510323460456579392e-01
1.998655170284957261e-01
1.528976435496612329e-01
1.182188081222664416e-01
1.143208341635159192e-01
1.510892843239685646e-01
9.652080026231249499e-02
6.398598534412582028e-02
8.930651436485564920e-02
5.686957715543183162e-02
1.711944987316475764e-02
7.910288123760528256e-02
1.053860684239529971e-01
5.360882321136430095e-02
3.700898688267820896e-02
1.196854937148728315e-01
1.679470367301952594e-01
9.104832999812638439e-02
3.749764009329420444e-02
6.912710549997515275e-02
1.341276049993315733e-01
6.420643935769815291e-02
9.806148608989662119e-02
1.472854019843249096e-01
5.576786493612315154e-02
1.267532840626678092e-01
2.754025879891165984e-01
3.360009741255219895e-01
3.052924872132878331e-01
3.489693770215872570e-01
2.965039484759701138e-01
7.518647910542634039e-01
8.788060115329059396e-01
1.489849856203688372e+00
1.973069662193044138e+00
3.225398009816269678e+02
6.559954991634280139e-14
3.250081494249213847e+02
7.120046366376887592e-01
6.094449939673816097e-01
2.554048891106547314e-01
1.548339536593295873e-01
1.173093004702397552e-01
1.002541040900709890e-01
2.452930690689980875e-01
2.239569953044798223e-01
2.232798871487313638e-02
1.342358034795850252e-01
1.362291582167016735e-01
1.529882804569304144e-01
8.381308696634620636e-02
1.302990584137284080e-01
1.732071877075779254e-01
1.370858343689383696e-01
1.246744011607390235e-01
6.297129118519374791e-02
1.176414744978105664e-01
1.495714943388681828e-01
1.142687203973783011e-01
2.291120651761251181e-02
8.292375218871655962e-02
8.694851856170335291e-02
8.141526413809806184e-02
4.645837018076555414e-02
9.454500156092722485e-02
1.017092914473289866e-01
9.081167564278143367e-02
6.568922497760840140e-02
7.885374902861513879e-02
1.218454426205305002e-01
8.909054911199366933e-02
6.744901356756013988e-02
1.379339654920070379e-01
6.655398785945162987e-02
8.874203249877260502e-02
1.430378251418976121e-01
3.245662451257853853e-02
1.494304532186046530e-01
1.437388684148503404e-01
5.647686206070273024e-02
1.652653154425471893e-01
1.244367873285735226e-01
4.343259822774098861e-02
1.546405988793743413e-01
5.991252025427774158e-02
1.347569421870433992e-01
1.139798889663394127e-01
7.307776069652847928e-02
8.708830082883604884e-02
1.029010597028997970e-01
1.100106591127688327e-01
7.101193817389196694e-02
7.712547916428284800e-02
7.370305881556041272e-02
3.057591801755649152e-02
1.080419753306510744e-01
1.448685508674348310e-01
3.525554000764353352e-02
1.202580194599326552e-01
1.279312205361627167e-02
9.170631438767017085e-02
6.313883805773565228e-02
1.671793645050930754e-01
1.156844144059879093e-01
1.916352362061359560e-01
8.270457665096278554e-02
1.354776469275224826e-01
8.878601097293156719e-02
1.546939052514715585e-01
7.284266466050495770e-02
9.642448356648823660e-02
4.024763293113562540e-02
4.114547923337075891e-02
3.706076943409769564e-02
2.059596693739836060e-02
4.228941703021363990e-02
7.085545507603008275e-02
8.360225512532822034e-02
1.134850249413475454e-01
7.202047413952183952e-02
1.313161421039800436e-01
1.368110976859692740e-01
1.517614364953873696e-01
1.054983003990243307e-01
8.699835040680935216e-02
1.083813485115887321e-01
1.324043783561159593e-01
4.226806727899795613e-02
8.185545141595280960e-02
1.629981803950101005e-01
1.105650202775825958e-01
1.194036025412398977e-01
1.713990822846457318e-01
1.958576661582550060e-01
1.727986625937525111e-01
1.265606526367523410e-01
1.218239486968692303e-01
3.325127767067768969e-02
6.629704286794289858e-02
3.797945348827881651e-02
3.131398424276254921e-02
5.203614008122893486e-02
3.111615758449798319e-02
2.078385112941648002e-02
8.386936739896579118e-02
4.442753952535697520e-02
1.148406041037118158e-01
1.625064661207082511e-02
8.046950661503630975e-02
2.136134319084540267e-01
1.497516407502058888e-01
9.731842176966984392e-02
1.309020059033392802e-01
1.205672551943201692e-01
1.389432075493721164e-01
9.398551903686747089e-02
7.437582814700073597e-02
4.448172731931355345e-02
6.810779607253626688e-02
1.283728141461981838e-02
1.451468852298877683e-02
7.206141574571192643e-02
2.772649557072475596e-02
5.697407377707851966e-02
2.117290409384731120e-02
3.372023951387405349e-02
4.113510588798632850e-02
3.572564459277897952e-02
8.307231935832050385e-02
3.594905462613558894e-02
6.627652236014124065e-02
3.840164001356573958e-02
3.383893728359835262e-02
3.902742478375203355e-02
4.115994883873329985e-02
4.835041578337546941e-02
6.702337228797433655e-02
2.691993628317194270e-02
3.093332995967547697e-02
3.259905328434059557e-02
3.130685309758351326e-02
2.633815727293933873e-02
4.210468481481439984e-02
5.176858173894144377e-02
1.574970964726528019e-02
4.686268963609655121e-03
1.585432623151609641e-02
5.074405659704796234e-02
3.758174108913230060e-02
2.998017367889664608e-02
3.817871970738828669e-02
1.175401330416640105e-02
1.640506493301346902e-02
1.775266995233124381e-02
4.354592054264053158e-02
5.081046074072104179e-02
2.480761884803433029e-02
4.571895261230784352e-02
3.088017759145139998e-02
9.959920743419418618e-03
2.294323600462538568e-02
5.642645005225361415e-02
8.309329802292263201e-02
4.140454720145778783e-02
2.659115269706353174e-02
3.275347629196968813e-02
4.918308269365492119e-02
4.953834624852369167e-02
2.192802372195650634e-02
5.569947951858620488e-02
3.103496182288897204e-02
1.957145934534692058e-02
1.119917884123583854e-02
3.889174906950253890e-02
5.441959362714128556e-02
2.529629611058752114e-02
3.455965435187104140e-02
3.578615524543340976e-02
2.363675883315913273e-02
3.328854270064901533e-02
2.716528669238885835e-02
4.886305274971055462e-02
1.580584841564692741e-02
2.911023537436487063e-02
3.129295253630332008e-02
7.868819469831866975e-03
1.990388924538101165e-02
1.513959735216665291e-02
5.728331365020867399e-02
5.346749903954490374e-02
2.791321238550379877e-02
1.698708708442051019e-02
2.266850560222867864e-02
3.706118936618008064e-02
1.523511660043628570e-02
3.724266249226818731e-02
4.299142646678012769e-02
2.507422703648560375e-02
3.113417239786823998e-02
3.585980046936085991e-02
5.123840915341072028e-02
2.881943744915512959e-02
2.587134457366146306e-02
3.829997421768495391e-02
2.800117312884028639e-02
3.865044318121076822e-02
2.508476618403260999e-02
2.911039801096150167e-02
5.488413470936503308e-02
3.092963385455815839e-02
2.299716627781177997e-02
1.905589903347062672e-02
3.359688461490892980e-02
3.427011601100719146e-02
2.305030529913456097e-02
4.576631524824179009e-02
2.835942040348537682e-02
5.667610397298805842e-03
4.881894228833253031e-03
2.208823379299675732e-02
2.563369189954649643e-02
2.429866360925556079e-02
3.936067605699650890e-02
1.602475433615610512e-02
7.840166598584337454e-03
2.194184448051027594e-02
5.078839672836794189e-02
5.678185779625942453e-02
6.424165519886600693e-03
4.500878556800615160e-02
3.489810851195814662e-02
2.113045131115987019e-02
2.954270522240787580e-02
2.750430517086377771e-02
6.281871081171848392e-02
3.360354973167795772e-02
2.841787871074684044e-02
2.309363233566102264e-02
3.992882501969052811e-02
5.740933532875056727e-02
2.620253430149190044e-02
5.374492235140891638e-02
3.513630459144057028e-02
1.328343310828549589e-02
2.089607794013547196e-02
3.250196191842270876e-02
4.291903063509301675e-02
1.650347337468223777e-02
5.583635656956735527e-02
5.706826191234003892e-02
2.155027482760998522e-02
2.567156228319840156e-03
