1.366887249795045375e-02
2.611921743326824780e-02
3.780827600092142443e-02
2.675599715726795225e-02
3.688717031139834845e-02
2.830524126500950921e-02
3.917432516617858768e-02
2.167167784169341319e-02
1.583157443257095925e-02
9.648588949487888963e-03
7.108220068390187774e-03
3.148125218023697935e-02
7.286595134809081831e-02
2.855419937398975816e-02
4.491809477406728812e-02
2.984395827110183572e-02
3.246555511831446944e-02
3.477550507825163256e-02
1.567249559723305277e-02
2.567493285653455956e-02
1.404484831076111689e-02
4.709819278326549813e-02
3.602151635656713341e-02
4.095451637211855456e-02
1.583399101985249677e-02
2.856318304206490258e-02
1.933211149788986033e-02
1.050146247031265821e-02
1.903372007077359582e-02
2.991138728686385927e-03
5.731446495620395182e-02
3.000499835441665375e-02
4.006510128545050231e-02
1.750767258278757010e-02
3.001001768887132451e-02
9.855642042840697531e-03
1.594025012298022972e-02
9.901767908321059547e-03
5.963871891798946251e-02
3.407734318019594449e-02
2.509249898548195773e-02
3.115247680877078484e-02
4.406992281118322918e-02
1.938714208496278985e-02
1.017685991066062667e-02
1.442508145339410110e-02
2.364643733416667976e-02
1.751515661374199867e-02
5.658677495922680156e-02
1.969508248677570919e-02
3.818257153584118241e-02
3.566339619393217586e-02
1.624282800193873472e-02
5.580800317745582793e-03
2.992405627802813273e-02
5.930138017827313313e-02
1.086592151012423686e-02
8.193636407808067498e-03
4.058148750441378100e-02
7.266795266482392601e-02
5.091821081214835398e-02
2.082043689615493687e-01
2.367777118986121587e-01
3.542745530417466121e-02
1.524269291716169421e-02
5.073848758391475561e-02
5.129160654141332043e-02
2.414578593201351098e-02
3.633118660399173999e-02
2.832917905840727155e-02
4.084862335917890247e-02
3.814308948106885644e-02
3.007349574181882382e-02
2.313173737552554413e-02
2.859381624950357859e-02
8.650631840150703120e-03
4.229022358128315534e-02
4.942862470499249927e-02
5.652600143248069642e-02
2.259898016353310835e-02
1.588480763955424022e-02
5.251278327286842962e-02
4.635785627456921743e-02
2.600326983779725765e-02
3.992860138656859764e-02
4.239478224977082793e-02
4.021908451944668228e-02
1.560635305109942840e-02
4.964428793449378319e-02
1.500685046887803749e-02
3.058932400850829583e-02
3.819005977544259745e-02
4.588121536535098161e-02
1.969763932972005277e-02
2.137579550011616328e-02
4.598804833945847881e-02
5.971914690207056481e-02
3.061234489231331318e-02
1.112590663525408856e-02
1.063404469983827809e-02
2.994174379827203858e-02
4.073900886788676262e-02
3.846681315932639483e-02
4.751917552949910806e-02
3.283813071667875810e-02
1.670188311463004227e-02
4.254982936745355104e-02
3.772853489894310158e-02
2.617388539442058737e-02
3.128523839753243052e-02
6.472898677960280123e-02
9.318550845116657308e-03
4.334437784257386128e-02
5.010255816320762640e-02
2.790689875344206511e-02
3.459696627212265757e-02
1.254610093032026974e-02
1.979024070404797331e-02
2.196209681562822508e-02
3.360755282521703941e-02
4.495297635020648747e-02
3.991028982594441166e-02
5.454510370283392751e-02
1.876273189772108534e-03
5.330228415614111925e-02
2.987737514363707561e-02
4.132681069364164267e-02
3.249165077620642939e-02
1.573123337027997753e-02
1.143724717033735121e-02
2.500161126507706791e-02
9.845353056509345557e-02
1.006147284332141179e-01
1.500206729773660430e-01
1.182455066133581423e-01
4.760394400749253657e-02
1.275627844119627506e-02
2.280255767974194436e-02
3.774354681206440465e-02
2.591121549401858432e-02
3.908167895493944860e-02
2.414537313272539093e-02
6.775597412021400201e-02
6.269180691395896676e-02
2.368032263761597755e-02
2.198339089431594964e-02
2.582003420644962341e-02
2.608421521836897568e-03
5.098033400427408324e-02
4.941873631864820288e-02
9.153050539987457601e-02
1.842416552771948199e-02
2.320897733494195134e-02
3.426201882208877031e-02
2.189813210727723988e-02
1.811959055184301018e-02
6.476855709033862984e-02
7.394114233197417174e-02
2.294176716348022074e-02
3.035014766779081663e-02
5.091296119350598864e-02
7.920243021523941385e-02
5.747737360070754448e-02
1.894276746170272738e-02
4.537445112624988869e-02
2.809021320188711743e-02
2.448321845159214319e-02
7.083317250576774693e-02
6.361403802653629869e-02
4.024674853262598384e-02
8.157696441201548257e-03
3.067780494100209865e-02
3.741578219546418810e-02
3.543406397585566886e-02
4.321577935710380070e-02
4.930139623542279664e-02
2.554846313181026798e-02
2.445001650924840883e-02
7.005159089578995302e-02
6.452299655379391263e-02
2.535312133013426644e-02
3.232006935594956137e-02
3.098547597111041621e-02
3.216540428763020598e-02
1.753520888265281893e-02
6.101466819766962479e-02
7.026927201462375427e-02
3.534141043699335488e-02
3.410966566068850125e-02
2.906856864535271867e-02
2.127889743938680273e-02
1.952228957762692022e-02
5.061825896408538028e-02
5.004719376884105703e-02
4.932452655133668512e-02
7.521980206779398451e-03
9.045474976985128091e-02
5.947607749559217366e-02
1.897736048022240565e-02
3.828483182123405826e-02
4.674490669268108189e-02
3.761282986634753578e-02
2.707511038330521341e-02
7.128029593767266914e-02
8.200300274683440527e-02
5.053768872295417297e-02
1.824268804067337435e-02
8.197991199359741521e-02
9.739703347098048816e-03
3.754986108068549683e-02
8.779850125562341234e-02
4.424674532138760108e-02
5.848521078225318859e-02
5.088199591103832048e-02
8.991532766728327353e-02
6.623660008273631050e-02
4.490840817019843556e-02
2.833038255806073769e-02
5.948859282487223982e-02
3.761801858968099460e-02
4.970058295582209518e-02
9.918379184917121283e-02
8.535049370895228527e-02
5.033407523437247871e-02
5.294845488928667104e-02
6.285224658688871868e-02
6.868612073931164297e-02
2.556074531713535894e-02
8.257900499081696766e-02
8.822976651912399493e-02
7.948613489047264002e-02
7.036043278332050621e-02
1.632754519437274732e-01
7.150220104035211188e-02
5.244987690896756038e-02
8.297764772292370861e-02
8.194626007321044459e-02
1.030890122085083294e-01
4.769157749951253439e-02
1.639872126690055942e-01
9.759881691421451455e-02
1.890682476218603358e-01
5.145720076949050065e-02
1.554997519416672080e-01
1.225568935556816397e-01
3.284841866411178368e-01
2.732210033567984420e-01
5.304922104010617590e-01
7.261456847179074137e-01
8.934166110600905153e-01
7.846536031493728247e-01
2.325946674858068164e-01
4.685803825115416044e-01
9.436516859371275601e-01
2.243607879048764797e+00
1.032712343412363687e+01
6.904707432176632187e-01
7.287761079507945716e+00
3.680894407811886371e+00
1.651365466899729961e+00
5.979401440048149885e-01
5.362218026097527179e-01
7.630519117027126930e-01
6.935759709120347116e-01
7.124820355039758191e-01
5.751030130967036413e-01
4.388304214738701359e-01
3.029991902268940884e-01
2.197734862250927956e-01
1.315934585688844360e-01
1.062436538131946578e-01
1.936161497215123095e-01
6.103560967660142528e-02
1.857072924764588961e-01
7.031589791902606579e-02
8.589917275344263747e-02
8.201500999490143884e-02
9.296688815904345649e-02
8.402801804170524635e-02
7.796637278087154010e-02
4.904304668329942385e-02
1.645917685117373741e-01
6.903137643653385613e-02
4.821439391182810730e-02
7.147301804388085655e-02
4.697079143319315281e-02
1.701533819904758188e-02
5.524772969453190657e-02
9.321776739723441896e-02
6.457314385325350903e-02
7.454924197697314348e-02
6.430458451449339030e-02
6.570871000748529367e-02
4.732572116697924408e-02
3.088971107324428242e-02
3.658630039641801168e-02
5.134956683559753488e-02
3.458380475698624723e-02
7.108069257006575936e-02
6.648517244308987939e-02
6.912497606972517472e-02
3.871293327461580031e-02
2.219260693273863994e-02
3.613325667584382783e-02
7.067776873580326746e-02
4.339556938014875465e-02
9.076531400640179548e-02
7.197528792634476369e-02
3.457403279149528358e-02
5.136704130217088077e-02
4.785087219617017995e-02
3.855202916050753242e-02
2.787107794018706293e-03
2.071121102899926500e-02
2.970927154302183473e-02
2.765966584391825814e-02
4.670873906512924834e-02
6.499864188518636454e-02
7.609718921544955661e-02
2.248497831033972189e-02
1.657783018009703624e-02
3.975209139038029388e-02
1.860440586743613081e-02
4.449425326985222140e-02
4.377838559851313788e-02
7.994353698666115116e-02
4.763281270300331188e-02
3.212948382035436118e-02
1.045419612724405728e-01
3.069142970487583402e-02
6.412580736262201569e-03
4.754798478628156216e-02
1.782029558415226464e-02
2.898729240897635756e-02
5.030872834051270531e-02
5.648286538904890436e-02
5.572438540576029470e-02
1.831202204687368967e-02
1.683433367109413506e-02
5.276196459431916480e-02
3.628364129304856994e-02
3.410985713563617627e-02
5.853541144791026690e-02
3.737254270431245029e-02
1.989881642143495610e-02
4.298147005633802531e-02
6.925437893962166358e-02
2.427835343346910341e-02
2.276679696539653935e-02
1.976551740321621717e-02
3.636903980108111695e-02
2.375155786515548498e-02
5.342581357334173775e-02
6.736262632819192686e-02
6.031017834908285885e-02
1.041174109176328140e-02
1.423707586255426073e-02
3.477472882186639219e-02
1.270381413750618256e-02
3.248393974448197247e-02
3.717621247264349393e-02
4.670096464925482804e-02
9.692437776121567983e-03
4.952895849932527350e-02
2.939649718738586090e-02
5.543877297801142606e-02
7.964235267664704701e-03
3.633925193478232396e-02
2.957749143791978119e-02
1.621672072114923799e-02
3.483892956312890921e-02
6.836459419030552209e-02
3.130727407694280928e-02
3.194026813417134153e-02
9.506525651901761784e-03
3.281565368757305423e-02
6.022271778421378619e-03
5.268153672745148203e-02
1.172752725477157754e-01
9.122177017990908132e-02
7.912106930136664218e-02
6.527878985435060788e-02
3.389281067259065916e-02
5.782162536539259962e-02
2.544252444914997524e-02
1.042041610693280988e-02
1.741736227658679387e-02
1.453269343216112910e-02
4.837538970985955089e-02
1.576758564829402673e-02
6.454448134383362901e-02
1.363966200884380621e-02
2.708330128148905142e-02
2.923672724431402095e-02
1.555996377921728749e-02
3.637462814757465995e-02
5.157084869472703531e-02
6.162876842546127082e-02
5.824573082564644955e-02
9.608182678665691187e-03
5.669922953204250410e-02
5.260351686663925636e-02
4.855142980064845043e-02
3.130231721610191031e-02
1.521865207848731999e-02
3.621408218391317102e-02
2.073698946563829956e-02
3.832311749659005756e-02
5.140403208963214426e-02
2.591340615239456219e-02
1.732812676103374916e-02
7.334342922240299524e-03
8.659823384994344217e-03
2.039706723733273469e-02
2.897971106986107701e-02
1.173295662731643763e-02
5.085435017323627904e-02
1.933853918819472203e-02
4.004146650849185057e-02
4.784399783567893499e-02
3.619085808330613566e-03
8.214784560947719846e-03
2.743733970997060470e-02
1.556048841188030149e-02
4.266472186632033065e-02
3.896628217076796713e-02
1.987566359686096518e-02
4.881440423828960207e-02
2.385220615711076964e-02
1.099430235584231141e-02
2.021226692404206465e-02
1.655342567168984619e-02
3.300098158311418062e-02
2.559507645742553628e-02
3.186009174364289737e-02
2.381508349962247612e-02
5.672491322676545544e-02
5.100504427171356076e-02
9.646195871311985873e-03
8.096613707421899606e-03
1.853429071527000482e-02
3.603277907585961115e-02
7.643994534332336499e-03
4.292692210633450300e-02
3.883258632991458403e-02
1.963708688113149914e-02
2.775019867163446008e-02
2.673665748378175125e-02
2.569692482774093428e-02
4.668754433631461254e-03
4.716789676095215628e-02
6.165657644958733030e-02
1.599333701878433503e-02
2.957256524543893858e-02
3.976919786768901705e-02
3.336902963100408376e-02
2.965073431192698228e-02
1.631440230188461668e-02
1.705761319177335339e-02
2.594130901912524226e-02
2.903678380128539224e-02
3.783276008832331394e-02
3.141919699340351563e-02
2.605525673631399822e-02
3.335099283547307558e-02
2.264002639998342198e-02
1.562449155126380967e-02
2.309304719347661169e-02
2.401738791024294120e-02
4.369776850065095614e-02
1.257739421616511401e-02
3.716255349597433200e-02
2.732939503689081270e-02
4.804195610272440908e-02
1.789770697626713591e-02
1.535936779829388289e-02
1.491174111036600892e-02
5.296533499350750129e-02
2.471101619066093033e-02
1.338457323958066637e-02
5.266547078128076820e-02
1.026356301991355503e-02
5.328156269495570169e-02
1.336818096907348499e-02
2.001693104570235332e-02
4.707003024342082571e-03
3.720424128940855862e-02
1.870711639794446837e-02
3.551684180495235515e-02
3.891188630824641420e-02
1.864182235478584540e-02
4.957136063879832855e-02
2.507317229085592736e-02
1.707805728987192226e-02
1.050071312551089514e-02
3.204459453862929658e-02
2.104271235830201467e-02
5.424851609398646801e-02
3.327279015105524124e-02
2.591380559472920495e-02
3.709289486345324766e-02
2.672445606280619140e-02
9.241249270136650887e-03
1.319846443123802622e-02
2.515028560435494248e-02
2.796823497916193363e-02
4.767413383566817403e-02
1.717512164704509264e-02
2.526938239165503475e-02
4.280474121848534819e-02
2.017224263194908329e-02
1.746470745650086781e-02
