3.473861732772159233e-02
3.186702640118205948e-02
2.792753164000364233e-02
1.566963887797601443e-02
2.871345202708180597e-02
4.756953197173811876e-02
2.414133684693254081e-02
1.761141336071766345e-02
2.171138710487924284e-02
1.452661810742594817e-02
3.631838965861904772e-02
2.650815357751266574e-02
1.282018930600989197e-02
2.414479572343577324e-02
2.961484742006696008e-02
1.530294901630864686e-02
2.359191806880453490e-02
2.552190605677067889e-02
3.163626643337282690e-02
1.925287894946692280e-02
1.389707282056882459e-02
1.671974826125594005e-02
2.260001876248004388e-02
2.483019523769398190e-02
1.547484884592262473e-02
1.894102634886225475e-02
3.632284307107278704e-02
1.771463742052722945e-02
1.228660817901476576e-02
2.396751203736279673e-02
2.844126053430335796e-02
1.077472764045989823e-02
8.024724933829448237e-03
3.324135776527674391e-02
2.404457365031812885e-02
3.617763927749840895e-03
2.171210849545297111e-02
2.086282769760829797e-02
1.503329472853680814e-02
2.057576395337136488e-02
2.898681791643740319e-02
1.511777499737751267e-02
1.782416463763590239e-02
1.794009384846931635e-02
1.431494795410235762e-02
1.108311848227227364e-02
7.302521915266623961e-03
7.622573766682249480e-03
2.098028785095725976e-02
1.789129804860848869e-02
6.960026103624797345e-03
1.813588357771342419e-02
2.455394187876475121e-02
1.914788971045730537e-02
9.317468113541154534e-03
1.787846279244707792e-02
2.043999732090666724e-02
1.188210459756671236e-02
1.485987249617710601e-02
1.304519994490522562e-02
6.780853679914058962e-03
1.211560076003775216e-02
4.881221448797715134e-02
2.346494445933975520e-02
3.832069388336145806e-03
1.976784636044738933e-02
1.952690757108910269e-02
6.384603179885877007e-03
4.306655526141858759e-02
2.649452643552148434e-02
9.980840504578297051e-03
2.821613113229683167e-02
3.497985145136441737e-02
8.241426638499346757e-03
5.037424361324933930e-03
2.086055359828592817e-02
4.514020047788053214e-02
3.134239530255814726e-02
3.650353026273362583e-02
3.421191282038980180e-02
1.658963474672972907e-02
3.037102344301421952e-02
2.434688495614091217e-02
2.494631626278032491e-02
1.987675130340567364e-02
5.549955519952407684e-02
2.284104754715027275e-02
1.417427101829800938e-02
4.113422197074620423e-02
4.740747424835521640e-02
2.843728425423867889e-02
1.873158295721921718e-02
5.976499054141850426e-02
2.814276586450676493e-02
4.366928213786709645e-02
4.361254806037762055e-02
4.221979833470894394e-02
4.662029973720152598e-02
1.228569337389138517e-02
5.784201352138995667e-02
5.096051272195676468e-02
4.054697481514341062e-02
1.812886046264700762e-02
6.978728403437896299e-02
6.825807296062398610e-02
1.696073551224343279e-02
4.877829327729397285e-02
7.088514573649169759e-02
6.648260385281604123e-02
3.012160878603803091e-02
3.917838770977300628e-02
5.141179695318467968e-02
3.103179463592178888e-02
2.964966001525274827e-02
3.781035313251196461e-02
5.947521901308150394e-02
2.893705028720073083e-02
9.280787591778531104e-03
4.276662111710990283e-02
4.527868390876998300e-02
3.269588415727845560e-02
9.574457291678682702e-03
2.347169820445536501e-02
6.377150487567410930e-02
3.243132013840718808e-02
2.497579230045677764e-02
9.575483399558324879e-03
6.515372130489018032e-02
4.870052771757171078e-02
1.116400905782087560e-02
4.907098624823807292e-02
4.921837795362253576e-02
1.180723091376072523e-02
1.395392364724339605e-02
4.396938051291281874e-02
6.383981381981736203e-02
4.131086575217296497e-02
6.047256748182491815e-02
8.388943221346682744e-02
3.508944350043599614e-02
1.492446104033136149e-02
6.366547827438846785e-02
8.838510200620412760e-02
8.522898980201253083e-02
9.052432101367077766e-02
1.376657158928797642e-01
2.440950819834040650e-02
5.051985680968997666e-02
4.825824305926115082e-02
3.251227593899104137e-03
1.104993632062971493e-01
1.297307669760121573e-01
5.115173663079106148e-02
7.058168230625740114e-02
8.128614448293700057e-02
8.083738010695985798e-02
1.077451417803492184e-01
5.741584090491910070e-02
1.384006097605924024e-01
6.124219207380698915e-02
9.623434424453797265e-02
9.772095499015615028e-02
1.051137146962636826e-01
1.905544677010866106e-01
1.620389043967925546e-01
4.060667625801301500e-02
1.659121636115192533e-01
1.733701812926068675e-01
1.468092900555106051e-01
1.145301063702175715e-01
8.238872178833996085e-02
9.417458167503826860e-02
1.463057503168964033e-02
1.602675669006950188e-01
1.857060105017067364e-01
1.517837802784914314e-01
1.673723379406257261e-01
1.018386292853550451e-01
1.194999936538556351e-01
6.444485959173698597e-02
2.103908824219291318e-01
2.107557392949368225e-01
2.627295239753679734e-01
7.314819702231352139e-01
8.666700810838358082e-01
1.141072820280387035e+00
1.336008833976631838e+00
1.692365777753188194e+00
1.949763624130813389e+00
1.965149026657645459e+00
2.310985927254614936e+00
1.902007483771000818e+00
1.369209713664816697e+00
1.552154448845914914e+00
2.554853655357887110e+00
3.657588207822862092e+00
4.117427862663388005e+00
3.863772190487472447e+00
3.722884396859622136e+00
3.814801964482676944e+00
3.685445333550293689e+00
4.038473437802964305e+00
3.818512007878165804e+00
1.826182091084263881e+00
2.146490889261908119e+00
4.966938609784954828e+00
6.236719791694608439e+00
5.157407775382330861e+00
2.336525166010563481e+00
5.557396863347429106e-01
1.594130177767389744e+00
2.510470405791459303e+00
2.780802648725922310e+00
2.243156285004950234e+00
1.807226913811365909e+00
2.477134495102604195e+00
3.664542154328547685e+00
3.180229028609137032e+00
2.610939339864770670e+00
2.779472773661918694e+00
7.168148506618512439e-01
1.220767891793415716e+00
5.631525613304021460e-01
1.358337306497013230e+00
8.441073090091542053e-01
1.974574456207113915e+00
1.366048919530993278e+00
1.827247063618993916e+00
1.038738049792635953e+00
1.443125830825447542e+00
9.044755131858148722e-01
1.376964083877906475e+00
1.410443859841372882e+00
1.834523908126721947e+00
1.492004741413197388e+00
1.496830887165917945e+00
1.356387503765250635e+00
1.386569393917055137e+00
1.487608330471121842e+00
1.290239648493726188e+00
1.484131260270888264e+00
1.294168249452083419e+00
1.468398610297226847e+00
1.371088611187706308e+00
1.438072046899504519e+00
1.389200366950410714e+00
1.388481022680234878e+00
1.649795304056888900e+00
1.525994719996951465e+00
1.787555786054994655e+00
1.762844663605956264e+00
1.526426607886161468e+00
1.937184033852315634e+00
2.149237563809231144e+00
1.621038201950229851e+00
3.269755503171949158e+02
5.194776864906343740e-14
3.232241618301003427e+02
2.019627576916111167e+00
2.592370387296244250e+00
1.578543513701431644e+00
2.762555228529041784e+00
2.601702791049293584e+00
1.860479031339907996e+00
2.154445153257341428e+00
2.047157924649583904e+00
2.002990450681487733e+00
2.053659206923450053e+00
2.075913753116584104e+00
1.976177220789640643e+00
2.040638686835609228e+00
1.936878769065148553e+00
1.985391531934391329e+00
1.982421495122625110e+00
1.943758443853027318e+00
2.023472328749023497e+00
1.980826729558287980e+00
2.060005068346865365e+00
2.128985327934159510e+00
2.231331121924784888e+00
2.351013143129010441e+00
2.360630045380350150e+00
2.251832040757550057e+00
2.296414158921741500e+00
2.201606084672171892e+00
2.275895683786882451e+00
2.025523513370720785e+00
1.801194225906758595e+00
1.723688980897516654e+00
1.608907057619401781e+00
1.711980185582011815e+00
1.581490753277195571e+00
1.614981653740818146e+00
1.424352366662271718e+00
1.946704251666496077e+00
2.146122568605618675e+00
1.976450648853879111e+00
9.206902616913000825e-01
1.233595596071223932e+00
1.635354719173651050e+00
9.206232558054213699e-01
7.813668074510914385e-01
1.285924058310183193e+00
1.224418677966416125e+00
4.556960058598165664e-01
1.798429330363922718e+00
1.977805202130856754e+00
4.953775240294959192e-01
7.733326692203775776e-01
2.983312336428391998e-01
1.133575939325457416e+00
1.654811867341420051e+00
1.271227607357217071e+00
6.891804042318884216e-01
4.766690174271238090e-01
1.263647457721036593e+00
1.678225753185256686e+00
7.347801728039886626e-01
1.012944063126539174e+00
9.398426683442844265e-01
5.656721042092449636e-01
1.028832720784171872e+00
2.206107323710567447e-01
1.128241817377779510e+00
3.346394602458649947e-01
9.162481459383544635e-01
7.697510904296902545e-01
5.017175769610134894e-01
8.493938880851905626e-01
4.846044839572899998e-01
6.704125892164825018e-01
6.238131989971972269e-01
5.782495127921550848e-01
6.010842890570639030e-01
6.736985995970538044e-01
6.613869626357509190e-01
5.904516326538495896e-01
5.703402606810028530e-01
5.412032121494824155e-01
6.141473762703645312e-01
5.996144303106950568e-01
5.975231155456622867e-01
5.878553133845789702e-01
5.693287660247723370e-01
5.845611372318643140e-01
5.407992339134590765e-01
5.551488956341109615e-01
6.064065651702043036e-01
5.635540989708971438e-01
5.386836490383123399e-01
5.527656287154616432e-01
4.929560285840908773e-01
5.121721145806614750e-01
4.850235034538530887e-01
4.386283331985894596e-01
4.421670143914658846e-01
3.910662009431979391e-01
3.362323923680688997e-01
3.394132980186673754e-01
2.635592752068016686e-01
2.954397673367195609e-01
2.110967685160900220e-01
1.935053101088356209e-01
1.888050577546678543e-01
1.445538538966392728e-01
1.639269784737731328e-01
1.513306781748439411e-01
1.145952397257513078e-01
1.590976200330314061e-01
1.670787123676691077e-01
1.107172506745017077e-01
1.093977388353112312e-01
1.257559093739333556e-01
1.322760711059287331e-01
6.578889248259378597e-02
9.068948288943262659e-02
8.489479730885099440e-02
5.853980158266505057e-02
5.170012038864156556e-02
4.744844542383901825e-02
9.300244940334975730e-02
7.679098095331091112e-02
4.034326911091835888e-02
1.062412582992276616e-01
1.175996117851347972e-01
1.031227319019759198e-01
7.015207169053382097e-02
1.098742013941110263e-01
1.387252186612694949e-01
6.929519429727265534e-02
1.070725699641347506e-01
4.776013829941209293e-02
1.138606411135359708e-01
6.565272902115081022e-02
7.129651884735863088e-02
6.481466584397559128e-02
9.604396091430345006e-02
1.127947841981906257e-01
5.870974816885384667e-02
1.319341964999503902e-01
1.165506630945180450e-01
1.336499159490829314e-01
1.146631844464083977e-01
1.173618012436793007e-01
1.785807983744416294e-01
1.177876743470979287e-01
1.381010388677343659e-01
1.336813263922896622e-01
1.570112142041656667e-01
9.608883597672412957e-02
8.380460548156719314e-02
1.237327524226898984e-01
1.033569186931647538e-01
5.099648587028318691e-02
1.022527828004434342e-01
8.297194464416342286e-02
7.725807783508449600e-02
6.311686648181727421e-02
8.642647810474603232e-02
9.361521201030183204e-02
6.448126120068010947e-02
7.464372859763691859e-02
1.074697300925761129e-01
9.904877250597546312e-02
4.390734458439293081e-02
7.106063031650824979e-02
8.317973584393209552e-02
6.985359869390854459e-02
4.598263774231138579e-02
3.909641952849637198e-02
6.517716549710532437e-02
1.456184416630828052e-02
4.194750109403505567e-02
3.634979188983871595e-02
3.786456065784697678e-02
4.438087846009723669e-02
3.829088422109668682e-02
5.223857314953200826e-02
1.149837248333694141e-02
4.330076607939753464e-02
2.954336518323461350e-02
7.577995501254854160e-03
1.389968656438178921e-02
4.723677052643950047e-02
2.408891990534504576e-02
1.154353138902674235e-02
1.898092756823005836e-02
1.843355651738422599e-02
3.077263933331221991e-03
2.241653117377644458e-02
2.337248465086474991e-02
7.075401890853185750e-03
2.725475039215963929e-02
1.969737299813079448e-02
2.503363173989107612e-02
2.731832523405420057e-02
9.355147968535105704e-03
1.593701407189654709e-02
1.961103824044652111e-02
1.543741168552480517e-02
4.448188083788770682e-03
1.525363874379727369e-02
1.340520023605627775e-02
2.276748094373365686e-02
2.217687795181390656e-02
1.405034576934429888e-02
1.631320658683382135e-02
5.754677550053571844e-03
8.735440976260109777e-03
4.780141626250839285e-03
1.800142289531285467e-02
2.207984383952038901e-02
2.003121983538374423e-02
3.434908426505930978e-02
3.403135311752625985e-02
1.397155678073463622e-02
1.339462408310925119e-02
1.722846777182028902e-02
4.451292756133696377e-02
4.912280453534371288e-02
2.758521764436671839e-02
2.193662834247171040e-02
2.595485596151272598e-02
1.262138566832152024e-02
4.557184805443467712e-03
2.380588713605595944e-02
4.441561608537907685e-02
1.580671934726063030e-02
1.416670384602063647e-02
3.226293415598013858e-02
3.639812737992952768e-02
3.514663810663474358e-02
3.845658368710260649e-02
3.715996014695831240e-02
1.030901377832795299e-02
3.335144734420814744e-02
3.767056450082581498e-02
3.593436898676152791e-02
2.706799715213215052e-02
2.946196520063416868e-02
1.074301673157951158e-02
2.648803531507361309e-02
4.418148978762497653e-02
2.169600744318474217e-02
1.835853264742666469e-02
4.192445819952897446e-02
5.631401723376701363e-02
1.825360312673118476e-02
1.613669605211907540e-02
1.947734088790733370e-02
3.309656895462642634e-02
2.328508978128836573e-02
