2.347155220297752198e-01
2.649062296401691330e-01
2.401448753837926164e-01
2.787898483035826658e-01
2.478530546496079123e-01
2.606696582636683912e-01
2.189369499835115696e-01
2.368533667224690942e-01
2.373729516430619080e-01
2.877567693648340197e-01
2.560105210110159568e-01
2.644402612573065747e-01
2.397449437954378704e-01
2.639372708712869886e-01
2.607497053450665292e-01
2.908619329982504720e-01
2.572842955851512570e-01
2.556358523020195728e-01
2.300599086854863140e-01
2.713539780254715095e-01
2.751386362336660230e-01
2.886271347511185081e-01
2.597568462103664322e-01
2.590529604711762079e-01
2.379851999728508916e-01
2.510097595999659092e-01
2.528212919407876735e-01
2.600886339495845911e-01
2.186707923066814885e-01
2.089511877354325864e-01
2.026151230404739101e-01
2.373675230603076725e-01
2.632044201715628695e-01
2.666998003835164832e-01
2.365436436321805280e-01
2.317655824315168200e-01
2.227346474749863359e-01
2.561885587448612389e-01
2.884512519668277486e-01
2.747889273302433488e-01
2.451450121154123418e-01
2.366593538113601625e-01
2.427978536288145639e-01
2.543501818942047743e-01
2.590114742646426604e-01
2.635597716449091243e-01
2.393761100166335865e-01
2.134921761243832594e-01
2.265637116831793196e-01
2.406153163183317178e-01
2.748803654869382829e-01
2.718296326404090468e-01
2.524375356364562673e-01
2.193555154860084011e-01
2.374122067741386566e-01
2.254735816005223048e-01
2.555382549496449385e-01
2.606861628432906586e-01
2.800581051187251425e-01
2.530851900904165785e-01
1.977085299214213221e-01
1.796932437466130239e-01
3.378657626770837363e-01
2.816916711735481527e-01
1.944065870963539167e-01
2.266442030563777799e-01
2.569302091224506812e-01
2.182504641202375195e-01
2.503589070131708172e-01
2.250632120535628888e-01
2.094123898187248145e-01
1.991184977341631801e-01
2.268723603583669979e-01
2.188998732083670962e-01
2.647492606605431620e-01
2.446086971380367625e-01
2.492475120083138818e-01
1.930910727851496422e-01
2.320307366813202654e-01
2.455829429953236276e-01
2.854004748542109393e-01
2.278718948106897013e-01
2.291069637467826325e-01
2.201299133924218276e-01
2.768694907264300786e-01
2.795587078201065556e-01
3.028213678570523260e-01
2.329045061273012363e-01
2.289892644095192775e-01
2.037946786881713046e-01
2.448607757445717126e-01
2.351857144511086684e-01
2.677537957943715852e-01
2.412053354475745537e-01
2.282069864091372524e-01
1.777890626150683828e-01
2.057765031137790412e-01
2.250481591634815315e-01
2.668730380883564401e-01
2.358432432141735480e-01
2.344939213137366973e-01
2.049518358511036864e-01
2.468044322269984658e-01
2.540182141409536021e-01
2.732748139550909561e-01
2.378049995173152353e-01
2.123984204188234526e-01
1.885837344648315095e-01
2.671124648400015622e-01
3.055580822748113490e-01
3.139099132847794626e-01
2.498935152772769064e-01
2.216701099536743658e-01
2.022268593378165613e-01
2.293893471948592611e-01
2.385011787769396596e-01
2.717108332558931805e-01
2.402850310141362022e-01
2.129434696443407160e-01
2.014777803282523927e-01
2.226315346482787561e-01
2.625479104113289108e-01
3.036992853627903943e-01
2.516273035792795376e-01
1.991989140460102836e-01
1.881131805094541920e-01
2.203248561676026673e-01
2.667411126810270150e-01
2.555293758209560284e-01
2.068926290261184631e-01
1.540063324584681759e-01
1.925315193239123535e-01
2.211344325861711313e-01
2.718388276680296367e-01
2.669157647349718609e-01
3.292256461673868095e-01
3.193801675509947979e-01
2.278983393691013937e-01
2.249627942922261259e-01
2.682944234368890846e-01
2.721234250411572742e-01
2.828495588305536823e-01
2.384960710143540497e-01
2.350605437524746766e-01
2.462291265004300511e-01
2.848187214097001041e-01
2.786513692816157683e-01
2.803290295803658738e-01
2.250280101153703527e-01
2.143381405669548823e-01
2.179462943302394040e-01
2.926099277844728674e-01
2.833724415153302534e-01
2.721397510248180218e-01
2.096637836042915537e-01
2.209129845490452881e-01
2.284745747027917551e-01
2.935454137339444936e-01
2.705801883552929055e-01
2.471637044745315648e-01
1.869651897187289968e-01
2.122837956375740187e-01
2.036913981021185593e-01
2.499093878460884044e-01
2.505015342890991037e-01
2.620185268653674182e-01
2.024712837857690628e-01
2.264487743448741763e-01
2.313904139802344662e-01
2.822841599408864033e-01
2.511156861316268807e-01
2.589697757233838660e-01
2.029698101311087910e-01
2.406646678025106956e-01
2.432529747414356180e-01
2.879735550678492184e-01
2.520091821963640899e-01
2.475950284609537699e-01
1.976234691643180275e-01
2.172183281100636409e-01
2.474357530131927052e-01
3.306043345221528207e-01
2.910723794986602164e-01
2.731605400658329019e-01
2.155528162276051929e-01
2.331365340827862564e-01
2.346692943793179664e-01
2.796735750727386005e-01
2.568264947078005567e-01
2.432693042489584012e-01
1.995692541585158963e-01
2.408302216542425045e-01
2.497647034145556166e-01
2.802276472466922463e-01
2.664520762422646905e-01
2.505770611047357099e-01
2.030228066400657783e-01
2.150978285183414718e-01
2.437132569877391020e-01
2.840878101722005833e-01
2.736579747159390008e-01
2.660092848982963387e-01
2.272268216473473379e-01
2.495419311581377197e-01
2.739458027989500333e-01
2.966126185769539791e-01
2.813273677950327567e-01
2.381351493824208632e-01
1.833692175794673640e-01
1.746139820145309607e-01
2.142356420458103594e-01
2.640609940335942318e-01
2.505152173527692150e-01
2.328844435413361946e-01
2.251217341909770298e-01
2.192036076952200152e-01
2.430534971063340322e-01
2.649457884683755204e-01
2.720148757665272754e-01
2.356918184223592838e-01
2.097581863639357835e-01
2.170161179284134934e-01
2.574764578043832186e-01
2.711865238841866255e-01
2.893852528662453349e-01
2.335812702608189018e-01
2.107601007015294514e-01
2.054076272425968963e-01
2.606939379946527913e-01
2.744740084903835031e-01
2.896286022298583673e-01
2.159885954903341121e-01
1.471217718474974179e-01
1.394478496172934512e-01
2.395584675909353256e-01
2.565242161914823571e-01
2.654581178603399594e-01
1.907219094738232257e-01
1.864507477277499714e-01
2.029087948918349982e-01
2.738300952287505141e-01
2.596535642634610341e-01
2.641843315677547821e-01
2.080581996453586269e-01
2.306152819681195620e-01
2.085738251729544745e-01
2.681886038077762047e-01
2.358585278279238806e-01
2.613652314867709880e-01
2.378544227076808959e-01
2.111100892229150483e-01
1.545667886453326312e-01
2.302136293259996469e-01
1.737531997040471787e-01
3.845302843491744671e-01
4.238566910594297465e-01
1.911157889985637959e-01
6.624403522187166660e-01
1.981728213996658550e-01
9.674376113301054181e-01
2.755755529948937799e-01
4.439911585440477482e-01
3.079301369229676677e-01
2.881452968832999839e-01
3.920024277325763751e-01
6.028215970394489309e-01
5.457635162073675161e-01
2.904350430769074842e-01
1.839753769652159587e-01
2.116294335066193077e-01
3.039827171700056341e-01
2.882352270778529291e-01
2.628519064980924247e-01
2.727826736706033817e-01
2.777456311023250302e-01
2.998199393696297510e-01
3.474321638723983363e-01
2.422414477792025900e-01
2.040272441593700692e-01
2.105229112980080697e-01
2.335657311285707638e-01
2.243760920297651618e-01
2.844268497932350148e-01
2.971683670609506223e-01
2.870103994825993210e-01
2.207457260038245828e-01
2.154788769193435316e-01
2.476636187608165229e-01
2.908360505371401783e-01
2.939096528306671119e-01
2.774862175397435626e-01
2.157780533298439829e-01
1.934233574609215689e-01
2.294882365657432977e-01
2.652019932645965916e-01
2.538706923002387317e-01
2.424927590271109823e-01
2.121410459642290025e-01
1.999384439097975641e-01
2.148284442787352366e-01
2.315121614777909675e-01
2.606767979833902182e-01
2.415875474853497185e-01
1.709020593870638483e-01
1.642332868779359523e-01
2.620578289337179290e-01
2.935694682877018069e-01
3.036078111380716704e-01
2.654285241149553221e-01
2.406223711653958097e-01
2.211236229815674581e-01
2.642883427529174045e-01
2.764381177129752731e-01
3.040657835459187330e-01
2.569408555660495641e-01
2.344646531749035312e-01
2.173169580323722760e-01
2.548260493224966394e-01
2.694730204364068071e-01
2.944121610770913944e-01
2.532710811550086261e-01
2.295858119477695025e-01
2.020826355237378136e-01
2.421790113227543506e-01
2.514412344480847494e-01
2.931473091962985000e-01
2.493516007145759883e-01
2.302732708254942862e-01
2.162740622159340653e-01
2.991599495512528573e-01
3.103177482353612904e-01
3.101097436883480385e-01
2.533605986418330236e-01
2.465059242265850714e-01
2.142941457270860772e-01
2.709821128364471865e-01
2.608754755119545576e-01
3.104010778327611075e-01
2.584170645401177580e-01
2.158384706965778832e-01
1.820320474154176749e-01
2.536774661481467352e-01
2.527468901838900717e-01
2.776317826326502036e-01
2.386784226358995842e-01
2.295765460752861864e-01
2.054137039778363150e-01
2.827296311651922855e-01
2.912594852832942061e-01
3.042044291075639562e-01
2.358743971697215558e-01
2.320425550597132458e-01
2.442417118773238804e-01
3.055652780787874168e-01
2.970731299772182976e-01
3.028371701362207458e-01
2.270180879790221207e-01
2.287990530968609382e-01
2.313149706323022192e-01
2.647159529409284229e-01
2.588393052924721771e-01
2.660942416125559040e-01
2.292721554736913137e-01
2.362288874035438635e-01
2.138095880007664928e-01
2.617209358155394572e-01
2.800721057029758598e-01
2.844388414034485502e-01
2.457804571732481735e-01
2.322999310486988933e-01
2.094659602452068614e-01
2.541633908420541377e-01
2.757802534453315246e-01
2.657526573372804846e-01
2.375532933459885976e-01
2.428123458695431447e-01
2.759380973292371309e-01
3.258513886261593107e-01
3.216822683046528519e-01
2.843075233938608393e-01
2.254303762639452702e-01
1.866597426915783398e-01
2.079315389579360074e-01
2.730684420424591696e-01
2.752027689432104962e-01
2.240100184041286802e-01
2.070918511665335859e-01
2.122771007691119649e-01
2.304620419834038925e-01
2.482686850824657732e-01
2.600496449944616484e-01
2.472679264140823507e-01
2.280641577658795716e-01
1.943249208098326575e-01
2.247475049217672327e-01
2.523902096985494170e-01
2.895023941922200694e-01
2.767025771500736808e-01
2.617780586660942155e-01
2.311961040712389448e-01
2.464849554727951420e-01
2.452616087598262495e-01
2.784732637187296023e-01
2.641943456777757770e-01
2.503297732110871809e-01
2.056091998404998844e-01
2.342924706998158746e-01
2.361494191628862593e-01
2.729726523879206224e-01
2.341313381764886237e-01
2.304705958904479102e-01
2.005338881292722808e-01
2.294887263693746182e-01
2.411583388077256640e-01
2.946156248114382703e-01
2.602518388159476004e-01
2.495199567700737142e-01
1.975285293341097759e-01
2.393878831037311306e-01
2.446056439315124620e-01
2.831590520107363229e-01
2.471466966411732802e-01
2.340101195285142488e-01
1.946348265655931387e-01
2.379329522568820188e-01
2.309451374136164414e-01
2.826235199938827991e-01
2.550698253020691753e-01
2.376392012165854384e-01
1.813067300652423108e-01
2.420677725538184222e-01
2.550339932292787770e-01
2.882133741277012606e-01
2.426152689531823337e-01
2.388093094405271399e-01
2.089176138736885402e-01
2.523778956618620839e-01
2.612926092939987788e-01
2.745803131901518035e-01
2.233935946661684824e-01
2.273292340258768196e-01
1.855570986392067467e-01
2.267620382532886669e-01
2.408609514306138677e-01
2.738144854412208895e-01
2.543797647255668370e-01
2.455043117990269030e-01
1.984283916869359066e-01
2.443510809148956020e-01
2.594503854657034814e-01
2.944142082419454742e-01
2.713847570080195060e-01
2.486244421622474665e-01
2.210825829792394392e-01
2.453695481491563191e-01
2.419494781987248377e-01
2.553039640992796899e-01
2.390153943449105090e-01
2.260497654553426383e-01
2.073272718791669134e-01
2.323052126563242004e-01
2.350693660292348941e-01
2.403513396575300276e-01
2.359961972330611446e-01
2.434331993141949646e-01
2.296318647581230277e-01
2.454257794677155990e-01
2.715692967949971948e-01
2.748065785584541398e-01
2.430139508673953286e-01
2.196808968081264690e-01
2.213563496499751926e-01
2.381388938688255297e-01
2.563989290026339463e-01
2.369780571985141693e-01
2.356727565434024729e-01
2.219953680965836007e-01
2.113012897899226861e-01
2.382179206841761043e-01
2.892960918817401583e-01
2.692038933377246535e-01
2.529794785027337789e-01
2.196290266423075732e-01
2.493020736432529916e-01
2.492481036108682435e-01
2.723710184715557592e-01
2.689016039476110342e-01
2.708817116798389324e-01
2.295077704067551017e-01
2.371621612661772571e-01
2.310387194600565519e-01
2.818136157073995451e-01
2.556793125542820011e-01
2.515515260511239082e-01
2.290681030972761267e-01
2.500288858239636536e-01
2.411038429715331444e-01
2.564830291272651164e-01
2.363686812430609019e-01
2.698492119547822310e-01
2.300770079178753869e-01
2.493858819924913428e-01
2.323140255120607900e-01
2.679947765622938682e-01
2.406187355274239659e-01
2.496298936444354688e-01
2.099857292362846128e-01
2.433907241030648927e-01
2.379733862647735176e-01
2.713685793165370730e-01
2.427188914692476884e-01
2.611253982702740339e-01
