1.033584259317392971e-02
1.726783974160370910e-02
9.103442851677023828e-03
8.447195741650788750e-03
1.178962108770175918e-02
1.684698041046923944e-02
1.789431360846931163e-02
1.548206853660022767e-02
8.586131278140016546e-03
1.003289234975643200e-02
2.021237552981340613e-02
1.664259412474760474e-02
4.850205888243847019e-02
3.881373754861685427e-02
1.953509741647737469e-02
5.955676523491285936e-03
5.451742392112887171e-03
1.479060320469982419e-02
1.394328433178292949e-02
1.324866030908009203e-02
6.221998035390295147e-03
1.485044363546498755e-02
2.803933842762509725e-03
1.673578133522252154e-02
2.341987652072274884e-02
2.395178476951998967e-02
1.481992927956463091e-02
6.430696743537536730e-03
8.378088924226022652e-03
1.081968012326131427e-02
1.193967496773870249e-02
1.142712030317954682e-03
1.011336578746513046e-02
9.148656321014329504e-03
5.526207286613944378e-03
5.242513180833289176e-03
3.254098077830793433e-03
6.089013314886597590e-03
5.303772877312389403e-03
6.792783984034240531e-03
1.587056478070753354e-02
1.870217351147123591e-02
1.007470185925299182e-02
1.108561706441925712e-02
8.732659764305289452e-03
9.253612629044267665e-03
1.181011958761765158e-02
1.892524481602243097e-02
8.620875063125758159e-03
9.749876451464042568e-03
1.183810588878972565e-02
1.480675111269221834e-02
1.557658550916779690e-02
1.213315223183665352e-02
1.872054999630744232e-02
3.035754296575495295e-02
3.280724442333153579e-02
2.899847674785828791e-02
3.797450739412805421e-02
4.489608451421907981e-02
1.196455622480262632e-01
2.222330615820894695e-01
1.197890929690189621e-01
6.872666304144611771e-02
5.699519508758600639e-02
2.626003849267813037e-02
2.835480947252893777e-02
2.347431583305348290e-02
1.654184837707955297e-02
2.476215477531082398e-02
1.426342910749840709e-02
2.113382151030275199e-02
1.776320413168938628e-02
1.285309056705539327e-02
1.114670909519208976e-02
1.645912789302317672e-02
1.229902486802521289e-02
7.596885243871726902e-03
1.455851081790549180e-02
1.435142825005531093e-02
1.781672265671884609e-02
1.675536700574206325e-02
1.552017821183093033e-02
1.897266572882914601e-02
2.165097783214259275e-02
4.917443889920600913e-02
2.630592693223371761e-02
8.996656918479241025e-03
1.586189883748882062e-02
1.448145109493808452e-02
3.958154113556142974e-03
6.223045402009422244e-03
1.055913694062463049e-02
9.468376293412135436e-03
1.275484523720244769e-02
2.421402527818683828e-02
1.909552750444643357e-02
6.058100942794078340e-03
3.824739731154949696e-03
1.616888464896675676e-02
2.450608576216901577e-02
1.303899822199834461e-02
1.590645391906338885e-02
1.072327298836843294e-02
1.025253317448068108e-02
1.529252716846588381e-02
1.507381677358632724e-02
7.139220350028104532e-03
1.725561217390554625e-02
4.229171363522869764e-02
5.958334581275091107e-02
2.599012411773373582e-02
1.818988243023764162e-02
7.036023100881645675e-03
1.790864752681401231e-02
1.449886354045852067e-02
1.626192729080845265e-02
1.217533259680612587e-02
1.029999192537879756e-02
2.629012494824366220e-02
3.108977813088397574e-02
2.582993955210580866e-02
2.394324658924399524e-02
1.955591804235935066e-02
2.135446907600176830e-02
1.905050070588292996e-02
3.720635906425670547e-02
9.946874326259994362e-03
1.376238395632153368e-02
1.785694006064060535e-02
1.179693222369747850e-02
7.152968125694844637e-02
7.070020902814146135e-02
5.296709864286677089e-02
1.116907514368124105e-01
8.546400163067402467e-02
5.458117288495220598e-02
5.932071147540678852e-02
3.197130444755559575e-02
3.336688487194853364e-02
3.298263073231581105e-02
2.656727341590845934e-02
1.746481957730573395e-02
1.255013134426973161e-02
3.798360222653227643e-03
2.797789061760803248e-02
2.358199569391566594e-02
1.120890737440907378e-02
1.180648524954485724e-02
1.222184788360579193e-02
9.358807448395763465e-03
1.728318521172021727e-02
1.868216458089447252e-02
1.338387422968983533e-02
1.785455019286117523e-02
1.476683736388050526e-02
1.202378656901995774e-02
1.618151563075016092e-02
3.015272062387083438e-02
2.133615602479509155e-02
5.448061106113490960e-03
1.578841296764910487e-02
3.022933579652843997e-02
2.211704702391904809e-02
7.775433189501761502e-03
1.329531349774560299e-02
2.702953392429000359e-02
1.812904081612650223e-02
1.112322647208547136e-02
4.562760267979360830e-03
2.064682181811220568e-02
1.851581255682748298e-02
6.272843740370699812e-03
1.505722476817163667e-02
1.610770258257052112e-02
2.361148356365486145e-02
3.417683919300909534e-02
2.125126512409595408e-02
1.346663169091500377e-02
1.469764420992337138e-02
1.890647017067464269e-02
2.012415467234313776e-02
1.749622437676023531e-02
2.370697211791230469e-02
1.623826336243048077e-02
1.336944523068357357e-02
4.124507921326943036e-03
1.960264615511926253e-02
1.897658929157676477e-02
1.919878003337118291e-02
7.727199616963002088e-03
1.075714073364616823e-02
6.566346638188113281e-03
1.097226394021839566e-02
2.384234017343560968e-02
2.289020157660891230e-02
1.779499235463543466e-02
2.321640800503309982e-02
1.658170342993313395e-02
5.295041685250552813e-03
1.128438757728309101e-02
1.284458117615312235e-02
1.882324831670397283e-02
3.258369870308649302e-02
3.772358233729192212e-02
2.753302287830548117e-02
1.783124336937961726e-02
4.770527861599156011e-02
3.631606010847614890e-02
1.059195572188853865e-02
1.661970921431079468e-02
8.894343715737822176e-03
3.072192330863845501e-03
5.303282247938590974e-03
4.756461431143887975e-03
1.710290363380307863e-02
1.512041727254240762e-02
8.062767627718089511e-03
3.989076199752250584e-03
1.434212622095007265e-02
5.008628178117416861e-03
6.267854655834105559e-03
1.360761552157208586e-02
1.024084109670988542e-02
5.881618033567008463e-03
2.331640410845442577e-03
6.687292384957503437e-03
1.919338467147790883e-02
1.890106677505824437e-02
2.049898692928085048e-02
1.681819183466494450e-02
4.285902338018413721e-02
3.976497317196266146e-02
9.021441102667148923e-03
3.838973619597562358e-03
7.068107394896822396e-03
1.486548356566345236e-02
2.853685763944492290e-02
1.127962381189344908e-02
5.313118420283050730e-02
6.328359454545114116e-02
8.550192636568165749e-02
7.689184798762448148e-02
7.029053991557353102e-03
2.874198133026498528e-02
1.159606938578609386e-01
9.810521726676520171e-02
5.113505730984668068e-02
2.581417589326786000e-01
1.721986514956783676e-01
7.942693643527740099e-02
6.127078200962546989e-02
2.694687839615411140e-01
4.952648052873976359e-01
1.040928775612111501e+00
3.278051753257807377e+02
4.078102649395779778e-14
3.257735995846654760e+02
1.443934347938834906e+00
1.207423329519999422e+00
1.014692917906373504e+00
1.954690423566480817e-01
1.464701539611638736e+00
2.544395275262534728e+00
3.475643868903210976e+00
2.666523831515227538e+00
1.673293254025404853e+00
1.390890544424424613e+00
8.629431453505042038e-01
7.530269036593353338e-01
1.449583786953262399e+00
1.618335650330318787e+00
1.334111246619306801e+00
8.648672861014627955e-01
4.675953453612455846e-01
2.294547414424407128e-01
1.226622907402986906e-01
9.313382660215643871e-02
6.232781229115674781e-02
4.825636481237445541e-02
2.484410323662347361e-02
3.211966396550857555e-02
1.070693235563260730e-02
2.918523324602693633e-02
1.690766204032318615e-02
4.362302306700277348e-03
1.184968128028940706e-02
8.289177397764057806e-03
4.162708704402024763e-03
6.050189702756983770e-03
5.600444461992003242e-03
1.270565327221553388e-02
1.201931161607724431e-02
1.297502962839731065e-02
7.417088003861106379e-03
3.338559099800902409e-03
4.362092614475108522e-03
1.009309071770397685e-02
1.107286537480616992e-02
1.561027907215033379e-02
2.370693739150904131e-02
2.076670887347603286e-02
1.989556379076323767e-02
2.908248845064388341e-02
5.135379103217751345e-02
5.429518845387806131e-02
2.069656047732751705e-02
1.041722495453233782e-02
1.707601539080413552e-02
1.501862101311389475e-02
7.100801429783617016e-03
2.088630731094059251e-02
1.509395094878228545e-02
6.091878349929545633e-03
1.615829710212019280e-02
1.175678054528921622e-02
1.238317538954327411e-02
8.096390764251573668e-03
2.814315563365538467e-02
1.243548755881481588e-02
2.089035691596782471e-02
2.012488040530194602e-02
1.355502064835389063e-02
9.321131508220529757e-03
9.596610364600736964e-03
3.506733482975805255e-02
4.968736243992727397e-02
2.985837915054828651e-02
2.031074741785779403e-02
5.835436586844280904e-02
4.719055507512017605e-02
2.837803094825470940e-02
3.376233139927526522e-02
2.935763163137635953e-02
2.440006083426882189e-02
2.436308097624339045e-02
3.222373250331079381e-02
3.084891215327784791e-02
2.482646305592599995e-02
9.936946993235256514e-03
9.833378670037763378e-03
8.391785021096817565e-03
1.934199151454841017e-02
1.904865080248110965e-02
2.026990333341499584e-03
1.561959616484613102e-02
3.279406092816391366e-02
3.274180440297077416e-02
2.727392871614056982e-02
2.489786007222242678e-02
1.729219187613435793e-02
1.825725583606532462e-02
1.325677081948397652e-02
1.007775457319152156e-02
2.253578794869397564e-02
1.696367430680434732e-02
3.744186343475331552e-03
1.431592405857063169e-02
9.229699583767759022e-03
7.597505142006502968e-03
1.269880460818838611e-02
1.341161367120174627e-02
5.695839394772138874e-03
1.022311214048921002e-02
1.817775061460681629e-02
2.133464595382508072e-02
1.685454463546088438e-02
2.964403621645549710e-03
9.989765534649220138e-03
1.038004264679773074e-02
1.240825241887552610e-02
2.407856475618471576e-02
2.822024319446603605e-02
2.662391520827017341e-02
2.207043916685715729e-02
3.275329519357386004e-02
2.725057982372307633e-02
6.449971625293270117e-02
1.088988136694994807e-01
6.672639181679809739e-02
7.771706493763480550e-02
5.715407971244831908e-02
1.685681959009713293e-02
3.447157919901601419e-02
2.155758841117141542e-02
3.057381941058782970e-02
5.809354471529400848e-02
3.850335553457524124e-02
3.763223230512472567e-02
1.709251962381912182e-02
1.566716870413223384e-02
3.105404388883376346e-02
4.721676110635758539e-02
4.478415885776285826e-02
3.185485681612684056e-02
1.700194064888769022e-02
2.815722444935916599e-02
3.871667686826308491e-02
1.345723072436653608e-02
1.715905257443990292e-02
1.960886869262280091e-02
4.923264842278137106e-03
1.711176412064576227e-02
2.023427170669777828e-02
1.843892609038935357e-02
2.148888023212322182e-02
1.114621806837902754e-02
2.283551546631921569e-03
6.407942644781232551e-03
6.912886259907705631e-03
1.016187670159528038e-02
2.429957382681711270e-02
2.318693078122533932e-02
1.464290662259912744e-02
9.154652309312380498e-03
1.158845588431603284e-02
2.720516069426153621e-02
1.703580931909935356e-02
7.351184580703495029e-03
8.277588101156150083e-03
1.538330431426715612e-02
8.738766998809070416e-03
2.766568337672168504e-03
1.131718686655228644e-02
1.137044530189735073e-02
3.574599212118235222e-03
3.676593312085801174e-02
5.315605159576110988e-02
2.328699823979772307e-02
2.614470693485659511e-02
1.826683514419265297e-02
1.883639604725844546e-02
1.876429143343219183e-02
7.933395041665156772e-03
8.305962431295816836e-03
6.357994303113572061e-03
1.357334692891763381e-02
1.011648020541907299e-02
1.249394537816140779e-02
1.123532718752960798e-02
1.552088664180984248e-02
8.484772470855819412e-03
1.113084585290301243e-02
1.629293406141276573e-02
3.011943099678389239e-03
1.392936082479380965e-02
1.682770603967516723e-02
2.156747529397507607e-02
9.383294370940410689e-03
8.772434700540681848e-03
1.386294620489901368e-02
2.176341943044530700e-02
1.674826731721490783e-02
1.767897524524515360e-02
1.224983533031247934e-02
4.463581527786954217e-03
5.272651713004451214e-03
6.763232659725037718e-03
7.271188194002402294e-03
9.052499831635429234e-03
6.614642705724862667e-03
1.146252425183924692e-03
2.603511939733380715e-03
1.425374636834768512e-02
1.442354646207753312e-02
9.991752703414067890e-03
1.058170922448073425e-02
1.637161529743917654e-02
1.568810608145444763e-02
9.002381841103194310e-03
1.030794084724265779e-02
1.285559529087867796e-02
9.218596622217750322e-03
1.568863971095647500e-02
1.760036228871731875e-02
3.095947677399137760e-02
3.582445190880204078e-02
1.109755804861181118e-02
1.425215976674876206e-02
1.189304342749234258e-02
2.672411368715511132e-02
1.465968751414143886e-02
1.711783257323230487e-02
2.137324963170077891e-02
1.909916598866212567e-02
1.746090367246887903e-02
2.636691316182477804e-02
1.970998552571536291e-02
5.057321111733667496e-03
6.646950417348788769e-03
9.426789719347277580e-03
2.172752377640102539e-02
3.086055087786938617e-03
1.207695739383683221e-02
1.178583359592179011e-02
8.167212618007575753e-03
2.195300587525947367e-02
2.443834134983311271e-02
2.129965045001657592e-02
2.685454266230937956e-02
3.200544938012604007e-02
3.500279010267109275e-02
2.952659117278256737e-02
2.512743192503928344e-02
1.813162855885164931e-02
6.460925601847829561e-03
1.500585386196771030e-02
1.588408259698255443e-02
3.487168814156406046e-03
7.022456778920689070e-03
6.237110187438639833e-03
8.046784310145277050e-03
