1.508211849112803538e-01
1.170951917427971167e-01
8.758777449194303510e-02
9.852192789230167225e-02
1.701305091784910128e-01
1.663707260493495210e-01
1.762387653463383663e-01
1.362596677710647963e-01
9.423457471034418775e-02
7.148341879765003626e-02
1.201441710333194801e-01
1.350228260080983123e-01
1.537919078188904887e-01
1.502172954407972605e-01
1.302284577915941710e-01
7.572783068540861473e-02
1.117957497573281861e-01
1.782588676117223825e-01
1.606332045863411440e-01
1.883438239924114244e-01
1.305198863236132489e-01
1.012616349450951164e-01
7.003371271714027568e-02
1.271155241211211484e-01
1.567826640528262039e-01
1.719426391856557768e-01
1.386374750915882470e-01
1.224637888449381096e-01
8.210925414027823999e-02
1.120615348281818330e-01
1.405700936864799633e-01
1.788261615812015148e-01
1.479007835669747528e-01
1.381491844583314643e-01
9.233283270141431909e-02
8.433979524320502075e-02
1.190408269018557313e-01
1.542928620275050566e-01
1.540947508778081343e-01
1.404808537962297932e-01
1.321333406590386450e-01
1.094448380300686030e-01
8.555746650152851185e-02
1.353969014058750975e-01
1.438655390147536295e-01
1.636078911102692157e-01
1.382329270597993931e-01
1.380510420406160510e-01
8.821734356586287407e-02
9.632445269737309468e-02
1.193059653333672365e-01
1.707220668303004729e-01
1.392554620933502685e-01
1.617532277534805829e-01
1.036301155565756693e-01
1.070755009581457473e-01
7.745202336646492269e-02
1.372182554299050117e-01
1.806989419802762786e-01
2.029681394931053262e-01
2.268235541089675122e-01
1.900288451759465091e-01
1.302816648452454762e-01
2.769704897512821895e-01
2.837517832778924665e-01
7.706278725818621611e-02
1.574177335498382069e-01
5.526556042905270832e-02
1.234044573861223376e-01
1.087789990695222087e-01
1.728970239199430214e-01
1.634506494871428017e-01
1.734004694272549274e-01
9.618870492721404153e-02
8.098537398661279085e-02
7.368699679615275944e-02
1.180848912086634589e-01
1.383684033669521918e-01
1.913036870633945119e-01
1.495390387094410189e-01
1.367268699598610249e-01
6.878866820891890721e-02
9.824541370142329810e-02
1.594098082404997174e-01
1.695545832644056172e-01
1.520542338179046438e-01
1.138366450290959481e-01
8.765169711733820923e-02
8.285224439611724168e-02
1.401557093810130161e-01
1.595566070190675423e-01
1.664452475176334822e-01
1.583334685367631667e-01
1.198039107152438082e-01
8.844939733615719835e-02
9.966844798189793131e-02
1.516346245927591430e-01
1.566875238325320663e-01
1.597217728751383903e-01
1.383336507537292204e-01
1.378282773492005842e-01
6.753845853319323522e-02
1.161363678410184258e-01
1.429685877671728611e-01
1.835595664698249363e-01
1.803921346458392250e-01
1.433476842049211941e-01
1.249881974163205567e-01
4.783487349557024454e-02
1.323360820782711056e-01
1.400892488747758069e-01
1.207747530634879357e-01
1.157545730778331700e-01
1.205576623531943725e-01
5.151378702267932208e-02
8.906361244265389998e-02
1.269864048487009955e-01
1.618910122401274465e-01
2.118338279253395573e-01
1.682898212018209272e-01
9.763781607119205452e-02
3.429168987346073449e-02
1.140208932501714234e-01
1.600239485798799488e-01
1.758400236758657920e-01
2.077565313702981475e-01
1.068816388172915410e-01
9.165863093071793810e-02
8.545134435324711064e-02
1.939946519704430772e-01
2.178713667315944902e-01
1.339051560209469915e-01
1.686716858476298153e-01
1.770962443879623982e-01
1.706681733857222660e-01
1.634916535726379794e-01
1.841758503150366932e-01
1.790856482261656835e-01
1.378768037213853603e-01
9.470988381616354812e-02
1.048387208699531475e-01
9.078483290046734933e-02
1.312725364657504612e-01
1.383725555665849816e-01
1.443055384153957565e-01
1.441255285790924989e-01
9.526774059161839669e-02
9.925760941626476930e-02
1.001457837179407090e-01
1.216334459258779227e-01
1.485648229272754917e-01
1.548276032334159058e-01
1.543458856681149960e-01
1.293174001735164225e-01
1.306498319757216364e-01
8.445441576551761254e-02
1.071536961594411475e-01
1.290960128058379897e-01
1.796466690546541789e-01
1.695187934144281872e-01
1.085844524676141398e-01
1.024112185063010549e-01
7.781715272134211159e-02
1.855685257531642096e-01
1.910353892781090912e-01
2.116834864020721851e-01
1.301858684912952369e-01
1.029524148012723045e-01
9.612755503716860495e-02
1.542189387519843635e-01
1.707619800901359064e-01
2.028283320248255583e-01
1.447001622086086514e-01
1.162807324619752614e-01
3.745893524662771701e-02
1.094179960498392612e-01
1.661063936484591941e-01
2.080419286645182053e-01
1.494880034689664572e-01
1.413034872794326213e-01
9.023460014097954562e-02
1.154452553117094327e-01
1.609922790905244094e-01
1.662808921601418577e-01
1.375751387555603222e-01
1.345253096336965215e-01
1.522521352165605302e-01
1.833680997741619356e-01
3.081187117096676475e-01
4.279428934151878194e-01
4.604327332693893271e-01
3.966538029561281209e-01
3.308419263435458668e-01
3.687837564867222362e-01
4.186475101761227835e-01
3.418279333450292001e-01
2.122064247997701436e-01
8.278236593547423638e-02
6.161808235941870077e-02
3.043864315704821258e-02
6.134058654638550878e-02
5.330098539679323927e-02
7.163672389184082279e-02
1.187378371805938165e-01
1.125713332127682847e-01
9.198331329733269723e-02
8.285995745239557730e-02
1.510455576697978530e-01
1.865038918129793000e-01
1.613604697267415899e-01
2.047441504957271952e-01
2.448286116052045824e-01
2.279739076851606816e-01
2.618500391333616339e-01
2.960331200433758414e-01
2.800574097799747864e-01
3.414455393436728881e-01
3.962356226521613345e-01
4.045954878560812373e-01
3.676647017776299986e-01
3.328299347784906548e-01
2.768323164486392041e-01
2.349550368747465035e-01
1.670506470789830944e-01
1.510974227766453126e-01
1.348759502571167945e-01
1.189623638585739773e-01
1.321161278961192342e-01
2.210583086947765230e-01
3.203641601654842463e-01
3.221990235778448564e-01
2.973506385214583769e-01
2.426122774972548080e-01
1.427385075740066067e-01
9.822881839258972014e-02
2.633999445731637357e-01
3.220709130494613937e-01
3.800479134645982082e-01
4.029334484741048938e-01
2.303350155947566924e-01
2.300588692884585063e-01
1.168273335329501894e-01
2.447952346824939784e-01
3.775843799139939616e-01
7.436594454702548651e-01
4.578422797879396211e-01
3.381403690464820366e-01
4.996710520719185311e-01
7.802867165095432878e-01
1.316944785570028920e+00
1.071171235620280271e+00
1.531334132691016148e+00
1.222185627525865570e+00
1.370306082130661851e+00
9.448805541335638658e-01
3.243392983475437177e+02
7.185761468706939563e-14
3.306014232282983585e+02
6.993839565660367796e+00
1.311480689298400115e+01
2.601132413297947465e+01
3.738388139789580578e+01
3.964431022694279960e+01
3.308708484672501271e+01
2.306803223242799206e+01
1.600737744711565114e+01
1.439865503795291346e+01
1.318711727475556827e+01
1.044875384142629926e+01
8.478872851302233116e+00
8.207960534605438951e+00
8.360520918367077670e+00
8.090260066129017602e+00
7.811503954474401823e+00
7.784112079212026636e+00
8.076400289259032306e+00
8.505137709662893286e+00
8.939012246836041342e+00
9.263406318080436463e+00
9.369951876181140449e+00
9.178631540073611816e+00
8.618679165913217588e+00
7.911946862787305079e+00
7.278860360592620538e+00
6.841192969559426018e+00
6.614337655473501165e+00
6.546175915466316830e+00
6.552645657080701902e+00
6.627524666463522784e+00
6.748400085721057096e+00
6.764160997074553094e+00
6.689075280013446978e+00
6.489626749345471346e+00
6.185276394097404484e+00
5.757980633763636114e+00
5.259418771706045881e+00
4.744023459880084559e+00
4.229636496333706752e+00
3.704587989912135004e+00
3.178422073126186298e+00
2.733341658860449996e+00
2.422433462333690724e+00
2.312421366424200375e+00
2.384424775708895439e+00
2.441246989759573438e+00
2.563414522358492764e+00
2.611416675550450872e+00
2.632302727263638786e+00
2.693621431467661420e+00
2.782637356502975834e+00
3.022840958534834588e+00
3.215651315799572973e+00
3.353876333806077525e+00
3.469420982231057771e+00
3.849291306473204610e+00
4.608190155670921939e+00
5.566222846835862548e+00
6.197869081676377512e+00
6.187937184119985723e+00
5.580376050372222174e+00
4.656742120977470201e+00
3.782409728573845609e+00
3.056652507372366490e+00
2.405747141176519666e+00
1.641937414662498984e+00
8.946890227333121892e-01
4.479643082538662391e-01
6.305885260983551399e-01
8.534278325350732608e-01
9.547945105955034650e-01
9.768124212505863158e-01
9.641076116900070270e-01
8.725294482231069626e-01
7.885643684136131037e-01
6.764506448540862360e-01
6.106766418719963285e-01
5.352946357818652023e-01
5.682623045413381924e-01
5.275861911006867189e-01
4.877673962293859744e-01
4.777838600092087495e-01
4.569678579277079988e-01
4.165006736317061753e-01
3.660618960496445640e-01
3.635600519236724670e-01
3.913486568681958100e-01
4.125422435771941565e-01
3.968885130937812034e-01
3.317700146544937945e-01
3.114307969123794595e-01
2.900772974199209431e-01
3.327852757470121103e-01
3.213526752871369019e-01
3.187211890495186273e-01
2.745908152210919106e-01
2.547870438678901950e-01
2.607799364140857001e-01
3.036017718823751932e-01
3.486081516431238647e-01
3.426377354319709023e-01
3.031896635002817586e-01
2.562993681226273246e-01
2.426448482142841423e-01
2.531976061514908394e-01
3.397831623784632327e-01
3.601137153802782542e-01
3.686351951398461613e-01
2.912446774639443348e-01
2.441249405470038158e-01
2.521569112990517669e-01
2.899292178841798018e-01
3.278839648023897935e-01
3.600163268014102691e-01
3.177642823821240081e-01
3.037917222481607560e-01
2.765516594274713413e-01
3.257292121467050827e-01
3.048005380027055677e-01
2.232966185077248089e-01
1.601519254097935330e-01
9.293343423462153974e-02
1.512615105106587809e-01
2.075705142227500799e-01
1.737302686569615617e-01
2.516937085996149293e-01
2.796718959932494863e-01
2.149229951229400803e-01
2.019261669361016864e-01
1.616121412614817676e-01
1.997360696068169184e-01
2.134131931026864437e-01
2.646128013215649499e-01
2.719749045194391202e-01
2.517610713464751293e-01
1.768722718691442264e-01
1.193894204880377313e-01
2.238640866675185026e-01
2.150295011550161228e-01
2.133912363429880665e-01
2.281092431762606065e-01
2.103082882115340224e-01
1.653718535181334937e-01
1.511446289449687730e-01
2.055711473558640978e-01
2.241610305884574050e-01
2.339097460376907689e-01
2.050729135015368632e-01
1.905445798623087161e-01
1.472112660540989271e-01
1.847877798479473921e-01
2.027930706258953275e-01
2.337362055676515948e-01
2.094439064635430781e-01
2.056807109821369439e-01
1.484384542455122746e-01
1.294610568455878685e-01
1.424732856658101066e-01
2.206016756907011878e-01
2.163394597461505142e-01
2.190581540749993450e-01
1.516503992430746350e-01
1.450338276974592056e-01
1.355757015868153115e-01
1.974781044970897459e-01
2.044299610477934015e-01
2.062618338832764298e-01
1.579130690720468300e-01
1.578416384051525012e-01
1.834906165101619357e-01
1.454942777618944416e-01
2.245415690871434000e-01
2.320312380365411875e-01
2.114155567151671244e-01
1.462786947733805132e-01
1.630454736041879737e-01
1.294690005513080833e-01
1.795478901811895511e-01
1.918427735077847529e-01
1.974943976705364479e-01
1.706529626837006985e-01
1.507298108994483132e-01
1.341569652280818203e-01
1.419705907348542129e-01
1.627237903356531512e-01
1.737197173245567938e-01
1.748524078227098877e-01
1.806595408023543847e-01
1.344360405953085869e-01
1.242149633039987960e-01
9.470242416669162611e-02
1.704734038969577536e-01
1.971822147274719661e-01
1.875695903779350804e-01
1.396122218331232734e-01
1.171218682750951035e-01
1.263488935732415275e-01
1.446023444408426062e-01
1.702972996197411049e-01
2.005492968336974602e-01
1.854479048981795830e-01
1.490587897627023706e-01
9.757120698823079641e-02
1.185908008383986662e-01
1.633132216991861063e-01
2.180011473316046111e-01
1.945291283256314896e-01
1.626058042387328040e-01
1.093415769448843750e-01
1.095194950466975292e-01
1.457475901399707952e-01
1.824639877094609008e-01
1.943341895631368610e-01
1.961983241763128327e-01
1.424216203641691658e-01
8.606339911357165084e-02
1.327250388881229537e-01
1.687280262888135318e-01
2.062169935298149570e-01
1.562817722832461342e-01
1.170925832871236860e-01
1.147891450794711610e-01
1.039320607790622103e-01
1.535865389035088457e-01
1.647880237221499844e-01
1.827431428993198104e-01
1.848826888868589369e-01
1.548447537952435948e-01
1.114124375775342179e-01
9.459648185469898829e-02
1.548553944756819456e-01
1.705617209634277542e-01
1.482467382218752017e-01
1.413446070767882257e-01
1.233758510727284430e-01
1.089195317714491545e-01
1.076963043885307142e-01
1.222181561090879276e-01
1.743722168668161432e-01
1.593049548399879389e-01
1.378284498674695602e-01
1.271403424082719336e-01
1.237369632569956385e-01
1.274280555920311586e-01
1.720025366885793161e-01
2.089186104304195657e-01
1.569424810710287610e-01
1.531985729168232890e-01
1.046963553577580364e-01
1.080604875712460333e-01
1.461277568875791744e-01
1.913770897570166163e-01
1.730865119547794762e-01
