1.446895610550307243e-01
1.097736751155608675e-01
1.145474904399356175e-01
9.387313746977302142e-02
9.036861913370057564e-02
8.811531840280738270e-02
1.261817027909978017e-01
1.226798566179647387e-01
1.342005322210625962e-01
9.014777053494915648e-02
7.204062145892160818e-02
6.732130808163690194e-02
6.939822071760129440e-02
1.399266278019346832e-01
8.507006899772681652e-02
1.223575477795081357e-01
9.404006137236210761e-02
1.125446444740626634e-01
1.220949965956336786e-01
1.477311607839466023e-01
9.524672427385381945e-02
1.113285657449599314e-01
9.653276783553109419e-02
1.005131846742959995e-01
5.888026672810112161e-02
1.081760161399148573e-01
1.179626476377571703e-01
1.315357335016655305e-01
1.266889224310636108e-01
1.502026374966501376e-01
1.487101854237617982e-01
1.360474686238606068e-01
1.613530861802920102e-01
1.260224791487609963e-01
1.885732327790954344e-01
1.594668339451083827e-01
1.744471014241849027e-01
1.246910967452177360e-01
1.128813798526093898e-01
5.408298918597140986e-02
6.351010252905341102e-02
9.331547289649509691e-02
5.352888457401577121e-02
5.114117890392860105e-02
5.817343697055029489e-02
9.141412271227954134e-02
1.748430077486984868e-01
1.894249115014361162e-01
2.131542576747142981e-01
1.683200651295030659e-01
1.886646357464281110e-01
1.097563692166095423e-01
1.267991764307473679e-01
7.460604054542628594e-02
1.177425275056263876e-01
9.403615345134326564e-02
7.774375599372558565e-02
1.482163989575627783e-01
1.252338945389286085e-01
1.021107203578507094e-01
2.677157446263099885e-02
5.621052296085480432e-03
1.254583197227604474e-01
1.138549656048761100e-01
2.268832413881157195e-01
2.080348474877080078e-01
2.240672391976605005e-01
1.915944805042423538e-01
2.178554581670505419e-01
2.713396303731401282e-01
4.574243809160464247e-01
5.267311918031489792e-01
7.588770143917069610e-01
8.743551919446269638e-01
1.082301472015673616e+00
1.277924612861449205e+00
1.348772095136698157e+00
1.472831097579524684e+00
1.566950278517311501e+00
1.699999139838131779e+00
1.810411344438985326e+00
1.905203180864213586e+00
1.851149561502982710e+00
1.766267279371321219e+00
1.345945595853584198e+00
1.196833658452971738e+00
8.910575470701400658e-01
1.067525739205663848e+00
1.411974218563746275e+00
1.723962032592800897e+00
2.255914751545584629e+00
2.435595596888540992e+00
2.889332396298033068e+00
3.058465199599631923e+00
3.112478045790625814e+00
3.304610745222296586e+00
3.062830850936108629e+00
2.856873782255196836e+00
2.636113285112453575e+00
2.235212802877985183e+00
1.955953456467731444e+00
1.935007664176559006e+00
1.861848562836256216e+00
1.708020437627670640e+00
1.774683724514905414e+00
1.512749036162625460e+00
1.153926784419271767e+00
9.614258649311879790e-01
2.530315894609335148e-01
4.597335907895302443e-01
5.072483434459970075e-01
7.691903371130531797e-01
9.294862663816347848e-01
7.430307549196547567e-01
1.044715355927400502e+00
1.177078763531203665e+00
1.145680738548941147e+00
1.068724371919105964e+00
1.340334719888811366e+00
7.627755965101326030e-01
9.743540498441297659e-01
5.820827848691069173e-01
2.434935906402449224e-01
4.062431239219826962e-01
6.187466800402692257e-01
6.569202236173560250e-01
1.115836842401304763e+00
2.455200978372353016e-01
9.611858515916851253e-01
8.159889091864467314e-01
1.708509337272338113e-01
8.338186928284899713e-01
2.445724266696717997e-01
1.071525596153910298e+00
8.989426554070494291e-01
2.488512999746408105e-01
9.298662316698195207e-01
5.804206025725600071e-01
5.614957564568793247e-01
1.576359785379323641e+00
4.073067443368672547e-01
1.245557165085621865e+00
1.196561215035175207e+00
3.798433919884229293e-01
7.004566183385576572e-01
1.209565637330554555e+00
2.910787469152543716e-01
8.641963805737798987e-01
9.203055957009139698e-01
8.377687480044516688e-01
4.753615196016537370e-01
1.233611824212889729e+00
8.370610242109283172e-01
9.223047271650777201e-01
1.034399012595344614e+00
9.652181840454457928e-01
4.488520555078566177e-01
1.109986883719621176e+00
5.440080797225884668e-01
6.922071327848874356e-01
4.730573250985282696e-01
9.632438050641501937e-01
8.154718115648900145e-01
1.030206486985236092e+00
3.376400263067816376e-01
1.246918342106223321e+00
1.358214607544798502e+00
1.125331160000230479e+00
7.088609222038273483e-01
1.971453405941023806e+00
1.716112886181228925e+00
1.155984735480687808e+00
9.503963210952444118e-01
2.027216486311287369e+00
1.780662438217586852e+00
1.319519764952927332e+00
1.542889423265336957e+00
2.180093948857332542e+00
2.483747080179267375e+00
1.991338611262597702e+00
1.337294049614990987e+00
2.282925416778144978e+00
2.819309564110058730e+00
2.083205012640934939e+00
1.795208525746584627e+00
1.833708008338557072e+00
2.132521646281932082e+00
2.846202581912635754e+00
2.333442693922286093e+00
1.824870336416531069e+00
1.915171984174059761e+00
1.829613215288904193e+00
2.558341875751814598e+00
2.527793315428297216e+00
2.458661175726037040e+00
2.358924385560112746e+00
2.063515474754672674e+00
2.748402824169692948e+00
3.024412682848899969e+00
3.959232767074813530e+00
4.254607353983919538e+00
4.512857233829255854e+00
4.643603700067163942e+00
4.447291098703415102e+00
4.858091737491071704e+00
4.954022271071373495e+00
5.426334917641550959e+00
5.399989331224873013e+00
5.421847437734778730e+00
5.202789901444060838e+00
4.828134712640718362e+00
4.728153380696967112e+00
4.448980117353744212e+00
4.557561301783705332e+00
4.346860846127767353e+00
4.474845907032707792e+00
4.291470326504478017e+00
4.421144555523855324e+00
4.278160160875253304e+00
4.426340189678792392e+00
4.373492421083326143e+00
4.499393958665188542e+00
4.548000615671864644e+00
4.772635621487591351e+00
4.789112043288974441e+00
4.950761723990783736e+00
4.980398558235550333e+00
5.135933239243379411e+00
5.053424235554492938e+00
5.204943211044065876e+00
5.124175213867056655e+00
5.278590370261733611e+00
5.250059592160631006e+00
5.475548883713845960e+00
5.365665873135131214e+00
5.620088055388521298e+00
5.598182037422097856e+00
5.929010890714612181e+00
5.835449268071208451e+00
6.162141172983955251e+00
6.077015003382436831e+00
6.325730438063984273e+00
6.354049424222429465e+00
6.449330848901879243e+00
6.477984929195835129e+00
6.462696860240153995e+00
6.736776520159037496e+00
6.722214761332839572e+00
6.694021127259003556e+00
6.688166520938997550e+00
6.828081950766931030e+00
7.232380890651585403e+00
7.135531377068881298e+00
6.321486314811455287e+00
7.660844559179225577e+00
7.257626451334247442e+00
1.869714452439603214e+00
6.784142710585730818e+00
7.217356712244781924e+00
7.097655322345037376e+00
7.050084699029087965e+00
7.449461635750274979e+00
7.087324320785263865e+00
6.781362202357562374e+00
6.699917768023500919e+00
6.710497598933728547e+00
6.594889427282699224e+00
6.266375706318092931e+00
6.228605068357286001e+00
5.907541977314597403e+00
5.607658676766228645e+00
5.629175636567259389e+00
5.185815210846166146e+00
5.124279086423402241e+00
4.858854985265451454e+00
4.577288690569520924e+00
4.584428720639484034e+00
4.361178445709400719e+00
4.504714546593253210e+00
4.417001241287239033e+00
4.481936968190432857e+00
4.946733589203075709e+00
5.097297829095893462e+00
5.598384216544340042e+00
6.107323403082546953e+00
6.389186897359043549e+00
6.946543742905368468e+00
7.236272409050987342e+00
7.353061516279584708e+00
7.530235716798257428e+00
7.206535133607894217e+00
6.988677800911731630e+00
6.739494913298246459e+00
6.159061330065975781e+00
6.037033790781769937e+00
5.867240127078160228e+00
5.936956168169886361e+00
6.650136356875746557e+00
7.261636412881898650e+00
7.557302013603942825e+00
7.937743850873403950e+00
7.804665825892739939e+00
7.009591403259947562e+00
6.299278219830609871e+00
5.379267141278760711e+00
5.076721927756545405e+00
6.051380595054239642e+00
7.065426836105170416e+00
7.364814176593774242e+00
7.249436621970597017e+00
6.535417923217904601e+00
4.990737978868025060e+00
4.445712449510370590e+00
5.021992265692496460e+00
5.566872319566556371e+00
5.924943204867926916e+00
5.927279220628821399e+00
5.329152405505531043e+00
4.234590351793912077e+00
3.956839025516582176e+00
4.078109692665437436e+00
4.307024412264799373e+00
4.759463894956406094e+00
4.752433709692496677e+00
3.923087395352952811e+00
2.882558294356466710e+00
3.532990809998739046e+00
4.432033200643804349e+00
4.043224753464508048e+00
2.847415723767507956e+00
2.556153502785308174e+00
3.777663928026886886e+00
3.907271102789812822e+00
3.035730667516577608e+00
2.316906053771241147e+00
2.989237229422125441e+00
3.516203520529984416e+00
2.784228373959810376e+00
2.349681612548036203e+00
3.059821512791639275e+00
3.727350155966682177e+00
2.645306602653026751e+00
2.135281686952690272e+00
3.054836754866784965e+00
3.868658200913702050e+00
2.578161762508741628e+00
2.042866664805697230e+00
3.022689315023173506e+00
3.486367173723901924e+00
2.273740467887704675e+00
1.553050726353493172e+00
2.112860968692585217e+00
2.631571691287879933e+00
2.042330144199883346e+00
8.709792170130918887e-01
3.804684320148432053e-01
1.451636489536048513e+00
1.172279293231162312e+00
1.292137973089401815e+00
7.862831070773194098e-01
5.298723548933457206e-01
2.684665024864952843e-01
1.183343236348661343e+00
4.853402009459417132e-01
5.780358838000908550e-01
5.624105516993660459e-01
1.705521969055124210e+00
1.492129944764606808e+00
1.635123635587614643e+00
1.444633829989947937e+00
1.492099132137025386e+00
2.432321970223149776e+00
3.184334319398270718e+00
2.234478870835248987e+00
1.971565511470988463e+00
1.045828401671534014e+00
9.685526447651547910e-01
1.642218621017140778e+00
1.548783538723018438e+00
1.787922222448438347e+00
2.038144775686097976e+00
1.572910583451144539e+00
1.522544494210056332e+00
6.718600723868164426e-01
1.257082508180199953e+00
1.837321205685376269e+00
1.991628958633775648e+00
2.460147922481056959e+00
2.192217802374879287e+00
1.617648476700638049e+00
1.409020725179876532e+00
1.625260876266422461e+00
1.901340181714400890e+00
2.526151419553066990e+00
2.765278962521448225e+00
3.408334500757954189e+00
3.520347988252496840e+00
3.238979515536872800e+00
2.792358973397386812e+00
2.446477943086804441e+00
2.046578233662657009e+00
1.834561916445122565e+00
1.283853984590852315e+00
3.288087478126477947e-01
1.217668175450828283e+00
2.295951391626995353e+00
3.522449612168769839e+00
4.230585378612446767e+00
4.659370125066428336e+00
4.994711594671982446e+00
4.966431479120386072e+00
5.000295121691638478e+00
5.342281582251177774e+00
5.887222324649920679e+00
6.662020810204324128e+00
7.493974741624530367e+00
8.038752849895336894e+00
8.109500014556461522e+00
8.047380489090100397e+00
7.609629493983030457e+00
7.087661951951079509e+00
6.575873827294602236e+00
5.716059280317533187e+00
4.913104016596622436e+00
3.854144954485932750e+00
2.934860255314662769e+00
2.495196817245581400e+00
2.569368499637450398e+00
3.163993181005738453e+00
3.550659418168786718e+00
3.886231250221014566e+00
3.957088378130883211e+00
3.800197126964026229e+00
3.504595455134488891e+00
3.190921190233795279e+00
2.896707955473978746e+00
2.736934061687992248e+00
2.482533000418722935e+00
2.248787012404485086e+00
1.916626964196350036e+00
1.459772663177536733e+00
1.106181594952260205e+00
7.221689824317294448e-01
5.374585166260026359e-01
4.642694861058707101e-01
4.874126030520812836e-01
4.449799844627290724e-01
4.161933057953574600e-01
2.959766047984668247e-01
2.669018442808298586e-01
1.310186898163343550e-01
8.792243717689342264e-02
1.907067461340072184e-02
7.769232516033286462e-02
1.420430366412303025e-01
1.449493828313914434e-01
1.761057692355623983e-01
1.197976021826516330e-01
1.202707547121776022e-01
1.926607385622155222e-01
2.057239661662776109e-01
2.325408419373586888e-01
2.368458752930794053e-01
2.615490773278437153e-01
2.331630351913887289e-01
2.090551746946950340e-01
1.429918219370770738e-01
1.082528645154582081e-01
5.943275063070845021e-02
6.137922202993805615e-02
1.266518234257147657e-01
1.407486787002308337e-01
1.386253522504723446e-01
1.168215563932864104e-01
1.069429014631302355e-01
1.913653031325991682e-01
2.132305133482954584e-01
2.699297378044042128e-01
2.444143548544968347e-01
2.585852064750052692e-01
1.943034353737610187e-01
1.719338132215273429e-01
1.741334458459312673e-01
1.546286610680895068e-01
1.737474718752539948e-01
1.801629310170710097e-01
2.172877679051539446e-01
1.951656171927345362e-01
2.073909969126189468e-01
1.377039716071148390e-01
9.922498769939906704e-02
6.571503714828695608e-02
1.054507092280302372e-01
7.948678556086687108e-02
1.351493788042207878e-01
1.411071379906110035e-01
1.704335401466444688e-01
1.340183145396036946e-01
1.669891452335612592e-01
1.053385213403135456e-01
8.666685474869156858e-02
4.259370706747003105e-02
3.899808364177376196e-02
9.205031298802064665e-02
8.813276593315583218e-02
1.355547825923113237e-01
9.409670221328940432e-02
9.752599326442255856e-02
9.592389771885585781e-02
1.331599763904882106e-01
1.441380444433152663e-01
1.405825338278335057e-01
