1.487802991651527434e-02
2.575325144454261236e-02
3.063731348842049784e-02
3.173401041910919179e-02
3.439327433346058005e-02
3.654684248651614287e-02
3.471267203346459218e-02
2.054798280447168307e-02
2.538962173646795370e-02
4.189766823732998628e-03
2.910260371340326474e-02
4.988540310534999439e-02
2.657724783871558139e-02
3.079903480342419467e-02
1.522290550017287025e-02
2.562337666486006610e-02
1.786398723811241304e-02
2.101653294003684794e-02
3.565682806176650316e-02
3.931316015676167980e-02
1.600303450389248955e-02
2.116381133503591333e-02
3.871163509479442350e-02
6.113805084731618184e-02
4.738837379457176008e-02
4.388233236322762465e-02
6.623152777330199026e-02
6.085068671333078438e-02
6.437975877194873457e-03
2.053290196626366554e-02
5.015841449050156137e-02
3.917170111216960321e-02
2.077846739923805072e-02
4.227088808611727255e-02
2.539001424173358695e-02
2.202016360439399204e-02
2.267016592330188540e-02
3.217704667579961847e-02
3.124263761241987888e-02
2.400335533571457472e-02
2.473468519996368728e-02
2.809336850513184658e-02
1.805385657912663214e-02
3.281010845795935549e-02
5.680572923852348494e-02
6.643046815395453608e-02
1.063628454533598056e-02
2.479741091075650036e-02
5.403144986233560793e-02
5.321700817554948781e-02
5.602502439080486729e-02
5.782429295486741366e-02
5.766504795190269261e-02
5.604969946393056901e-02
6.670509078143417592e-02
3.951450527521768730e-02
3.620019367858322290e-02
5.825280618056837695e-02
4.772885238271407787e-02
2.054112274934108764e-02
1.562619980161754699e-02
2.435329961297864193e-02
3.931405468666310243e-02
4.830119302164001538e-02
5.319803713568175413e-02
2.877340891678218174e-02
7.898365546151257799e-02
9.884297453605832284e-02
9.190249173048771480e-02
9.091446915529735606e-02
1.142602154796636543e-01
9.729383718306561235e-02
1.130573383530125708e-01
1.028179011328172326e-01
4.626298357925541505e-02
4.120393378703451209e-02
3.595099910818874700e-02
1.915011282354469463e-02
5.239828789807237513e-02
6.648490252455177552e-02
7.014855896982144512e-02
4.960206694066032068e-02
3.671876041412950459e-02
4.338383609066424201e-02
4.276059431079569373e-02
7.010002707426268853e-02
6.396411983433833437e-02
6.568939594639508495e-02
5.461575667994153505e-02
1.682560322929341212e-02
1.142305692273451120e-02
3.611092985878092132e-02
2.342561630000371611e-02
3.193578968776308175e-02
1.591794566269024575e-02
2.434722098864899181e-02
7.155630454525047091e-02
7.695182730178044828e-02
1.010200623299761652e-01
7.884700644731545971e-02
8.984125888806693272e-02
7.907717080094571471e-02
7.460893017054226473e-02
3.435288848858303323e-02
9.946694173046657581e-03
9.963560247598290606e-03
4.995602794417579318e-02
4.818407882340228904e-02
4.539818049493184876e-02
7.239858904702174691e-02
5.055642983200608204e-02
5.238200794716129510e-02
2.183920826047349578e-02
1.479124881298645756e-02
3.462555772692572920e-02
4.853972604770485227e-02
6.351504202863327009e-02
8.582421548716168136e-02
9.526144809655620604e-02
9.635056067193585594e-02
5.233352742654336781e-02
6.338882903943650338e-02
3.965522450118243170e-02
6.465621968313430001e-02
4.501654115760958530e-02
6.009575331222001549e-02
4.194752066292317672e-02
2.493087595321386712e-02
6.274676575978097026e-02
3.652702536391002480e-02
9.119220383254084128e-02
1.288981410225784885e-01
1.975466269463256597e-01
2.374734512945107789e-01
2.686296401294435698e-01
3.260665365014643879e-01
4.164938594890510992e-01
5.390900915859575537e-01
7.724486274104510608e-01
1.012649607109705086e+00
9.863954821217567615e-01
9.593790409443830880e-01
1.115662690294658255e+00
1.196271518979760140e+00
1.188870556292806580e+00
1.098782615005529539e+00
9.091998780777014177e-01
7.371146434138526882e-01
4.678636979713360899e-01
3.210852075922495108e-01
4.171498967272187497e-01
5.840976159802594436e-01
6.985195036180942285e-01
7.360066571514151113e-01
7.526246062553513250e-01
6.569917580210393737e-01
7.809244312600609472e-01
9.969408880423714647e-01
1.074423269770019340e+00
1.115891142341612685e+00
1.163795566573393447e+00
1.067679220283183739e+00
9.717665550356164861e-01
1.193739517634512248e+00
1.295916925366700001e+00
1.135407157872866168e+00
1.054107944625141569e+00
9.357385338809612874e-01
8.068511360167630597e-01
6.981442981689012228e-01
9.130677170858654268e-01
1.131517849581184842e+00
8.527626597419770693e-01
6.885915152209725054e-01
9.861719470308992763e-01
1.126661085557794317e+00
9.765228860828186752e-01
9.539184132727185350e-01
1.297771445784545730e+00
1.412376903418582463e+00
1.110964267782682091e+00
1.008772160122755501e+00
1.265430748542334838e+00
1.441720138861487088e+00
1.262202908318153849e+00
1.117167993934727876e+00
1.397532350606066620e+00
1.496780437042065648e+00
1.326011839295202721e+00
9.414494415462041355e-01
1.092125514588000668e+00
1.538257407714752389e+00
1.570938466065871619e+00
1.148335354396826213e+00
6.705898366162512669e-01
1.248794416375677896e+00
1.645645551247534533e+00
1.415555041479285903e+00
5.547294671365999852e-01
6.518751979333852198e-01
1.532658846850707635e+00
1.732963095505471118e+00
1.315945905060956767e+00
4.149509448174701909e-01
7.064224191556809362e-01
1.480503569639731509e+00
1.867909878181100325e+00
1.533037215720798985e+00
9.005865864989307523e-01
1.441205074128932839e-01
9.890821651436071393e-01
1.726328536201831021e+00
2.086500035158290967e+00
1.973696050388002554e+00
1.788553881087552089e+00
1.532233116507572213e+00
1.716003453317926253e+00
2.350295015810567545e+00
2.727096984575503757e+00
2.981983925219123144e+00
3.337583954855214419e+00
3.839878625443142734e+00
4.657239261236759020e+00
5.654195035955147830e+00
6.335272444938899739e+00
6.926783900458919341e+00
7.390774868860511937e+00
7.625675344822505863e+00
7.963518443275783731e+00
8.517261780392122006e+00
8.904086103380040029e+00
9.521309309715270786e+00
1.008060623816392187e+01
1.028182555060790371e+01
1.040077220766465338e+01
1.003618184268589708e+01
8.789971419223460813e+00
7.232656892825832351e+00
4.701114025717100020e+00
1.343310406808347457e+00
2.984644670450120163e+00
7.495203970031194984e+00
1.277199942202267913e+01
1.735572587613300044e+01
2.164633155590101055e+01
2.525721107752162808e+01
2.631373131855245617e+01
2.479932612639003864e+01
2.123583895615096040e+01
1.415920734552658011e+01
5.566334716794171023e+00
4.656817399270811286e+00
9.188201050440920170e+00
1.345180272162928148e+01
1.448220759196872542e+01
9.444815729374884228e+00
2.748239929027328721e+00
8.665998011952217306e-01
8.312014019834258249e+00
1.436656856675624816e+01
1.397469291681975712e+01
6.095723942521961369e+00
7.046807772209730203e+00
1.407712191938346891e+01
1.414149548319584859e+01
8.192393365770783475e+00
5.600697330126140017e+00
8.920173444832538934e+00
1.012649685543570932e+01
1.050886716488766659e+01
1.156359397925322163e+01
1.259692534676897324e+01
1.205790596498496470e+01
1.092190377349251662e+01
1.050564965491279246e+01
1.084420785982345237e+01
1.146136732980956552e+01
1.172045536620118256e+01
1.180339054648209540e+01
1.148676144853749115e+01
1.073560908685852944e+01
9.916740633940403171e+00
8.922236054207186129e+00
8.059580914168943622e+00
7.138721254070257594e+00
6.401639612590754425e+00
5.835448897473615837e+00
5.267497905575439177e+00
4.827593757315329803e+00
4.214971953830247919e+00
4.193319046174655007e+00
4.980939562951345323e+00
6.467855407126426925e+00
8.386863956887918192e+00
1.017774766603521464e+01
1.173950775180250261e+01
1.279563889580312974e+01
1.363562923174862362e+01
1.417657829647128231e+01
1.437804098292369304e+01
1.430485068677117333e+01
1.385825095477555635e+01
1.325318179831744381e+01
1.228176188863758433e+01
1.131497956040636410e+01
1.009367115974379736e+01
9.077925172317444336e+00
7.922178107417113146e+00
7.135070268746633637e+00
6.615047758045728088e+00
6.480973195424913236e+00
7.043612910321238374e+00
7.843821639707230453e+00
8.754362134650724769e+00
8.958350084264427693e+00
9.012125273975280848e+00
8.783633623059937889e+00
8.748707161574563074e+00
9.095196810749923699e+00
9.267470511298128599e+00
9.510856635633258449e+00
9.439396240530172122e+00
9.253073403760033955e+00
9.005957412725067002e+00
8.624861371358827355e+00
8.812309205347848007e+00
9.170552930862349683e+00
9.129102744166589289e+00
9.068900293620540509e+00
8.513927625004880539e+00
7.534592782001276134e+00
7.059904175430882667e+00
6.802059294002060774e+00
6.651609301596430157e+00
6.670997763760139421e+00
6.416943750448410810e+00
6.236754449728108440e+00
5.983257736368770452e+00
4.988329398305291207e+00
4.107543190322260784e+00
4.567901521806118303e+00
5.286103820706645529e+00
5.455378956093438703e+00
5.137436561592669371e+00
4.985561910991262558e+00
5.257804859541031384e+00
5.882929744858524046e+00
6.309876806107479474e+00
6.045209883705600085e+00
5.656725235314110201e+00
5.336207449925538526e+00
4.877313822328301463e+00
4.766755496472510067e+00
4.899030544530385889e+00
4.657093428962443049e+00
3.951994631036328975e+00
3.101058446609472607e+00
2.508694965393484466e+00
2.459287532781113228e+00
2.672767020659547743e+00
2.571956260404731243e+00
2.062625191327749796e+00
1.579606492648559346e+00
1.461425191595181472e+00
1.732378563035876784e+00
2.561096353312061424e+00
3.565671231911171191e+00
4.302272827175452896e+00
4.668094505441657383e+00
4.600289670089013683e+00
4.032545531383960657e+00
3.552480377557082125e+00
3.562987291846537286e+00
3.520697278404331332e+00
2.973723170529972482e+00
2.139292328528285214e+00
1.486848463729743663e+00
1.147612428859679845e+00
9.160736930258048805e-01
7.733243606845396911e-01
7.185012245650866936e-01
5.677210557974817773e-01
3.243505757585928850e-01
1.452971600009836106e-01
1.092366882027423075e-01
1.789190036075509471e-01
1.460471209526717495e-01
1.120636550231146750e-01
6.507492339555752403e-02
2.852532077684505687e-02
5.773112686194498827e-02
7.648469943417267325e-02
8.721145577265004833e-02
9.888016220913307952e-02
1.378878950577361318e-01
1.429409254859218548e-01
1.469087140164111183e-01
1.230426235572608384e-01
7.885727002508709227e-02
1.842334840366764356e-02
1.004021037183416842e-01
1.661583444863024006e-01
1.974652818227781992e-01
1.979244604828374055e-01
1.778772299664561629e-01
1.229901375607338199e-01
9.254054443027481813e-02
7.889426860739465197e-02
1.031505045105049062e-01
1.307283948677939733e-01
1.781095079334409914e-01
2.247138389334591702e-01
2.611040461568651105e-01
2.535995820525148714e-01
2.441944701692339292e-01
2.190708889858668795e-01
1.805457478537834670e-01
1.340713256618670246e-01
5.546184737115468499e-02
7.637198925051834342e-02
9.180035658236426754e-02
3.774548814628177901e-02
3.133014626687545545e-02
3.642650216191493234e-02
8.053642095737653661e-02
1.564631308905022056e-01
1.836805595265819380e-01
1.749406485372432263e-01
1.184011845557079862e-01
8.417859869162079567e-02
6.957259058321892120e-02
8.453591748020884700e-02
9.642462742296069311e-02
1.288474923949892714e-01
1.488595539214520869e-01
1.273255452251551567e-01
1.056599721422958049e-01
1.177614087853092462e-01
1.047092105820536106e-01
1.003169503658028344e-01
1.667048710542854972e-01
1.852571933601622201e-01
2.001140005683191281e-01
2.204023236910886696e-01
2.018686830358099038e-01
1.819938182881350730e-01
1.546719568265014777e-01
1.374822225777781737e-01
1.063092428176864029e-01
5.807854511518754925e-02
3.645439637863807231e-02
5.243274554653697128e-02
4.390993580157756537e-02
5.388063493369809470e-02
8.118812612958563324e-02
9.342921027884508456e-02
6.393347616923102106e-02
6.045760344529221147e-02
8.276540913178828673e-02
1.072314836949048167e-01
8.963225802096852490e-02
8.129286337982380428e-02
6.676698419611104551e-02
7.048462446890886579e-02
7.101299837330124487e-02
4.334892157074560909e-02
4.417319208672575159e-02
2.166566721584938307e-02
5.748397542806325117e-02
1.618452004009431067e-02
1.655031875130136493e-03
2.927690923087901062e-02
8.192300300843105218e-03
2.912425368230094416e-02
2.930112262202419493e-02
2.586684421822728341e-02
1.855190313587322046e-02
6.543927898890149197e-02
4.592548496319732304e-02
3.993960447747654102e-02
5.534095566075664802e-02
2.505593750270060024e-02
2.031301284204975119e-02
2.714439214251124222e-02
1.462603019118610161e-02
3.690910122063315122e-03
6.654989824569264301e-02
7.451544804524161403e-02
6.037102143868688930e-02
6.902321105659656175e-02
4.447579060328336192e-02
3.937643535528616984e-02
3.450976836313146556e-02
2.841294817989438795e-02
8.475358651851640918e-03
2.590779852929069385e-02
4.321132524357908233e-02
2.669982068711980808e-02
2.980413135058594329e-02
5.591909448635449913e-03
2.005317843688360704e-02
2.578389679851125077e-02
3.050397057644393603e-02
2.631459827349532168e-02
1.728824341188515967e-02
1.198923238204845088e-02
1.905461617813236294e-02
3.334547433835558655e-02
6.191653078007891033e-03
1.452046397489541521e-02
2.912712653754666661e-02
3.676740674978219020e-02
