6.111180845701263270e-03
3.403640245787259433e-02
5.541767938492200146e-02
2.015220191638786643e-02
3.630582911579953442e-02
4.484348353824784555e-03
4.107898966144238329e-02
1.416867705220762469e-02
4.617345259314117184e-02
3.473980312583387076e-02
1.100212388721429069e-02
7.365524064200606666e-03
1.402818555796582663e-02
8.825853514989294088e-03
2.846119679603412861e-02
5.745204010789926180e-02
3.184166831770367245e-02
2.270148007200219198e-02
1.948551181440184160e-02
2.052119227063544521e-02
1.139063350886595528e-02
6.254111737493754652e-02
4.174105286763738626e-02
2.080508236657575144e-02
1.018653198672471276e-02
2.764415743568203118e-02
2.863307239690276659e-02
5.161135920518394871e-02
5.311521049303108422e-02
1.703848134803312084e-02
1.894918399289159672e-02
2.110088534618152767e-02
5.106288532231512828e-03
2.243828057337673640e-02
8.549431108247171340e-02
6.259460624583111643e-02
2.726346666389321480e-02
8.695731643023663776e-03
1.294493502495597942e-02
2.101804597819934353e-02
3.643864549178291862e-02
4.755638810867937605e-02
3.176151654712358607e-02
2.528283886553710225e-02
2.963636330867444948e-02
3.043714981267427178e-02
2.153422593991196135e-02
4.234579447505597283e-02
5.078437707677330853e-02
4.305710266160368144e-02
3.911507320818857769e-02
2.042383820232492042e-02
1.098461375336971801e-02
4.067133971936511688e-02
5.615384702833133707e-02
1.917139010198965279e-02
1.326286288602833777e-02
2.432119717129441194e-02
1.373094759286287193e-02
5.972791584389653720e-03
4.592304832825654104e-02
5.641096462432845099e-02
2.487206642560910522e-02
3.528213201174309338e-02
4.016189161335469160e-03
2.853968133459409973e-02
3.691245766165470593e-02
7.617695237177311840e-02
2.580384201359428240e-02
9.968732073360027368e-03
8.275769321749202462e-03
2.027714860203612413e-02
1.403765078058319231e-02
2.821776915929287768e-02
1.779346345293160436e-02
1.011391948063337758e-02
2.874151713709009390e-02
3.854981926088549976e-02
2.221377503702033629e-02
2.569598853375044609e-02
6.828999721300388348e-02
1.768961984082328270e-02
1.038442478417079401e-02
3.102815558981895233e-02
1.394230623011141236e-02
2.113159495830534487e-02
5.120663636783462369e-02
2.639544047468358329e-02
8.915807382855042360e-03
2.282307202978742927e-02
2.407748563435243780e-02
5.059475402043865991e-03
3.266496598872899171e-02
8.403345635144734982e-02
4.538520513138899481e-02
3.728561180420976451e-02
3.892273495598824046e-02
6.338352037678148150e-03
3.889967573542947588e-02
6.481104709554176557e-02
4.575527061234847814e-02
1.545112805033911456e-02
1.296078166047223354e-02
3.524629761985677290e-02
4.172236622161776959e-02
1.254943446992231454e-02
4.212017378681728874e-02
6.537523816711376945e-02
1.391250637731679049e-02
2.205463323619803392e-02
8.863657611884777701e-03
1.879747871494166084e-02
4.999735099340175959e-02
4.687370920097204408e-02
1.515695892081989765e-02
3.150688470981464345e-02
3.048935135096109833e-02
3.470616460991812063e-02
3.320923211989555007e-02
3.698370409511929358e-02
2.753879619111975624e-02
1.935115367559626237e-02
3.796800537029308004e-02
3.707229907492935045e-02
2.057872067413134623e-03
6.571721085635170989e-02
6.809372224071993940e-02
2.277960013560818495e-02
3.053027178990149609e-02
2.113890157179262874e-02
3.611006420140592393e-02
3.187091182512582360e-02
3.803341435911679336e-02
1.635746697701998334e-02
3.635759918884223091e-02
3.906101929399406064e-02
2.021993349799761433e-02
1.348416626370762053e-02
1.794355893678634822e-02
5.836508791108614008e-02
3.389477834547884733e-02
4.140475304339361756e-02
2.237635846091327527e-02
2.875525884623158362e-02
3.509685070161033121e-02
6.505581456533283957e-02
2.139589528993715573e-02
1.882900613104662377e-02
2.537221042613418270e-02
2.947776369782510036e-02
1.448990104214745167e-02
2.083697679244951237e-02
3.994723416192563770e-02
2.247091610238938567e-02
4.424276453721732311e-02
4.783986733343886799e-02
2.530947227542186193e-02
1.899772039305924493e-03
6.630945556929021545e-02
4.365522357266300724e-02
2.458728339402892205e-02
2.141462448779775374e-02
3.335523949863496151e-02
2.147447164705147335e-02
4.584481028776007938e-02
6.471597276417931366e-02
3.336493327443523782e-02
2.932861363873724703e-02
5.283425751260804881e-02
1.494741376835959958e-02
1.415914025509601611e-02
4.902685688706219513e-02
4.068958883149992323e-02
2.768785891721126796e-02
3.241912867053910879e-02
2.955004216706166864e-02
2.842058955588768268e-02
5.056836521449153965e-02
3.338532028684159519e-02
1.755441223551525848e-02
1.453658391234701787e-02
2.698030076937500341e-02
1.953423428447314050e-02
1.606529996440337824e-02
2.272872837767953361e-02
4.975680193328043538e-02
2.770703459618488462e-02
3.725213183682263979e-02
1.538557169682617035e-02
3.102158805548676027e-02
4.041527320515733712e-02
5.662428430400216067e-02
3.319136582029833665e-02
3.122707423466446891e-02
2.997994404059942802e-02
3.271621235422401269e-02
1.820893557403365295e-02
3.089640166420458758e-02
5.386808762619782476e-02
3.612989744396992442e-02
7.539976469257599068e-02
6.427495525984724956e-02
3.218364981055199525e-02
2.960179571004069310e-02
5.000434610501351684e-02
2.903858414204330690e-02
3.439316408722029733e-02
2.702907211418054817e-02
4.257464014018634557e-02
9.353329262501973787e-03
4.501667476228773251e-02
2.608913729166045803e-02
2.882015530212236887e-03
5.135418388587749405e-02
4.039238487456100341e-02
7.308737874558345060e-03
3.887507720101864711e-02
8.166593452916583173e-02
5.325941902128384503e-02
4.146348090311718221e-02
4.846464782869021326e-02
2.037403223318654324e-02
3.537608238042992681e-02
4.338360082193642303e-02
1.697119242157250213e-02
1.056252332898316784e-02
4.493773038237503653e-02
4.246102247719754641e-02
8.700279384687259476e-03
2.648299697019890556e-02
7.537537962704499162e-02
7.851977538241859678e-02
8.320095822838904920e-02
1.562137384458581468e-01
2.130986204026940334e-01
2.823947891404252064e-01
3.495859085567618041e-01
2.967866287837688244e-01
2.199066915475366146e-01
1.550124175961255790e-01
1.517196765634069577e-01
1.745250763642436365e-01
1.670327337945839152e-01
1.135109480140715221e-01
9.824131034152895625e-02
6.939248889739148274e-02
2.250442481313492393e-01
9.355516680139928931e-02
8.654038765499039165e-02
1.087803742432749410e-01
1.901756075765851373e-01
3.099592910304130311e-02
3.780616752139712156e-01
4.650759893648176435e-01
2.982333316884122065e-01
2.380561937562241104e-01
2.683570503593268319e-01
5.546695605034651644e-01
7.497337031376162253e-01
3.640463971136874477e+00
3.468295233598364558e+00
1.596133830908402773e+00
1.314804735698876570e+00
9.519312879101513580e-01
1.679804389203010784e+00
1.314139985767719621e+00
3.371846381065748854e+00
1.075974278943357509e+00
1.803393173060413135e+00
2.681078845184163395e+00
2.476190486474483254e+00
2.292988251902838392e+00
1.994891510871154017e+00
1.731338709666098152e+00
2.193095480301536337e+00
2.697806764151014836e+00
2.703843935241034835e+00
2.386114166634660805e+00
1.789976063800966299e+00
1.081042770617188342e+00
4.977978450628133822e-01
3.487524207659840059e-01
2.840792261430162835e-01
1.254931654268694741e-01
1.767659333042449488e-01
1.226508838815923430e-01
1.099245128965860296e-01
8.050065953028744115e-02
2.945250627112810590e-02
4.444615422824734624e-02
5.168905220849735749e-02
9.097950492341499648e-03
5.348542961772746913e-03
4.320513581139324814e-03
1.238197285193780826e-02
4.455096662225851989e-02
3.808150461145991955e-02
2.350568786547201083e-02
2.816300180282040391e-02
4.002226832520485583e-02
4.132222377793800389e-02
4.759325059459477286e-02
3.021880429856835942e-02
3.553789501861578243e-02
5.279302267419118400e-02
7.896839451985135372e-02
2.122323980067027799e-02
2.457451126299000504e-02
2.347351319577820755e-02
2.939955264183609709e-02
1.540049048176521558e-02
5.062952546222918709e-02
2.098014335328448124e-02
1.027753128108770293e-02
1.580977445857414607e-02
1.910266649604613898e-02
1.654454534426882256e-02
2.429404879680734444e-02
2.533595340430677689e-02
1.430352260536082130e-02
2.789531184996189503e-02
2.588784890517259810e-02
4.047802926888514896e-02
4.247156915502247471e-02
6.187102403893884189e-02
3.956400381952492051e-02
1.157488157675565406e-02
3.457224548806552000e-02
2.828159522045250313e-02
2.925063688603491210e-02
4.679688087470907504e-02
6.678672633144371040e-02
3.131317820926473455e-02
2.905098388323459901e-02
9.689718410641515525e-03
3.566407361845511798e-02
2.818791043981682537e-02
4.783035576693448615e-02
5.478594757785638231e-02
1.974060444730987157e-02
2.527351553496952688e-02
4.921006430388734365e-02
3.397360626012850549e-02
4.447563489738807357e-02
6.359051364953750840e-02
2.904141944055613558e-02
2.141222398748994244e-03
1.952123017454530582e-02
1.214185758610905608e-02
1.233833298033496992e-02
3.617791841827103227e-02
4.507003686713693946e-02
2.839507169407094050e-02
1.408946765617961894e-02
2.870694334320665619e-02
2.989857175605863462e-02
4.025628069610507481e-02
5.225897440684133116e-02
1.011119932698367925e-02
2.002758150008782448e-02
1.777049964352881567e-02
1.887745395796035577e-02
1.628244584947994081e-02
4.447940077194404568e-02
4.744922783540302114e-02
7.678907115499468937e-03
2.156861464526593775e-02
3.893804630700940100e-02
2.120344370615075483e-02
5.717558907954741615e-02
5.775499129047860503e-02
4.490807688530802123e-03
1.412310994748011694e-02
2.134818974546141140e-02
2.870636539229355980e-02
1.726505191334462563e-02
3.520355990259996931e-02
5.843124453638196686e-02
5.286396090765946992e-02
2.510275546557376447e-02
2.231695324918879161e-02
2.154559512232704852e-02
2.442723271476410565e-02
6.451185541754533848e-02
4.003969469531152431e-02
1.435040305558426751e-02
9.379416065387585766e-03
3.769377953747316684e-02
4.057418516090746663e-02
4.145151600582987206e-02
5.405034370958086004e-02
2.283035627243006765e-03
2.469234690012461070e-02
2.035308432906996270e-02
2.131420813345620904e-02
2.428420279787545447e-02
5.428423448288136055e-02
4.306789069943370296e-02
2.713455030289447720e-02
1.150859946248402460e-02
3.849273949888043934e-03
3.118984637280455482e-02
4.972989851819412110e-02
4.919160817636424737e-02
2.242274209244451283e-02
1.620603121139046338e-02
1.441471803168620745e-02
6.077473111617473847e-03
3.317654735514215247e-02
6.224055202049989799e-02
4.742945043952646184e-02
2.584964177286353318e-02
6.840634605557299568e-03
1.920493580524758326e-02
1.986765640203369890e-02
5.205730348242345457e-02
6.533632584275024524e-02
2.175336923287135224e-02
1.442299432149401345e-02
2.784801519047458776e-02
2.493359613671913139e-02
3.202890030282837946e-02
3.882665505753612328e-02
3.180989623577492459e-02
1.629745747281821297e-02
2.309640506122954962e-02
2.592301918983520165e-02
1.325135168756258301e-02
5.552641437586351703e-02
7.066082311587586207e-02
3.961919334979921437e-02
1.851663659051472691e-02
1.766749710487586569e-02
2.501900687432402973e-02
2.428332165231242984e-02
3.525133293527391715e-02
3.528094959746243958e-02
2.177072730132716127e-02
3.237313214548170198e-02
2.600989445681876899e-02
1.180979294636149736e-02
5.505586700581873577e-02
7.141963390114772214e-02
2.051786096512917684e-02
2.281598994855879928e-02
1.077631166580313160e-02
1.456361180132159476e-02
2.113041793925694856e-02
5.297549802055606660e-02
3.659403276750390621e-02
7.852837947703536839e-03
1.806179108267455188e-02
4.035118237394952345e-02
1.942587202308483987e-02
4.126672947689363075e-02
6.801892448242137512e-02
3.401432542863930958e-02
1.996652677919220562e-02
2.141566458311341958e-02
3.049218344263570149e-02
2.302077718705527673e-02
6.415501538207153687e-02
6.142643651050510439e-02
6.699115252139358281e-03
6.935922911613431191e-03
1.242375897608004320e-02
3.284812235843018180e-02
3.064887620253866490e-02
4.288367972805915557e-02
1.206593595426775321e-02
7.479008062223477769e-03
2.347828257550702707e-02
1.234483581191178278e-02
3.473165255795250539e-02
4.739188296453399063e-02
3.961779693606777564e-02
1.517078255976966189e-02
3.525405165125131569e-03
1.915260420986893142e-02
1.707277230450066768e-02
3.241660067111577781e-02
8.030236590832515176e-02
5.277415273372205312e-02
1.118367345723195183e-02
1.247727163882265261e-02
1.439107085347732587e-02
1.207785933971339438e-02
6.690743267624441049e-02
7.659704985554542656e-02
2.102709871815168496e-02
1.619708860069818748e-02
8.364368465611194195e-03
1.351542471314506368e-02
2.096188862827503066e-02
4.540030009235503788e-02
2.648506835479876725e-02
1.988424688155508366e-02
1.865633287072655799e-02
1.871542885557682737e-02
3.281812090712497854e-02
6.303942980836918508e-02
4.666983876276327436e-02
1.659952555247074663e-02
2.419286203367978366e-02
1.573368177225850303e-02
2.153386326138003598e-02
4.905597490516424436e-02
7.481840240576448364e-02
2.737417695374419480e-02
2.287285839549203087e-02
4.849175221569868195e-03
3.504963825430539720e-03
