2.066565448398994826e-03
7.441056856780745021e-02
2.224982910003841727e-02
3.513632477284305000e-02
4.840996000615566813e-02
3.759399024865620054e-02
4.562369064704301092e-02
2.186569817054850526e-02
3.556255504929085876e-02
6.239357184092391567e-02
2.211153768384508181e-02
3.293886550902318938e-02
7.674249024861191926e-02
3.058453230925862673e-02
4.299595722705160800e-02
3.015364125030804351e-02
7.158467946422071571e-02
5.884687948125389388e-03
2.115594183168935036e-03
6.709506213274871352e-03
6.934581733244130075e-02
4.534311978920793629e-02
1.946346256321291809e-02
2.001315972466022330e-02
8.192229626291953892e-02
2.439214987956529745e-02
2.529721305431278239e-02
3.754186783146467449e-02
4.618681139956470200e-02
3.135562986675707875e-02
4.690475389134290962e-02
5.055010703643295078e-02
6.713256089582743391e-02
5.236090731030364209e-02
3.283223899040234317e-02
8.834900787611313366e-02
1.975189771987060500e-02
4.712083721993870489e-02
2.241437302366622308e-02
8.180752514430095212e-02
3.403780689945908045e-02
1.362665242519071722e-02
5.930075711161310326e-02
3.149281035628108405e-02
3.137260585052034645e-02
1.905505973037863524e-02
4.330316323602002686e-03
9.864914880097848393e-02
3.179589387130258432e-02
5.832396309380339511e-02
3.391005333601224830e-02
6.360824411268485579e-02
7.770907624266323865e-02
5.955124183525767334e-02
1.025410621268643963e-01
2.527234812341695377e-02
6.387507776879877697e-02
4.526081970949308309e-02
7.191693847121750915e-02
9.013658844658688218e-02
7.276897651561063662e-02
5.132561564527311077e-02
5.680734160858277176e-02
7.502073912936870793e-03
6.636312047408762793e-02
1.003347921965857814e-01
2.042949350358428881e-02
4.323486196545960579e-03
4.681687966979764665e-02
1.670337498431689882e-02
7.744525952875286334e-02
6.047702928334775657e-02
1.092371021129123210e-01
6.688897793855551333e-02
4.101408468291507792e-02
1.071407026821483977e-01
8.052661530386100164e-02
1.466055892369968472e-01
1.147925618189693103e-01
1.303405718667146052e-01
1.846813381485200301e-01
9.117501375691899890e-02
8.303508396083256193e-02
1.408258278511743677e-01
7.039873454643112705e-02
1.397821930967730886e-01
1.117567478161233391e-01
8.016200945414879431e-02
1.872411374183538535e-01
1.378429449169023824e-01
9.729076038199577225e-02
8.092789214938586606e-02
8.908102664219941236e-02
1.549386898826556058e-01
1.052420490922399698e-01
1.194459332469696433e-01
1.463830244672384429e-01
1.371153817532315966e-01
1.670294149392411998e-01
1.137107425604519800e-01
1.180129395035770246e-01
1.871773819292243679e-01
1.009827511509009818e-01
1.450611606709438159e-02
1.582669025216391079e-01
1.222219573885724858e-01
1.161934496816690449e-01
1.084147250936954299e-01
1.082185939134652081e-01
1.114574587579597598e-01
1.163678778725111967e-01
8.736446398993588658e-02
1.002652798355779529e-01
1.593175087363090381e-01
7.973989898711567048e-02
6.881343776746462471e-02
7.402686764127823504e-02
5.706986973093759047e-02
1.184840536595769267e-01
2.289137830834773457e-01
3.211268901055242542e-01
4.123411703558678143e-01
3.171106628258916205e-01
3.756705956421325099e-01
3.510055601007439074e-01
5.868841047032428149e-01
7.410875351161301250e-01
1.040833581850844070e+00
1.139319166244458392e+00
1.186264516320768125e+00
1.058625103708632276e+00
1.134869633137878919e+00
1.208055172704124436e+00
1.415678989097341800e+00
1.511797909305888421e+00
1.568201643937803702e+00
1.493705794238700424e+00
1.403024342732461127e+00
1.306376424837644157e+00
1.239265728249760778e+00
1.135669115087791781e+00
1.178291430149854380e+00
1.356233449960234649e+00
1.292509450849730124e+00
1.314180065326518765e+00
1.131510131978666012e+00
6.896029592842365386e-01
3.725434274393242817e-01
3.142355765794096478e-01
5.075921284936787403e-01
4.865336545781156485e-01
5.221275566264547141e-01
9.064594859767133306e-01
1.234769580205625328e+00
1.574669490767551805e+00
1.501631975407692998e+00
1.505165655544800307e+00
1.352496808326790090e+00
1.596346786429656772e+00
1.883543441327199863e+00
2.236881600063629794e+00
2.579646720884450684e+00
2.429170590026906051e+00
2.401772681624303019e+00
2.198850797312732475e+00
1.973629349073645844e+00
2.017275909600325434e+00
2.272916261862138132e+00
2.482554791745197331e+00
2.400610372164807771e+00
2.300151665928863221e+00
2.250102139280040436e+00
1.873198633535550828e+00
1.670723230924283431e+00
1.759247074066689454e+00
2.297488380410673159e+00
2.387415874289875894e+00
2.337895042165268222e+00
2.759863074761823576e+00
2.207238174745461912e+00
2.013286522940966883e+00
1.774759663906510410e+00
1.721407388586708276e+00
1.201561131142270478e+00
1.826737833241683928e+00
2.270231017612379887e+00
2.247423596749750896e+00
2.814600578756832672e+00
3.090550696655415042e+00
2.776802928692138295e+00
3.154213336205017537e+00
2.666247508223901441e+00
2.330272778947116930e+00
2.398660779690109379e+00
1.347634359610314192e+00
1.899244289743804215e+00
1.687422106182677295e+00
2.335656243954716160e+00
2.435553094015441289e+00
3.259045183035395254e+00
3.002017510743027806e+00
3.696907662908127445e+00
3.210495232207512650e+00
3.393804461504315473e+00
3.204950723084754038e+00
2.453869533644630785e+00
2.927908983897543393e+00
1.388665127607305649e+00
2.420718040183240660e+00
8.837455002631529055e-01
2.454556331947906234e+00
1.148794816446986777e+00
3.485765756626661105e+00
1.572024175182937800e+00
4.937920717463405218e+00
2.427132061421005016e+00
6.088489381398258793e+00
4.810550581510569579e+00
5.339001424595429590e+00
8.376297612815307048e+00
1.731957306395097929e+00
1.085950217427369857e+01
4.101018609435529427e+00
1.074643319922120632e+01
1.017214631431350824e+01
8.197132934650106506e+00
1.478565544753507766e+01
5.203875797310518969e+00
1.658854421584734595e+01
1.013502787791258974e+01
1.174872568630969916e+01
1.757818991699859268e+01
1.800256098561058282e+00
1.497581771462175304e+01
1.526531707439222352e+01
8.123172202101081041e+00
1.226928492310136676e+01
2.403139517020697014e+01
1.443652953804097905e+01
1.625092184386394933e+01
3.508240189746236126e+01
1.816040642688615137e+01
1.905971394623320592e+01
3.754984796884367881e+01
2.525260247164193217e+01
2.722824518320752674e+00
2.790057734586592986e+01
3.696114952984918745e+01
2.046372043882292857e+01
1.430344789925833737e+01
3.984383720838189902e+01
3.881774375832417689e+01
1.741245707804675646e+01
7.461850394297605327e+00
2.696921041944396791e+01
3.181908198055441872e+01
1.495527945782668588e+01
1.117603122986959718e+01
1.152753729866422994e+01
2.975623115628684090e+01
4.399897598400374221e+01
5.870291488239688249e+01
6.592057892041074751e+01
6.080121341150810821e+01
5.179394334241673903e+01
4.537801230827631827e+01
3.754557214599957859e+01
2.783711535345513965e+01
2.103126590855261568e+01
1.869836290754563990e+01
1.522753656463927108e+01
7.150272656708489549e+00
4.913025614075325009e+00
5.912113291333490617e-01
8.234013872671727796e+00
7.152077071024862676e+00
6.832414951485258348e-01
2.027927821030448108e+00
4.652541679661319485e+00
6.574048488823564185e+00
2.840257801609203270e+00
5.418392021682655546e+00
2.218789095229792174e+00
4.340728421990472263e+00
6.385746908079723561e-01
1.706740230232412836e+00
2.428776203240621712e+00
3.953622353278862800e+00
3.387823422888721847e+00
4.956221213619290467e+00
3.253852193406677529e+00
5.016050757984478636e+00
1.642558761980976056e+00
3.483658524735635087e+00
6.732415842833029407e-01
2.156977618287914122e+00
1.549538929908284013e+00
1.699793310413874270e+00
1.730533818703506421e+00
1.495711654548204983e+00
1.388602411143428306e+00
1.200131559224319133e+00
9.949476236747661906e-01
1.049947721708116344e+00
1.327635774593395546e+00
1.200164164337677253e+00
2.120802523203184631e+00
1.027385082366938152e+00
2.807179660901859997e+00
1.322214471922322554e+00
3.120077664477195700e+00
2.605749114542389222e+00
2.906182684068184585e+00
3.948413660370645228e+00
2.680421377240523650e+00
4.379187658717287768e+00
3.338238421828866542e+00
3.778073772105525308e+00
4.099867136289393699e+00
3.283426132366884520e+00
3.802540216992353450e+00
4.063567689954802553e+00
2.831893149859564751e+00
4.026188532161626199e+00
3.036448415314452642e+00
2.670510692574818101e+00
3.272346745690729808e+00
1.947578377903548041e+00
2.224764130856685007e+00
2.268860748496162039e+00
1.651232645322439740e+00
1.291327279902673597e+00
2.044232164190740608e+00
1.704558584623930617e+00
6.129681121675312205e-01
1.929397977519562879e+00
1.674345817788730484e+00
4.730356169091510243e-01
1.316124101917758304e+00
1.516823372976156881e+00
9.746163782541197307e-01
2.270344870089802680e-01
1.335980009439687644e+00
1.531797791539583287e+00
7.038202712043157838e-01
6.689705437231364682e-01
1.258344892600708365e+00
1.164747142906152000e+00
6.134721082676067860e-01
9.011281903032716256e-01
1.254857033141952183e+00
1.012025856078121455e+00
9.192752506850716543e-01
8.381920600983501224e-01
6.081360937037505465e-01
7.075747981851903123e-01
8.126197074767065320e-01
5.171614162466491305e-01
5.572855528319311524e-01
6.628388558522634311e-01
1.924945818525054531e-01
3.827607856679464127e-01
2.430631013988787947e-01
2.733834298635079429e-01
5.386889883660176404e-01
5.872583702665796768e-01
5.805514247931217175e-01
1.130717731951002281e-01
6.215617101275419110e-01
7.989567276982514343e-01
6.501884440075311744e-01
6.591846565014878312e-01
4.101978046808479883e-01
2.578409314399271457e-01
6.097219255663490767e-01
1.066566135447320374e+00
9.856415676180979579e-01
6.238216655140411682e-01
3.747945744905223919e-01
7.058538279566750617e-01
7.172357800006251560e-01
7.475829166319654107e-01
6.996972423623889492e-01
6.656052675844708055e-01
4.127648915209317648e-01
1.990058770128212973e-01
3.948649585043991772e-01
5.461675217652174341e-01
5.693269106601527296e-01
4.534471470711856078e-01
2.975258097070324070e-01
1.174765894728546645e-01
1.808142193120121921e-01
1.633523725921559866e-01
1.448672959542244287e-01
1.281963459595768240e-01
2.409243576500797179e-01
3.059124880755162978e-01
2.828342079586776969e-01
2.989946500434662591e-01
2.307634137361781745e-01
2.527204755941697689e-01
2.013643214685972294e-01
1.003992984162705854e-01
1.426092122726207168e-01
1.158800775692796353e-01
7.948147557989995726e-02
9.037627099231029804e-02
1.175362313738917280e-01
2.223681478344278484e-01
2.203286243733699190e-01
9.282330963408852442e-02
2.437168135541889491e-01
2.151360904021531184e-01
5.296575169934870236e-02
1.219748793908978363e-01
1.007408809047934950e-01
1.155899553810454533e-01
6.316512648731184565e-02
6.341018863664472927e-02
8.069124639714492231e-02
1.403492890741982468e-01
2.260786973265604960e-01
3.323562590717770229e-03
6.558428139630795295e-02
1.694276732885986458e-01
8.888380788972874424e-02
7.766767806595509249e-02
6.180314228365565293e-02
5.851877126548040570e-02
1.555797947931806535e-01
1.148041489141280042e-01
6.803033863498608724e-02
1.109256657511969030e-01
9.387553154157415869e-02
1.319927108897223922e-01
2.059633213659876200e-02
4.073142759048168499e-02
1.217316133451988441e-01
8.134004171580713760e-02
9.983807502128946854e-02
5.683905224375292858e-02
3.278435262231912256e-02
4.571267826910431487e-02
3.421142937029997971e-02
1.164127930581457943e-01
7.714961597047002850e-02
1.927870820790677023e-02
8.553449913692723339e-02
1.001719282935800287e-01
9.831611990702403270e-02
7.015396906597319571e-02
4.240053091069263813e-02
7.546880586082803377e-02
1.677505185086327830e-02
3.333295832745043763e-02
5.456570190374775142e-02
7.394768514939753512e-02
3.340502552557597649e-02
5.631081427377564175e-02
2.620212938626927460e-02
6.795851236258941552e-02
4.642899130156158405e-02
9.407730451892712398e-02
3.951573299683119878e-02
3.049888787943261584e-02
2.667773132400267158e-02
2.822324388819641081e-02
6.543523661470136699e-02
4.872690088706068540e-02
1.594872971612686097e-02
8.513724478142470353e-02
3.291040512254349987e-02
2.862146683685009435e-02
1.991527909059272877e-02
4.817011393835352734e-02
4.774746217721707181e-02
4.663152091284970130e-02
6.887926465652403907e-02
3.057919155925578267e-02
4.334892151270857558e-02
8.255610677180291040e-03
2.218590751692754021e-02
1.130331070618676749e-02
5.131920140580011058e-02
2.539610578323250704e-03
1.070573155035816348e-01
5.292054314094211953e-02
2.714572447993438345e-02
2.341580115124896819e-02
4.808815659138394177e-02
4.862074307648626970e-02
1.498200524101334606e-02
2.590181580049050539e-02
3.974608622914010264e-02
3.851964151093824340e-02
6.535612902055806805e-02
4.271314380924406962e-02
6.971037501546736848e-02
4.957292282833472563e-02
5.006064997159798136e-02
7.223430764765245704e-02
8.831945467819223364e-03
3.793054576022878571e-02
1.675988644614988254e-02
4.599216993759745742e-02
5.391262893250529931e-02
8.682354426120251698e-03
3.881698370945556309e-02
8.182994571983615018e-02
3.832329613777166882e-02
3.630690972560609436e-02
