1.780356224008516897e-02
1.110168918932295280e-02
4.854133234572511647e-03
1.059274201216628061e-02
9.069489267504626112e-03
7.808253317895873929e-03
1.781367021161116976e-02
1.258751328487606007e-02
1.464459922853332541e-02
1.082737459720457991e-02
9.879695060745128515e-03
1.158157311763645912e-02
8.971827189495060195e-03
9.308112644582450246e-03
1.940693301707119289e-02
1.720388334831200738e-02
8.905286176923581792e-03
4.667948736861242919e-03
9.744076816839510047e-03
1.698993042852414703e-02
2.131489072362007312e-02
1.340201300627536299e-02
7.149913108042737879e-03
1.485549437552054208e-02
1.955409802373440920e-02
1.197277061554133729e-02
6.376745535098990794e-03
7.589516275588375181e-03
2.012122944993129450e-02
2.152966444484226416e-02
6.358274702522466980e-03
1.257133258409327478e-02
7.949986744985128306e-03
1.136737584136033111e-02
1.814293848689050789e-02
2.233679837024055148e-02
2.373909794278758825e-02
2.809643585615196823e-02
1.706699160504091678e-02
2.827370518064364034e-03
8.986540296085714433e-03
1.074930852808211532e-02
1.569924146373857451e-02
2.240219140740010509e-02
1.296967894154533139e-02
3.457809583850720431e-03
8.947091190864486440e-03
1.255688791292177732e-02
2.269132369922453873e-02
1.362336940144530210e-02
6.340730975092449644e-03
1.166415071042174734e-02
7.665826714211257560e-03
1.457202810913021084e-02
2.059127743619189668e-02
1.546929985524946212e-02
6.066440785294803344e-03
8.540560449689904229e-03
1.463876483006288330e-02
6.055178339126299561e-03
3.146676119281568724e-03
6.711494666968108487e-03
1.013918988852868103e-02
6.908537246556789059e-03
2.013741627441552329e-02
1.975590721463709939e-02
5.247807692691230062e-03
1.118906432108028245e-02
1.515027429160862443e-02
1.410084358857839788e-02
9.551566666645144518e-03
5.789369526151450472e-03
9.549745158827617833e-03
1.217540364837580054e-02
1.285390755540284473e-02
2.007321060263480075e-02
2.083261806778109737e-02
1.124510411685861883e-02
1.766222088012020432e-03
4.637539547193552172e-03
5.582982846123872578e-03
1.071683590575507952e-02
1.104291028138733831e-02
1.033410216424593409e-02
1.156959924639755326e-02
1.231112861067894249e-02
7.957454593378833138e-03
5.398288508171936173e-03
2.524993428617704812e-03
4.919649986454173451e-03
1.006214678246821793e-02
6.760490853484105514e-03
4.257393179589323388e-03
9.077148909402780672e-03
9.694665795398165614e-03
9.225010153910860253e-03
1.363092872756895002e-02
8.923037262728653052e-03
1.010024219268916383e-02
1.306840434620198249e-02
5.030051131706471911e-03
4.870713209184201684e-03
3.447994738561763195e-03
4.854391166192866328e-03
2.397841957594975051e-03
6.490305878460210856e-03
6.977977091159439163e-03
1.417770798153781750e-02
2.588406040802279651e-02
1.731696019985245680e-02
7.450578645795593452e-03
1.045774785802366935e-02
1.589784573434961309e-02
1.070051064850272363e-02
1.191883023040577264e-02
5.359208135633849492e-03
1.071825594804592593e-02
1.707290121899351226e-02
2.942554235572967820e-03
1.380682688067782528e-02
1.533872836907135273e-02
9.336100562708189027e-03
8.762255711493426719e-03
1.081385807695295354e-02
1.947524813752148434e-02
1.841601655559968811e-02
4.430978244015056772e-03
1.547440062908554334e-02
6.929355053255918662e-03
2.922796008681748971e-03
1.695980093942609304e-02
1.632566266077738887e-02
8.231733110630466352e-03
1.632398602729282638e-02
1.993561563411719306e-02
7.502397614481075457e-03
1.810678759404114879e-02
1.466058199061573766e-02
5.981859413231668679e-04
9.847658014727101936e-03
1.531460269149890509e-02
2.598675381911590143e-02
4.566739093487158507e-02
3.650253417219205543e-02
2.381915405503833710e-02
1.391141823815125571e-02
3.613538529125878435e-03
1.908024095811350004e-02
1.928009180125513436e-02
4.919560862061532307e-03
1.116651927866746385e-02
5.172903679665324418e-03
3.801649957991387434e-03
1.161950458452739275e-02
1.048584596334349757e-02
4.004948486419314044e-03
5.186815975910358603e-03
3.607574757597406361e-03
2.283977574675739690e-03
4.985751168546269027e-03
3.797248802904762671e-03
4.845307207902075849e-03
3.264349330350279840e-03
2.185094064860064206e-03
8.424981338057897437e-03
2.239713705135670113e-02
1.786444509207781028e-02
3.793902765778992773e-03
1.146560310054240729e-02
9.822861148963593636e-03
1.200698139760431916e-02
1.075413908160546307e-02
6.841290936197220313e-03
1.809659845873352532e-02
7.796078645427165395e-03
1.781584841090794527e-02
1.649754784040908737e-02
3.096797952555803424e-03
1.082655602617204650e-02
1.791354983586100971e-02
1.941020464731430667e-02
1.307438194895861258e-02
1.330864478206701153e-02
5.430980705313773714e-03
1.420651202783714505e-02
1.336725257131655444e-02
4.058872239143363793e-03
1.540579854221455283e-02
1.630572606583857373e-02
1.329057806837653614e-02
1.026178500147664242e-02
1.198989913701104665e-02
1.714708555586818076e-02
1.453211641310571574e-02
6.854198888480938709e-03
5.386350929731189424e-03
1.419701421114135872e-02
2.595960229697660479e-02
5.769481355096880981e-02
8.993290631806957758e-02
5.689613196545054152e-02
2.333926731582021755e-02
2.255955665253759138e-02
1.297898842951277464e-02
1.281897173918141071e-02
1.322864458175406453e-02
1.389163237542016469e-02
6.978984812756930910e-03
4.974337571268436752e-03
9.960795942233601624e-03
2.048722635138882503e-02
2.236015617250146012e-02
1.412554239235583146e-02
9.888500506297047410e-03
6.430032750348520752e-03
1.181227517243706344e-02
1.908827204705783667e-02
7.764035209024610848e-03
9.192339159483337019e-03
2.602791735762674530e-02
2.318708106604871338e-02
1.044948241111809742e-02
1.354592968412895483e-02
1.191239861669503644e-02
1.185533147547277594e-02
1.086892158380217861e-02
4.763622955290787789e-03
2.929988278745495559e-03
5.114978075483424258e-03
8.228579775056161366e-03
9.622807171932951098e-03
1.324309446499113280e-02
5.378431449588013877e-03
4.421619071398928333e-03
2.046762604240226491e-02
1.395577377811807115e-02
1.201224834731814614e-02
1.598180019339754884e-02
2.753229705845883744e-03
3.344657686426277116e-02
1.228841726067391241e-02
9.662842452360914658e-02
6.294264382247180545e-02
2.027881628953807913e-02
1.837019127298067933e-01
2.928768864586371867e-01
2.160256558571240493e-01
6.012745681495967887e-01
4.911375211168430566e-01
4.015444945123617382e-01
3.749898161285983855e-01
1.882928761551218466e+00
1.715101547374590085e+00
4.446836443923138482e+00
1.385869533230397721e+01
3.704245529711517975e+02
1.022476378365567695e-13
4.890340905755124368e+02
3.096478862862258907e+01
9.020782663996782524e-01
1.419513198985996150e+00
2.564150744917746749e+00
1.208716288776938041e+00
2.345503195558262532e-01
4.489293644756086055e-01
6.586034154183890710e-01
3.778260531208356143e-01
1.430896038494906541e-01
3.119566448407860570e-01
1.273468530057317583e-01
6.669725844797708136e-02
1.305569326966682930e-01
9.928981550897458819e-02
7.639636050730166592e-03
4.596432855157272374e-02
2.032928667138124076e-02
7.530055099880475326e-03
1.381308287340435662e-02
2.921296977741858619e-02
1.301272205999319531e-02
1.355345616308858969e-02
6.132571651894112331e-03
1.750244028184125278e-02
8.199855305019874627e-03
1.340755627151084435e-02
8.418439022395890481e-03
1.600150618050964410e-02
2.417785370977118889e-02
1.830491320965003596e-02
1.237831972626106738e-02
9.178777102764946669e-03
9.513304911094295699e-03
2.151712565918971910e-03
6.734247937223681105e-03
6.151055463946933713e-03
1.379088978277471546e-02
8.535491979276615612e-03
1.428413149246422764e-02
4.641426738094338832e-03
9.875860900128444197e-03
1.068335528680842972e-02
1.192259710132835895e-02
1.709731542751097289e-02
6.900201864771465278e-03
3.499227336761295761e-04
6.336022229637939054e-03
1.556253451316169829e-02
1.469516351970509907e-02
1.323323411152175881e-02
9.567434403701011517e-03
1.426578343211655324e-02
2.064136658009649294e-02
3.345852442746410915e-02
5.901495891351224432e-02
4.056618010191295060e-02
1.419695373023851549e-02
4.967991904481119068e-03
5.715543728637189659e-03
5.324687707968920290e-03
1.671655612959992848e-02
2.285826763995220737e-02
2.535362594928315325e-02
2.299148039043072411e-02
1.419475919705180493e-02
7.837663745847191221e-03
1.163494286383683421e-02
1.019049534707159622e-02
2.295821990723169795e-02
3.618527575689165637e-02
3.455993465940478127e-02
2.239039676407975424e-02
1.045283642190186942e-02
5.649558498046202207e-03
2.412278526622534548e-03
1.293934509846067331e-02
1.596125233673993324e-02
1.273421791529539930e-02
4.416835740564822171e-03
3.208520861563898645e-03
1.522099401186328797e-02
1.454016313777283659e-02
8.273826200680112902e-03
1.147251202996757077e-02
9.868522220365858605e-03
2.990814308144476141e-03
6.642696226032824419e-03
1.166509566626518050e-02
2.436643642633309209e-02
2.668814071719200973e-02
2.870992102987352315e-02
1.644502040512898014e-02
4.200220517288738055e-03
3.129342419138363141e-03
6.261980768571756041e-03
1.154624594348207731e-02
1.572553162587501246e-02
1.142769033005837896e-02
5.458275676988968636e-03
1.300581042781421247e-02
1.594186026376437013e-02
1.334929354786000208e-02
1.516205136020636404e-02
5.668737670197661338e-03
1.306419116305598468e-02
7.686227432644214194e-03
4.701968314505788546e-03
5.911002615611296584e-03
6.271035065433273707e-03
7.032444039459703408e-03
2.388549245815310001e-02
3.036644125642099651e-02
1.711001570089948701e-02
2.134119003511882745e-02
2.286268871930459065e-02
2.952623008088814741e-02
2.338527828396473260e-02
1.505262927446133006e-02
1.069801822068709891e-02
9.599134941560264270e-03
6.271254137511893777e-03
3.611727409786867106e-03
4.784415315801894379e-03
1.142060670830165846e-02
8.998005297467838448e-03
1.727584175424304314e-03
1.568894830563481637e-03
1.227852704280990234e-02
1.147205658869103473e-02
1.625324787318327760e-02
1.423154295574016737e-02
2.966637801186074782e-03
1.215000510285549513e-02
1.045285655790972011e-02
5.248646958260927246e-03
7.566568707286158539e-03
1.576121263947371327e-03
1.418409107989379407e-02
1.040897632540663774e-02
1.239154419848648506e-02
1.265061462550739861e-02
5.015506097685505822e-03
8.341322236732021111e-03
3.071803724050576993e-03
1.358566488368375194e-02
2.434421470306861318e-02
3.248254851065249943e-02
2.797652262419751332e-02
1.723404835692117151e-02
9.150658253407889173e-03
1.413861955702639707e-02
5.229849791152704069e-03
5.419263363979257659e-04
2.712520634083971909e-03
1.133432326276018372e-02
1.164565135821052540e-02
8.691120860204381779e-03
1.397397199421605146e-02
2.253062703859216517e-02
1.603087486469478504e-02
4.661071566169937459e-03
1.563802057274567281e-02
1.941229967772237219e-02
4.664900127070267105e-03
1.058432044378841176e-02
6.222070773140261565e-03
1.074135729703212284e-02
2.442267889916912085e-02
2.356114803781559491e-02
4.941713193950721290e-03
5.320436611831418430e-03
2.591403783103054994e-03
9.479830721064775451e-03
1.782741212609107243e-02
1.076352590587041115e-02
1.115417681974289338e-02
2.103970349924208158e-02
2.526329897432108909e-02
1.068033414970912497e-02
6.025468918302519933e-03
7.066997987377283443e-03
4.434369695914762953e-03
9.463621674181507681e-03
9.430331425170841372e-03
8.222024262293681218e-03
1.061895211437758647e-02
9.251150008082732051e-03
1.179979467265364693e-02
7.072758618699610811e-03
5.296843097185596240e-03
1.600644803223097001e-03
7.258703594324112524e-03
1.474786981663963985e-02
6.701080173275244731e-03
8.319126569528130857e-03
1.646323439485240445e-02
1.793612574269519075e-02
4.228179384279196450e-03
1.231016019683666383e-02
1.511204328927611383e-02
1.064319486617917171e-02
6.604749899304979480e-03
1.890470587195659108e-02
1.059411661625320016e-02
5.794982286010874444e-03
1.471623008957723654e-02
1.950446864735063540e-02
2.414915555518523313e-02
2.350316824030880547e-02
1.582924918041617515e-02
1.121850872303863274e-02
5.963906289664234160e-03
7.737861049981161095e-03
7.603144415133109360e-03
1.237065743171192160e-02
7.306210598409472630e-03
1.731544230135127760e-02
1.597125339653710299e-02
1.931400961789815976e-02
1.709330116052687823e-02
7.461236139608988863e-03
2.624188367653231598e-03
5.022988905008144746e-03
4.270837883552735734e-03
1.120898882640053960e-02
1.744167026410276336e-02
1.590180187745288479e-02
1.645063199112679203e-02
9.471353692882690523e-03
3.759010292472008113e-03
1.306936797803032527e-02
1.256212999443827132e-02
9.960724502651218185e-03
1.865301777779796236e-02
9.477778561657559941e-03
5.075069119133889146e-03
4.579964020358132451e-03
4.739126292041926855e-03
4.977802883479784044e-03
1.096672475608674938e-02
9.403880894538125743e-03
1.674263698867272179e-02
1.142305079385721144e-02
5.785909165606789237e-03
1.797857775791590965e-02
1.536029999631997010e-02
9.090777924840120691e-03
5.145558944603501918e-03
1.980354319025871140e-02
2.400364712234589679e-02
1.716949314826763870e-02
6.446955942233205394e-03
2.226433571225706551e-02
