5.424776724845918607e-02
2.977743908290838432e-02
2.233009063740796357e-02
2.388854894475765656e-02
2.965090116482532040e-02
1.254137056796919038e-02
2.356670127800941997e-02
1.315031898430410115e-02
4.071184032673254988e-02
2.772202672850103064e-02
2.786263021022605119e-02
2.490295356916814515e-02
2.978962452321027785e-02
2.439236772396114958e-02
1.201966755496939980e-02
2.717995453276278450e-02
4.361723080132943325e-02
3.273242976057917641e-02
3.878787804891072749e-02
1.986000173940630567e-02
5.829931430143667909e-02
3.429868894462421991e-02
1.585221321368098998e-02
4.373612519566289630e-02
1.345169732497135222e-02
7.809480337274288947e-03
4.656708196251813786e-02
2.641659658998167168e-02
3.734371558123245755e-02
3.287642011787206275e-02
1.483638120511268643e-02
2.488041875546584316e-03
5.892470076979820781e-02
1.874898404628408746e-02
3.881288362747085940e-02
4.257791222344158022e-02
3.604444757825500667e-02
3.552245954389045973e-02
4.061321273974807106e-02
3.951071568387514582e-03
3.765189976945345490e-02
1.549866004023628223e-02
3.838718843708373296e-02
1.444268686342662332e-02
3.066392828106731527e-02
3.890917484068114746e-02
4.698084459600992968e-02
3.397283002123248352e-02
2.980543183369351729e-02
1.658802024904823189e-02
2.787727360983839608e-02
1.739738381610422130e-02
2.068068568144542860e-02
6.331608194371823872e-02
3.065744932296760733e-02
3.960471065220736581e-02
2.222813035515971286e-02
3.047036732537694581e-02
2.163751747802749106e-02
2.722993713591545604e-03
3.342440200060548677e-02
2.494687343166231835e-02
2.501582972385335557e-02
4.981109945257208155e-02
3.188432077912840834e-02
4.621494254172339722e-02
2.762941278455443087e-02
2.874308739566401594e-02
1.547161378631856619e-02
3.024025286582877198e-02
2.192272579647842543e-02
2.194135640931160064e-02
4.557118964172684333e-02
2.912743948029210619e-02
3.272388123188075398e-02
4.750527006616973164e-02
2.710194935064082211e-02
8.703524087623116037e-03
1.842493321672909745e-02
2.828651988186577093e-02
2.425530633833150249e-02
1.668458191989557332e-02
4.940712952763327837e-02
2.459590815164475197e-02
2.570474873281540507e-02
3.550841467291730724e-02
2.035417106740951623e-02
2.037463871400018930e-02
6.265585404768793387e-02
6.557751500339167351e-03
2.802248861842739427e-02
6.161937651528293786e-02
1.853651543442567939e-02
4.028713300067524733e-02
2.940296667853535897e-02
4.296435012982079832e-02
2.347306832178818609e-02
2.216182565728056289e-02
4.053526873672001068e-02
1.181828179354378790e-02
4.624434670372789408e-02
2.623829296290550173e-02
2.746450889726700234e-02
3.103131823060900976e-02
3.582474613490035237e-02
1.653635611378062240e-02
2.466222130194198683e-02
4.952088464843949767e-02
2.921205207350959995e-02
3.579433423608734122e-02
4.180251686619346901e-02
2.139345925849552368e-02
4.206320130369064353e-02
4.902397138485278111e-03
4.017404875233563516e-02
2.179611457198053076e-02
3.960264568392305590e-02
3.834278779889108146e-02
3.243880770805987468e-02
2.880166712567489365e-02
2.744231845747859347e-02
7.757095627976459337e-03
3.430307288491096784e-02
1.743998615177527745e-02
2.915180565551990857e-02
2.349761909929840367e-02
6.027422566806722726e-02
2.183787626448793762e-02
2.976884041932173486e-02
2.893032419491538970e-02
4.347409502149145871e-02
1.720172484480123054e-02
1.918151020016261796e-02
2.483315111749800214e-02
8.049806674042047500e-03
3.943878477429271084e-02
2.767301697079276035e-02
2.957721141888074515e-02
3.734781738780544591e-02
1.189526927317258870e-02
2.651939066876782963e-02
3.015055959865733243e-02
5.136696995392738344e-03
1.742084622325721852e-02
3.311935110770963114e-02
6.962034532115309038e-02
1.324845266138771106e-02
5.209125762637818735e-02
2.555310136471269228e-02
2.543204069398235026e-02
2.304775757107738535e-02
2.610021445446860863e-02
3.322160167987294604e-02
1.697213354472605976e-02
6.259975198026558607e-02
2.594179184036930069e-02
1.971738552577779677e-02
5.394188997592765100e-02
4.977988477131062295e-02
5.378253088441344899e-03
3.525229293447106060e-02
3.554502003428865881e-03
2.227759104263350720e-02
5.361692939041860784e-02
2.893229501889362301e-02
2.575983089488209643e-02
4.181021698728124708e-02
2.894869248023474242e-02
3.229046981596699062e-02
4.675228435043059759e-03
3.262711301142410397e-02
1.837482274535831919e-02
2.142116296451285901e-02
4.225895774762822299e-02
2.923895265615103836e-02
4.871176324178263378e-02
2.711588658829488033e-02
2.592522240351975010e-02
1.711540033055828150e-02
4.961198259326405485e-02
2.996192757947471232e-03
4.802685368757700357e-02
4.246773962119772261e-02
2.014563567013426607e-02
3.160827557506708935e-02
3.240282202463268257e-02
2.102489773526889510e-02
1.974724442663111298e-02
2.446070471836985297e-02
1.379486557292570852e-02
3.393726820450861104e-02
4.134365832362962151e-02
3.617977822078285999e-02
3.784342190987775856e-02
2.198919608451084876e-02
6.129748605919034532e-03
3.935146125624110203e-02
3.160063802443201231e-02
2.263048945548401178e-02
8.398783143915724766e-03
5.484313201304769764e-02
5.962847899388857426e-02
2.162159184643065030e-02
5.243447533850275483e-02
1.272614188181192194e-02
3.878484336261083659e-02
4.327874626607128988e-02
3.117810386217099647e-02
4.387690777270181024e-03
3.577789311944797046e-02
4.932241959369755568e-02
6.055109827663242988e-02
1.329534118204972297e-02
5.752135065028512323e-02
1.142703929310005286e-02
2.023390660098683264e-02
2.261506587355741407e-02
3.802750962749981006e-02
2.812668979923928572e-02
6.576940480148632528e-02
3.527522516775991740e-02
2.133951672726083770e-02
2.581375045277186503e-02
1.371266234315141400e-02
1.796550777490267536e-02
1.773185696807327155e-02
4.003765125013451776e-02
1.245188211711884506e-02
5.278237908106563764e-02
2.169350271346003056e-02
4.479891487262097766e-02
3.555040620628170667e-02
3.251940940980203865e-02
1.039744114645188566e-02
1.811324117433997863e-02
1.954908639119137467e-02
3.540620235654046849e-02
2.406975702454192470e-02
4.036891149579811822e-02
2.447509096344326410e-02
3.221396599810703171e-02
3.691982226464073785e-02
1.856603332469156445e-02
1.371189792848760691e-02
4.952395088368837656e-02
3.468707066374545483e-02
2.201664292688220587e-02
4.189778705879961679e-02
7.071122885823961923e-03
3.758579414895030224e-02
1.031085184651673037e-01
2.132342095926078041e-01
3.791540936957120134e-01
6.692917188620627345e-01
1.640511598592321096e+00
3.250499504318156028e+02
1.621175111771820543e-14
3.237333974239830923e+02
8.604612588208175872e-01
1.497937004343430578e+00
7.821515783532067001e-01
2.881815245694077099e-01
6.665024928990349873e-02
4.933666785116055248e-02
8.388873699473246848e-02
2.335105864195819933e-02
7.016755060983320691e-02
1.460471399827574339e-02
1.647046998615514166e-02
3.381941746227908052e-02
1.073863202695032014e-02
3.106247983857995595e-02
3.221251995951109753e-02
6.847363300700749777e-02
1.180296060735950767e-02
2.655751898248082804e-02
3.841971145388253100e-02
1.908591278787736406e-02
4.354161956391743721e-02
2.016019745013149581e-02
1.403985089236557855e-02
1.841596035751135937e-02
4.052785667201847658e-02
2.483284829281771564e-02
3.412230214014190521e-02
2.628742874904591020e-02
2.226866294242345334e-02
2.292969789334288466e-02
2.181798477624727686e-02
1.774403478547855947e-02
6.884137184924033794e-03
6.915969853185487126e-02
5.765531377634423166e-02
2.008905115080873369e-02
3.337642261274881283e-02
3.693972145748063846e-02
1.626664078543604841e-02
4.029607854941211903e-02
1.367732858150424481e-02
3.639605707530956663e-02
2.209562534514339371e-02
4.228800260023599100e-02
2.210857963472017199e-02
5.356909283334711225e-02
1.631675463480039903e-02
1.320808680549498057e-02
1.657039890167967891e-02
1.793856713873802008e-02
3.390115630701409644e-02
2.129302181259332821e-02
7.549947732132675227e-02
3.626209859119777085e-02
5.196025614475638377e-02
2.684321656729041564e-02
1.448082307789018593e-02
2.227175571318736752e-02
9.691842359058601419e-03
4.038419427942768064e-02
4.104298963912027948e-02
2.582019263740647011e-02
4.198283175590323407e-02
1.169389623275313844e-02
5.277755597086503103e-02
1.452183296099099699e-02
1.279060932138762451e-02
1.875645043103809154e-02
4.057053390820025696e-02
1.986645433663776494e-02
1.762201540560780558e-02
6.047364222722397681e-02
1.597775605110922023e-02
4.226223724141386223e-02
1.308013196669739926e-02
1.880906690591184482e-02
2.072930559836328249e-02
2.287069128172479135e-02
3.794786660311345178e-02
2.012739940678865899e-02
3.407584694511923973e-02
3.487962597299677781e-02
3.529096776102833011e-02
4.136928964003123294e-02
1.898220281549693397e-02
3.238602064071947895e-02
5.779289874727338260e-03
4.775838585552479032e-02
1.685112979119543150e-02
4.277962484014111860e-02
2.286225489419052570e-02
2.981882157270309211e-02
2.518310708953063609e-02
1.652341731288823473e-02
2.668396428016382022e-02
2.097333566893706466e-02
4.169321694026985325e-02
3.127886832955027729e-02
3.066237962789643279e-02
3.830041503974793843e-02
2.879008220453531386e-02
2.837441240936579290e-02
1.816672934606803486e-02
2.525977710841079485e-02
4.945897646011205434e-02
3.299970639513973014e-02
5.542120494017630655e-02
1.969283897800610042e-02
4.779302664112555082e-02
5.111934481909401889e-02
1.828508510832317635e-02
2.339770590928915567e-02
1.072763053139666120e-02
3.264057372573261895e-02
2.680916320928367416e-02
4.612320811147402333e-02
2.585122364192986646e-02
4.943308352014053053e-02
3.686130598680459336e-02
1.882822941675098977e-02
2.393878575823068372e-02
2.030305741780659076e-02
1.436862104746777086e-02
2.216194233143903985e-02
3.327049140924494275e-02
3.614404744095589539e-02
2.486816257271598843e-02
6.339413051636912100e-02
1.364821503069887226e-02
1.453766398543729355e-02
4.423772963698415633e-02
4.135400234111660626e-03
2.440528103884466796e-02
1.481813904933269692e-02
4.554884042763313740e-02
3.228003823215881002e-02
4.585076915922926127e-02
1.142961426833205216e-02
2.851828434620218289e-02
7.572233579504004941e-03
3.773517896317972464e-02
1.412391142848209817e-02
2.675899717255009191e-02
4.467538352674517432e-02
2.807549360237194397e-02
3.457576600874672640e-02
2.821451235065865551e-02
1.438774716140348887e-02
1.937747987392599708e-02
3.250036000535332786e-02
1.405127421446105904e-02
3.209363810019139063e-02
2.153133550359590323e-02
4.222864279585118036e-02
3.539341519274939035e-02
3.418024185773640977e-02
1.692534861668762783e-02
3.742864402332597706e-02
1.867646757406305272e-02
3.248417384357241144e-02
1.473458811441630614e-02
2.991894108363022178e-02
4.497221458977312958e-02
2.555847899377567539e-02
5.241113684135578765e-02
3.489196069357763941e-02
1.822260666464941073e-02
4.529821519063306767e-02
1.251739040779207418e-02
2.793400349213537998e-02
3.032001862362179723e-02
2.659879606638058946e-02
2.778354790218059284e-02
2.245649582214943180e-02
3.559664778602518453e-02
1.524955484523096358e-02
4.709170606001212428e-02
1.131562999870317464e-02
5.252617390524937091e-02
3.822022986721346910e-02
3.283023848650320348e-02
3.693323116333882550e-02
2.675074986998807886e-02
3.354095477325690078e-02
2.995619822014574524e-02
5.282584812726418173e-03
1.990745966247864027e-02
3.449035922188381509e-02
3.272255088663538619e-02
4.347776312122726000e-02
1.391619312962160716e-02
3.779495143015169922e-02
4.812759359468964798e-02
2.162392683564646687e-02
2.020199181936207025e-02
4.053257574500594707e-02
1.040730108879138471e-02
3.659446028480194124e-02
3.468553147055793845e-02
5.746332690879780297e-02
2.401268125000381726e-02
3.150679612765489024e-02
2.830817318523856652e-02
2.014014652302413208e-02
2.226612406724308435e-02
3.196055931919902088e-02
2.477496566626680857e-02
1.604368516669490291e-02
4.448365590893438304e-02
2.862973931129485922e-02
3.660218355534027024e-02
2.966087092157119326e-02
1.401983526653715652e-02
2.076824337732121120e-02
4.118298270493751800e-02
9.395199728202401068e-03
2.336896235402155519e-02
4.058788782649380700e-02
2.968361293302407278e-02
2.057475680014502623e-02
2.913666972429895807e-02
1.830819680709065006e-02
2.848623141603847525e-02
2.552109192942985869e-02
3.697398719507376252e-02
4.136377589964389950e-02
2.824505123546085933e-02
5.080929881121878239e-02
4.071472252160148603e-02
1.364769498435302285e-02
3.532291826600849477e-02
1.620059852725991983e-02
1.058279462452724369e-02
3.639697002320716607e-02
1.800399133650838410e-02
4.202865133895294925e-02
2.730601038087090981e-02
3.075795873365218952e-02
2.505863557732814981e-02
3.338438074355168372e-02
1.572880570763348848e-02
1.206595078926928251e-02
2.768149734893717365e-02
9.729569429393576663e-03
4.927838819240362711e-02
5.426659672852206240e-02
3.479995290589783102e-02
1.442399456507619492e-02
2.325497040078424588e-02
3.090315662215020742e-02
1.084573951255301573e-02
2.446506244364896748e-02
4.501579693700051565e-02
2.858172612496018977e-02
