3.891927526108782814e-02
4.282415328857132331e-02
2.586718290852377602e-02
4.043477497716516100e-02
4.100214067998463746e-02
2.881513839019528983e-02
7.554020592605115852e-03
2.288327518789463194e-02
2.368584153805524881e-02
7.160830955389278947e-03
2.294525984261048743e-02
2.990476284832044654e-02
2.539160144380946116e-02
3.751484977496687134e-02
4.983659113973639559e-02
4.451844478374643657e-03
2.878196066240238521e-02
4.124010842623398315e-02
2.695936885589231280e-02
1.221194158359690217e-02
3.854336294854394246e-02
3.150157425167205566e-02
1.450676441421400870e-02
3.936111717984002584e-02
5.081995427441610147e-02
2.173000289512653366e-02
3.943096502512748874e-02
3.469150609303606886e-02
2.231897819011016693e-02
2.822974577691675716e-02
3.556410453516389847e-02
3.402011226124353194e-02
1.975220135135614952e-02
1.321545039398052540e-02
1.868032782031167627e-02
1.745414801896798263e-02
4.086607087023981510e-02
5.663452725731912135e-02
3.372407158476520977e-02
8.552374991484139322e-03
4.679970805612305301e-02
5.580132884296737372e-02
1.228315688028583028e-02
1.261746220992481828e-02
3.273642720949283824e-02
1.642933098588725271e-02
2.613067488653261772e-02
3.914959229555523695e-02
2.773665454830892899e-02
6.479388263355549682e-02
4.308369193318223322e-02
1.608310759320271538e-02
3.868420144612570027e-02
3.745619700562603099e-02
5.933479532920237637e-03
3.283622885409828024e-02
4.206695831057834234e-02
4.405059692938064625e-02
7.967796082651698586e-02
1.285924969998244183e-01
1.021917155765366403e-01
3.715793213328282690e-02
1.485945867476263782e-01
1.434588901124412563e-01
2.612531379387241989e-02
6.215597264233044955e-02
5.628060152009223271e-02
6.460729084991335969e-02
4.541336195477994192e-02
3.356736799215820355e-02
8.252671759202079294e-02
6.077230858951909731e-02
4.213080568859377262e-03
4.457696024201419221e-02
4.732558966126096389e-02
2.320344251713825010e-02
3.387512817421237110e-02
2.082841531214064956e-02
2.135051374671378954e-02
4.125428693831951349e-02
2.859023180138343945e-02
2.588114063564256329e-02
3.852165583129474324e-02
2.320100930719665167e-02
3.026949423829477029e-02
3.838215083212094536e-02
3.834677880054477433e-02
5.345951188492775036e-02
7.785750399700658297e-02
5.650370616337036661e-02
3.080030075407280341e-02
3.455882179302695312e-02
9.952472803228515352e-03
2.574905903264920748e-02
1.781006888725977441e-02
2.394190643945497479e-02
1.769473056017941207e-02
2.733823480926136917e-02
4.549218766415134146e-02
7.619123084998723205e-02
2.713656188171054834e-02
3.209226422700842823e-02
6.494633637458169240e-02
8.096113010890901296e-02
6.919041683484795924e-02
1.722332288775169085e-01
1.671369706665118970e-01
6.417782330810099800e-02
6.458390150793645590e-02
4.894176281823177377e-02
1.013563462171298141e-01
8.658438744580944368e-02
4.219553519319146906e-02
2.894663383709919491e-02
7.310206824045792362e-02
6.554963997314092183e-02
6.736081526212286952e-02
1.308195531336489859e-01
1.794418850491924233e-01
2.251167943998788334e-01
3.192102425458044901e-01
3.794454790560104485e-01
3.147705133416000001e-01
2.173449756555450030e-01
2.016891950033777303e-01
1.615349344888131200e-01
6.232393366434224591e-02
6.831796653466622182e-02
1.297237359405593871e-01
1.889273295874350778e-01
2.678586254383492626e-01
3.972230818202378555e-01
3.716186137147130530e-01
2.204108131507627466e-01
1.947625465735700057e-01
2.129521706720480800e-01
1.669452809822210282e-01
1.986837924404704359e-01
2.150166664976234376e-01
1.825799610279566498e-01
1.077259954186183949e-01
1.453573783799536889e-01
1.785647225154598505e-01
1.331285273273587200e-01
1.045630725951991608e-01
1.619952870856202487e-01
2.380410384321347828e-01
3.154768769406358087e-01
2.373149320626808390e-01
1.840832328768115256e-01
4.224338724330204409e-01
6.076244054798007888e-01
3.726260245341175281e-01
6.194613715030916623e-01
1.237558107399871821e+00
1.521206537444871776e+00
1.521100884895482563e+00
1.648533868667065416e+00
1.912979371488450653e+00
1.583499041298600085e+00
9.279995770559816837e-01
6.063074681124881460e-01
7.611219424265532885e-01
1.154839030637723196e+00
1.314630460473116491e+00
1.154510225121162303e+00
1.196285087061906394e+00
1.304348492113698743e+00
1.521978811995337022e+00
2.168210765114118477e+00
2.993736971290541504e+00
3.513845050383722857e+00
3.577109545939852087e+00
3.559618548899040835e+00
4.041538412829837057e+00
4.414147033220769067e+00
4.163386573561695059e+00
3.531231246704660265e+00
2.655247569939703123e+00
2.938137487193988040e+00
4.035901707609705014e+00
2.564851163352180663e+00
4.083073642764135869e+00
1.011306107482868910e+01
1.302607205126885148e+01
1.137045011574693021e+01
1.024950150199451393e+01
1.336330249510811541e+01
1.429535962699943319e+01
1.415390831987392772e+01
1.313284668189418447e+01
1.010708671882837706e+01
9.908315921411642080e+00
1.136235593757925422e+01
1.419719424275496067e+01
1.595730295840428781e+01
1.495907643717161584e+01
1.276187631326628136e+01
9.170485717798323222e+00
5.560249128729558343e+00
3.646194342180155701e+00
5.816200120189552791e+00
8.091565040786782959e+00
1.008787105048029353e+01
1.079188743585586430e+01
1.099370108355961229e+01
1.109362529492869776e+01
1.060705981645960527e+01
1.047371536618420507e+01
9.959236520454510355e+00
9.803366345183679442e+00
9.843824747535641961e+00
1.014094269950446048e+01
1.074791810795581881e+01
1.154715552097819575e+01
1.236063589782540895e+01
1.278227001718092559e+01
1.350698596427125509e+01
1.372468027929109269e+01
1.381792590223671624e+01
1.374862215369132379e+01
1.388132871645365363e+01
1.354780479380246305e+01
1.327095364031552549e+01
1.313556558166926003e+01
1.257596946338908417e+01
1.265271347523883527e+01
1.216940346095236514e+01
1.163808300946848284e+01
1.167450091765297593e+01
1.086554705556356559e+01
1.081332058097697058e+01
1.008013862427376850e+01
9.255136228511046781e+00
9.350201645533877226e+00
8.074103464707846456e+00
7.796212318976742495e+00
6.917620732825272789e+00
6.701053912675066115e+00
5.516289505882120636e+00
5.821583714131209675e+00
4.130956533108088635e+00
4.662342841389452985e+00
3.771601286465590785e+00
3.680752189892698478e+00
2.774642678221599379e+00
3.294244113287766673e+00
2.440889544957685064e+00
2.883450392135145979e+00
1.997522037841306775e+00
2.363686347514287966e+00
1.776948197519733430e+00
1.638577705591985900e+00
1.301133119339948685e+00
1.201623835148637687e+00
3.264318369544324128e+02
4.028151685795996272e-14
3.258091082627011588e+02
1.091481605068649330e+00
5.197664106254102911e-01
3.707403534533176281e-01
3.117872336727527394e-01
3.067816660430927045e-01
2.828458537797524097e-01
1.599253513800668047e-01
1.779920092167700807e-01
2.646424448393521200e-01
2.384849981589937939e-01
2.400951360951851521e-01
3.627746164586994615e-01
4.028607353508340538e-01
3.622826246434528996e-01
5.754942259848667696e-01
6.363642539177374324e-01
8.283989821260724362e-01
8.962083785728901519e-01
1.065636628248184170e+00
1.148021322982850645e+00
1.403618538800044169e+00
1.417710320007212976e+00
1.565504433025817210e+00
1.789724748112444974e+00
1.827079868195497836e+00
1.985291832428777603e+00
2.067990147119727506e+00
2.190081134606332913e+00
2.353778486644851675e+00
2.415990055384888091e+00
2.529018365415974134e+00
2.572958376540730896e+00
2.698555657029097610e+00
2.787793563764898064e+00
2.725340479942851779e+00
2.833529730951250603e+00
2.900886259491090691e+00
2.854721685328998948e+00
2.766124897353339218e+00
2.777170006013852888e+00
2.663658498067808189e+00
2.522543978229121020e+00
2.469919112489341817e+00
2.533970144603067798e+00
2.583705580578679495e+00
2.687820898016084481e+00
2.930763754507426988e+00
3.070172333345574600e+00
3.175475593951775810e+00
3.170146362808868634e+00
3.120881399726532113e+00
2.948141651500515881e+00
2.328345729119395191e+00
1.505801620049969092e+00
8.552135638091141745e-01
1.760341916817492303e+00
2.983425369877736433e+00
4.071171534593431396e+00
4.729192962507219988e+00
4.919130569565580480e+00
4.229385071901019089e+00
3.249370126637190825e+00
2.807603970227157575e+00
3.010704634131269319e+00
4.016247374118260716e+00
4.355371861714059989e+00
4.274608765924492459e+00
3.845522506762641513e+00
2.960946853095974163e+00
3.445709938828029895e+00
3.870126816374403589e+00
2.731417822485318947e+00
8.593953323166479974e-01
7.389753473219422553e-01
1.294646633554920934e+00
9.141312910873096165e-01
8.316966319806828878e-01
1.012537756227402275e+00
1.243906726824977493e+00
1.439554322397623709e+00
1.307012508895407654e+00
1.122815196191583764e+00
1.226593646720066655e+00
1.257573696639968874e+00
1.078212013277432657e+00
9.000832050758980074e-01
6.831227751612186649e-01
5.095124528425515331e-01
5.839397850023312353e-01
3.660131826106655106e-01
4.971734862276430134e-01
4.586297258496975227e-01
1.833549196570386786e-01
2.120239273092568988e-01
4.570116734228503730e-01
6.361370802837453819e-01
8.044661180264378597e-01
7.209319479491118621e-01
6.707246283568879530e-01
7.194593587680290225e-01
4.726400481931118391e-01
2.610564580984354177e-01
1.694946098706053284e-01
2.806405197023549847e-01
2.048431118412856466e-01
8.597047491950203513e-02
1.195143607528711821e-01
1.289449333271803777e-01
1.210552305322183525e-01
1.052650219740105253e-01
9.378076522476427868e-02
3.311429880117598701e-02
7.226154939060445981e-02
8.632106437139151767e-02
9.791401198147788032e-02
6.054077410332463216e-02
9.670170233932307013e-02
1.402253895105839143e-01
1.338689495599048873e-01
2.027664162711920737e-01
1.452101124892209161e-01
9.795887180289175600e-02
1.835822874756008194e-01
2.615943940986485416e-01
2.060294736421736939e-01
1.112484858236710561e-01
1.654216751695036791e-02
5.748935349975364817e-02
4.831380813037420424e-02
6.448087223537248003e-02
1.018209738248003760e-01
1.163323910665212957e-01
1.187637248816390684e-01
1.527379222097819678e-01
1.714514397998658513e-01
1.330328579005418954e-01
7.908050006278360966e-02
9.916938255912112476e-02
7.411021558189263836e-02
4.540833947487165484e-02
5.983434462203353343e-02
8.205717246400723308e-02
4.919688441071959351e-02
2.666133026803726991e-02
9.580836625661226513e-02
4.358959899811152422e-02
7.099657674810239127e-02
9.165578777290382673e-02
5.704101538861035964e-02
1.228203419340711117e-01
8.811729352802644133e-02
6.854047468540485320e-03
4.241406977476186446e-02
4.268900083288081071e-02
2.184298486815553289e-02
6.427805487090761105e-02
7.996219289048261958e-02
4.083820748186894889e-02
1.802398301307050685e-02
4.046627307821683284e-02
3.826289145139189635e-02
1.282803161397056552e-02
9.513295624207742524e-03
8.694418029852281002e-04
2.113573514276012588e-02
1.259162705560184885e-02
5.516172792301618499e-02
6.969319989084898914e-02
5.858848337959177838e-02
3.309611328397628338e-02
4.326708286459342995e-02
9.169005540364285473e-03
4.467150734234486692e-02
8.198406203835527373e-02
4.692484146099280828e-02
3.669347549578762246e-02
5.398850335669305028e-02
1.355390220823884592e-02
7.734714804233334615e-03
5.496806057908968507e-02
5.086620565441779540e-02
7.587536469878219426e-03
3.774773098686620698e-02
2.486877109459048607e-02
5.744044514284517983e-03
4.816903330436634462e-02
4.867293894922501002e-02
3.186783954465351870e-02
2.738072528786035173e-02
3.259441461865144468e-02
2.633722399925315233e-02
3.157574890989400807e-02
4.262791146825610500e-02
4.336201593679984284e-02
3.744329964344236122e-02
7.532316115463702673e-03
3.618949018381767413e-02
5.330895515608564950e-02
3.099353968894258057e-02
1.852933958225010461e-02
1.867368649065266964e-02
1.213761336152017513e-02
3.403788587575735242e-02
3.443755487933533588e-02
3.069702916383398178e-02
1.857310490915545578e-02
4.875459838552147207e-02
2.749301842512281990e-02
3.608341387261924937e-02
4.031241279754675666e-02
1.121740538883531785e-02
3.275909026387599510e-02
3.537996091320490949e-02
1.790692178177161545e-02
1.320975114671102055e-02
3.422257028678019758e-02
4.200892534502947279e-02
1.377014340176264257e-02
4.301662251899163875e-02
2.907748094610689005e-02
1.895226050735416765e-02
1.274288184509208242e-02
2.959884622664367762e-02
7.975826871140278065e-03
2.291060453428743829e-02
1.593064046584013668e-02
4.762792188794189550e-03
9.947713712591498350e-03
4.117571022517765855e-02
3.832663334189230497e-02
3.368304930686839144e-02
4.566165045053215132e-02
5.274196514388426738e-02
2.763325137433379416e-02
1.641400305812349206e-02
2.957477228054879864e-02
2.803682316496083557e-02
2.596083796060032547e-02
5.234150455506326322e-02
4.188998714065698264e-02
1.785821387346536032e-02
4.186915388086401985e-02
3.754599389414202404e-02
9.798600438656757811e-03
1.674516416669584798e-02
1.652048092480084066e-02
8.692014557685676795e-03
1.387265064492449948e-02
1.973577135732444698e-02
3.314192210208201199e-03
2.589997423118370334e-02
3.154028005137216734e-02
2.690009999419756825e-02
2.069840164562304283e-02
