1.077365527047470517e-01
6.705246792734739780e-02
1.121819057891629418e-01
3.742448912892288454e-02
1.072075395904557443e-01
2.533127642805058088e-02
9.312998412387603342e-02
9.811372942364994520e-02
3.534742600199296259e-02
1.117187482275239924e-01
2.864582009282374761e-02
7.305881435303709925e-02
8.981800374583125135e-02
3.072040362244374267e-02
1.129360486410050102e-01
3.583898271176518685e-02
7.206766578077090923e-02
7.419517443751975916e-02
3.761720383672658569e-02
1.083604435372334390e-01
4.191256004068474178e-02
6.192982872810408324e-02
6.928355795650550930e-02
2.179161784885599168e-02
4.305649280670865303e-02
8.890570504346183289e-02
4.330689366933158230e-02
9.952261189416000686e-02
9.229335085939363581e-02
3.786519287217554597e-02
8.484896953094012151e-02
5.224330042552861875e-02
2.263143913727296008e-02
5.188825803050480662e-02
1.771920175511966511e-02
5.256286913443505848e-02
3.786767128067912436e-02
2.843553893650337810e-02
3.036085193468675281e-02
4.900923402166475901e-02
2.984885860601541041e-03
6.272719644106346248e-02
5.471589302597378718e-02
1.900382171866033670e-02
4.544555407164482808e-02
4.285276035192202293e-02
6.721174180966034417e-02
9.070317392388092814e-02
8.683367278468680228e-02
8.030146846144946282e-02
1.095841740401174852e-01
1.182515907344760669e-01
1.237605609934255002e-01
1.373058959681452695e-01
1.505531823710499484e-01
1.176774828242813514e-01
1.177793858527909771e-01
1.516740140338455889e-01
9.289613287718002932e-02
1.041732700011278046e-01
1.450619339666094909e-01
2.968315561057953411e-02
1.033602142355697778e-01
9.274252835481240631e-02
4.602498142599206060e-02
4.614300941399449019e-02
6.121811811166049527e-02
1.070141992823087779e-01
9.551095001882144164e-02
2.459954800219972260e-01
1.082204452739858463e-01
3.077519648110093597e-01
3.058406446538320389e-01
1.832002855617598791e-01
4.481850491568377115e-01
9.517022698313115647e-02
4.223426660034938496e-01
3.400295677837124053e-01
3.050946198824721622e-01
4.814264669595032520e-01
1.299985675553671227e-01
3.974852352857081716e-01
2.714885041711238567e-01
1.774727066649595120e-01
3.700130376854600112e-01
1.533562732823506303e-01
3.520028367792127910e-01
4.814575957600975009e-01
2.372876249104684254e-01
6.463019130599237938e-01
5.343704031951814759e-01
4.720599439702641287e-01
7.864344019967686172e-01
2.896548525576162492e-01
5.651017102083931709e-01
3.918402531756099427e-01
1.510410005205104766e-01
2.534243396762208000e-01
9.404312787053571709e-02
8.496540914729629190e-02
2.151604234883007782e-01
2.525174523436032326e-01
2.638105200960901842e-01
2.941754082521281233e-01
2.713557780566514532e-01
1.785887922552313045e-01
2.514490617640683379e-01
1.809372295626648364e-01
2.026791992127355835e-01
2.389657551170892846e-01
2.593944052100000119e-01
3.921667500971376952e-01
5.523632954918802351e-01
6.867064209048994172e-01
1.031605619687169906e+00
1.115978444910681100e+00
1.710528629539145973e+00
1.726189614071764966e+00
2.624321822232307699e+00
2.480815984621661308e+00
3.563651076951591445e+00
3.412229982747638335e+00
4.210415503933644388e+00
4.235600324581320741e+00
4.339391762759803761e+00
4.637293641809510092e+00
3.787016400332314792e+00
4.203111202563307280e+00
2.852831842299679010e+00
2.843285744301538465e+00
2.345201399174498658e+00
1.936185887093963887e+00
3.062139105416866958e+00
3.879482325552031430e+00
4.302589267644975735e+00
5.510574191579499015e+00
5.055370202411247682e+00
5.049244492156255149e+00
4.923637133479268790e+00
4.218553689660338613e+00
4.914577989906999456e+00
5.457386719212231618e+00
4.908142646542215104e+00
4.892985241972235499e+00
3.634717478711619432e+00
2.146799409876400055e+00
2.896854780972994536e+00
3.707021908318155035e+00
3.180877997860801720e+00
3.169079764610367889e+00
3.413437029237450293e+00
3.372617956685051599e+00
3.662403655429212535e+00
4.000429537017727633e+00
3.592259282782073182e+00
4.075426457742567621e+00
5.678932344714518798e+00
5.997029631412529760e+00
4.813261154709145728e+00
4.363084828284144123e+00
4.641084507881786614e+00
4.344371012037168356e+00
3.621605560687474856e+00
3.192000605823293924e+00
3.118546210035210375e+00
3.185977460927288174e+00
3.599012055277653666e+00
4.638559943740970581e+00
5.084661299345986762e+00
4.718241181540299145e+00
4.483655928151296877e+00
4.680521631018105033e+00
4.388346044213847108e+00
3.407554358406892803e+00
2.287678749523132993e+00
1.677376755409100362e+00
9.530872859878548597e-01
2.734118707477176669e-01
1.358628400842535111e+00
2.142810820144578354e+00
2.287220576188728316e+00
2.461603346994815755e+00
2.785149954968973773e+00
2.808579143376198850e+00
2.179446360060006693e+00
1.687094735061148043e+00
1.105015252041350982e+00
4.046028510532415634e-01
1.293857683833845806e+00
1.901038630312725353e+00
2.131159182747108360e+00
2.985417534559332786e+00
2.833929745959178792e+00
2.937546290690633111e+00
4.000320309541753439e+00
4.357143916747725498e+00
4.858409689334933113e+00
5.555254728666271902e+00
4.871958147634250835e+00
4.514763023204515946e+00
4.390385334581682564e+00
3.531074286773101534e+00
3.333502676228975670e+00
2.634871829252146025e+00
2.055684007892911502e+00
1.929612760281325556e+00
1.738757753370814063e+00
2.070836208286630953e+00
1.778415481151796262e+00
2.078735726975214693e+00
1.837667138715207704e+00
1.758034565570694152e+00
1.654914970491987436e+00
1.493542240068155280e+00
1.720658145675002526e+00
1.611819635342590651e+00
1.997276404691211482e+00
1.914181057444839240e+00
2.236046509547160888e+00
2.138652325809816457e+00
2.415464817325750246e+00
2.317389325564671587e+00
2.390498503574497668e+00
2.290397770639829744e+00
2.158288051643615812e+00
2.171288528253910055e+00
2.047831224666936567e+00
2.149944952465351111e+00
2.164594781338936347e+00
2.324413724864600184e+00
2.311781930316816336e+00
2.388496676297140020e+00
2.356187255861184937e+00
2.483202294900835216e+00
2.387590014461728583e+00
2.353100095529062408e+00
2.402327148958072200e+00
2.405600534799307688e+00
2.440905166761411227e+00
2.473882155673151395e+00
2.448750020317147058e+00
2.438710042430106029e+00
2.546409897597492922e+00
2.519443166565633607e+00
2.523790706451862764e+00
2.446925157201110146e+00
2.500211159235792735e+00
2.429792912216194090e+00
2.536411887707837209e+00
2.543688233197051396e+00
2.281030819976437307e+00
2.423356927168197394e+00
2.626574285619874605e+00
2.279727078093833015e+00
2.654489689018521670e+00
3.418306420754663844e+00
7.530300199058637123e-01
4.248392402319796091e+00
3.584810366303424090e+00
2.788921659732038538e+00
3.113545585032091001e+00
2.956536862866612214e+00
2.993312733816014592e+00
3.105267432468874933e+00
3.306524676861066769e+00
3.543920551265465679e+00
3.839260036568601819e+00
3.848945952453745267e+00
3.799655291409740343e+00
3.662756927575017141e+00
3.611931663350231858e+00
3.624614572567091297e+00
3.547182894779527640e+00
3.649431918869600722e+00
3.564040472250562530e+00
3.522792644713752086e+00
3.499420675977685136e+00
3.513870342732180241e+00
3.642248813132143326e+00
3.665626072000064628e+00
3.802694863752786425e+00
4.028561727170883344e+00
4.149599988756891733e+00
4.352011420692577737e+00
4.446016386648004470e+00
4.559436936222500236e+00
4.659856928135193144e+00
4.514844000351105890e+00
4.415302446287203253e+00
4.222017912973912601e+00
3.755128462545996637e+00
3.390310885688907483e+00
2.801750201644269467e+00
2.388734073877521347e+00
2.035875044847032633e+00
1.782114691841274912e+00
1.706968669364079094e+00
1.798814026191361215e+00
1.755275830555633743e+00
1.933835168667708437e+00
1.996845800499363666e+00
2.222540581870640963e+00
2.497561199388120823e+00
2.583523236517974553e+00
2.580751459464464936e+00
2.430044324307177206e+00
2.038354614717965418e+00
1.972420914579215312e+00
1.938704046643772161e+00
1.962277750408347732e+00
2.723854094828057182e+00
3.547586797352990207e+00
4.073018426327972286e+00
3.737430353170299924e+00
2.720534400104467565e+00
1.028429980313353864e+00
1.947226037103958696e+00
3.156878136158053572e+00
3.711181760812034547e+00
3.213429401144888953e+00
2.698278976551136132e+00
1.666646502596337953e+00
1.749624526682196812e+00
2.147046695654658777e+00
2.588283739116338911e+00
2.406860143500119342e+00
2.556299630194459382e+00
1.930816856572455276e+00
9.935476641532959841e-01
1.756976709809130899e+00
2.821672388879741700e+00
2.244275759563156392e+00
8.755090114854464645e-01
1.134200149756577902e+00
1.733463540517348855e+00
1.264263405442572097e+00
1.648253321838669683e+00
1.078194290793460741e+00
3.016190525482550511e-01
1.903585843796081756e+00
2.504043234592113087e+00
1.387519208299952123e+00
1.904156965716481853e+00
2.686810465093558253e+00
1.936937769397089948e+00
1.346794455193247808e+00
2.308090970678831066e+00
1.994179998511041774e+00
7.234670659528207315e-01
9.150769387190350601e-01
2.500345794984486503e+00
2.405889368971786624e+00
6.560972499426545035e-01
2.264499919793598437e+00
3.289009933977150801e+00
1.719064425683144437e+00
2.249856586761398880e+00
3.217260467732976803e+00
1.734880297886257861e+00
7.274095071993078587e-01
3.000109305258785941e+00
2.613383480695717687e+00
4.187156614623841477e-01
2.448286789354145121e+00
3.202907452113373132e+00
9.154150311415940600e-01
2.110285135857490335e+00
3.021489759989317125e+00
1.643872905254425643e+00
1.971896932304309624e+00
3.926796675410611837e+00
1.705547999562629036e+00
2.729381841298498035e+00
3.365760565553833406e+00
1.148197680562951462e+00
2.901568533637143066e+00
3.458096027704888442e+00
1.303090544359241321e+00
3.586659902983024839e+00
1.956013757353404880e+00
1.546166794079496976e+00
2.472344547324148323e+00
1.104532944400064665e+00
1.666368221450739373e+00
3.021813761727803804e+00
3.594747378507462954e-01
3.534426662728701984e+00
1.666142256422317169e+00
3.030329882065550873e+00
2.708358426868328284e+00
1.884202276161954126e+00
2.923136371942622880e+00
8.006820135906089764e-01
2.488903226395410506e+00
5.761012599136324797e-01
1.798713326852686478e+00
7.734149872100335443e-01
1.125801177954991461e+00
6.166093469100182300e-01
5.410020663146780651e-01
3.797611269980204485e-01
2.057487702904255422e-01
3.501450392430298653e-01
3.903432188413104020e-01
4.957512666007634072e-01
5.092229047931025043e-01
5.339182166039849742e-01
6.609299094814506947e-01
7.119940403993503253e-01
7.520013421597234737e-01
7.741440542512332268e-01
6.728416472926208591e-01
5.050997812691027100e-01
3.230335101050085256e-01
7.708927651417610272e-02
1.775912148891392872e-01
6.428761279283503605e-01
7.967500011664259141e-01
9.893896683332834563e-01
1.325383178206904766e+00
1.137100668147551286e+00
1.372728408821445534e+00
1.237592350094106841e+00
1.013389307477992052e+00
1.123963371012780543e+00
7.250975924985936238e-01
6.905847505399999031e-01
6.140501114065847199e-01
3.091593424447806049e-01
5.106154883884519435e-01
5.191869113927424229e-01
4.705084399378534066e-01
7.296401895550538308e-01
5.468731073407933074e-01
6.673245317420977152e-01
6.000117317605698775e-01
4.515972882022025736e-01
6.434483962535582080e-01
3.473597392717354682e-01
6.179359692227041068e-01
4.738635400237051765e-01
4.284400385583065352e-01
4.453899767810141630e-01
2.823236845416452478e-01
2.599468332327733444e-01
1.397958240597940438e-01
1.125882171591164466e-01
5.052540742012331942e-02
1.254177789408394694e-01
1.061485481045990470e-01
1.180987006388652949e-01
1.916376935064164622e-01
7.159093383998729743e-02
1.227170942333802861e-01
1.484081514865045193e-01
6.207872199426498622e-02
1.034494263805898623e-01
1.409458716614378493e-01
8.564772071816784127e-02
1.171665939092841474e-01
1.439565663451674582e-01
9.625033557767916081e-02
7.421971949203609586e-02
1.035351749323600024e-01
5.118948490096103532e-02
5.418075619648592828e-02
9.700766968585573802e-02
4.295040139966380816e-02
4.070591761398006936e-02
4.553960298748530727e-02
3.292383421379114355e-02
4.333618277223398596e-02
7.093211878454803998e-02
2.892236418788256963e-02
7.017744385830733400e-02
3.811544238195668094e-02
4.641214805798808685e-02
6.215834637439042465e-02
7.934295288285346526e-02
2.318331874026829595e-02
6.349871647488181114e-02
7.718207432432656889e-02
9.981790859162512769e-03
7.957094013206747474e-02
5.140027147284730036e-02
6.732334716122709284e-02
9.969162384157287393e-02
4.986304829424406670e-02
5.914232890747889160e-02
1.104708374581330754e-01
4.522260999214566118e-02
8.415560863320137308e-02
1.070267639647412838e-01
2.357274419875703825e-02
1.198552492809161624e-01
7.454946092044699435e-02
7.734102398790124178e-02
1.210375139646893278e-01
2.407449023597879600e-02
6.796628398982387798e-02
6.523528025529580499e-02
4.971278229039849395e-02
1.039868330417994535e-01
2.048377759322428035e-02
9.335708407862211566e-02
7.935161179354995042e-02
5.722389817809651197e-02
1.091191667736945703e-01
4.815054733554464256e-02
1.140452024592060604e-01
8.146456879853034017e-02
8.153497163089060140e-02
