2.873033506762956088e-02
3.570648638122152912e-02
6.862752560094549648e-02
1.088933040616989201e-01
7.320606305424355587e-02
7.340170329619338796e-02
7.451360672488728520e-02
6.969852303545248651e-02
5.186084543299728650e-02
1.651127916700984369e-02
3.918734514279983983e-02
3.810034402272631515e-02
5.597153129214004624e-02
9.373769844628654369e-02
1.518727198236854425e-01
8.278445097107718642e-02
8.628924604833557166e-02
9.459982894462909409e-02
1.205340736250402056e-01
8.338327330922608305e-02
1.514970806283506832e-01
1.731379149705943588e-01
1.930021919843103173e-01
1.193823995652553566e-01
1.624574136960659221e-01
1.350726884002033112e-01
1.235972965062573509e-01
1.241662898700176820e-01
1.487105725853913318e-01
1.241356384184188894e-01
6.494498428769053533e-02
4.330517319472176191e-02
5.395664521317533602e-02
5.188048945023072955e-02
2.608361501195448004e-02
6.216964504981840889e-02
8.203566927557917610e-02
1.100477687283618194e-01
8.645648650881389286e-02
1.659830656515866587e-01
1.066403017971811473e-01
1.341477640031461804e-01
4.854311550320555141e-02
1.332148485760185630e-01
6.432163479010898077e-02
1.140255672942840637e-01
9.207358821607919408e-02
1.184907619526258810e-01
4.101262456801123280e-02
5.138429400560425020e-02
1.736892725090405723e-02
7.035917177070692696e-02
5.395026662912806581e-02
7.594010426156307114e-02
1.004093865268445157e-01
1.446666575233037655e-01
1.267464791308599570e-01
1.403585725070738144e-01
1.290246489516391482e-01
1.103355750337271374e-01
1.444635720363698222e-02
5.447170540323020144e-02
8.007912609185700858e-02
3.311711600567502495e-02
5.957789997656648406e-02
5.933566281178123680e-02
8.173796436543202815e-02
4.451260441239076465e-02
2.142989376799105117e-02
3.502976879592097775e-02
1.639496406907168732e-02
4.189320065445827079e-02
4.753741960454038046e-02
7.744577903682579867e-02
5.166839630965287811e-02
4.066375499499141205e-02
5.660198096160089926e-02
2.182653155758914124e-02
6.520414399122015370e-02
7.844137332532044593e-02
9.075444962484180422e-02
1.630478533376455430e-01
1.844548699269463465e-01
1.461282634088273136e-01
1.064423200748695481e-01
1.744399686153953744e-01
1.968784000649271559e-01
2.924331218205742378e-01
2.828490759807990029e-01
3.452556272174803209e-01
4.982005415746694199e-01
5.328493183799767330e-01
6.441499282499670853e-01
7.265337639912500256e-01
8.673061338563451406e-01
9.647862188375043724e-01
1.038618013019176667e+00
1.133366183040830588e+00
1.231659515513998659e+00
1.256380290789202769e+00
1.306387675179360608e+00
1.356393128150347183e+00
1.488311529560570001e+00
1.504831719483377794e+00
1.605520879832204040e+00
1.743126414925251666e+00
1.809137023011921919e+00
1.897749128486144299e+00
1.909269057402314562e+00
1.920037368059942073e+00
1.737491666810217383e+00
1.435607646796890791e+00
1.155725643409964754e+00
7.336372714210335211e-01
3.204762500375041290e-01
2.419359962281392717e-01
6.422212249203516077e-01
1.036544558941401739e+00
1.254062098822394056e+00
1.436414741942417361e+00
1.536317852665345374e+00
1.228793436620896129e+00
1.194106424920815090e+00
4.843430280397846288e-01
7.649717375796017960e-01
5.394126431209139705e-01
9.966347036638952828e-01
8.737502874517317775e-01
1.367293149227741145e+00
8.998326139596667383e-01
1.736507713135420738e+00
8.782847951536452147e-01
2.128518528356120321e+00
4.526118532187243249e-01
2.390679106107770568e+00
5.022609145962710908e-01
1.766053940045827941e+00
1.236244089793554268e+00
9.424437541359415027e-01
1.521079451595286569e+00
9.297757888566535733e-01
9.214160561107953562e-01
1.146118633396482789e+00
7.495979597701447616e-01
7.075916552133972859e-01
1.361320609889162370e+00
4.765118171336263364e-02
9.085150221844964236e-01
6.375063228794134451e-01
9.801361855459221895e-01
8.397799469846607412e-01
1.130323133603794883e+00
8.709175611673742878e-01
6.367093986377146964e-01
1.045338795983596913e+00
2.799465615858701129e-01
1.310905709631425164e+00
2.763580269738931117e-01
1.106708091355599777e+00
5.520147840489854074e-01
1.169703169639398688e+00
8.603435892695742160e-01
1.265949963656745503e+00
1.343063776498554240e+00
7.386832256142147335e-01
7.380096150623276507e-01
4.373956406020098053e-01
3.360905413477229264e-01
1.649074465829864833e+00
8.447201592160996642e-01
1.301105104161758064e+00
1.940805444904564747e-01
7.810440386889752062e-01
9.984258595528342495e-01
6.664916182376013909e-01
1.013951368688038146e+00
6.425316346454487126e-01
7.691039350234689653e-01
4.000590101630031592e-01
5.853894506866467173e-01
2.707828215353916823e-01
8.012200551229738954e-01
2.932791220534261001e-01
8.544433961757455509e-02
5.266140301322964623e-01
5.060483714865038340e-01
3.561588740394075470e-01
3.833177286463204658e-01
2.415155615898368635e-01
3.149728882993160783e-01
8.248843010366416761e-01
3.921526297825652652e-01
8.219875324338801192e-01
4.526725024567362921e-01
3.132015039061725736e-01
8.538410075015369083e-01
5.091294156727017572e-01
1.040532274547877778e+00
7.871414763637437639e-01
8.280615223278249282e-01
1.010546950452394732e+00
1.322066452370345147e-01
1.350979928896446358e+00
5.058536639143805802e-01
1.386477948905718405e+00
1.008205513771284867e+00
1.275856887150769392e+00
1.279380067203256699e+00
9.352825719117556780e-01
1.375133521847581308e+00
5.508666053159786413e-01
1.604629813081401624e+00
5.501909187679054902e-01
1.697639644504598033e+00
7.570764931187085045e-01
1.627877380543726549e+00
8.202169665053059555e-01
1.529535226396792513e+00
7.924038022109092250e-01
1.426149116316731247e+00
8.963643141230654976e-01
1.397874770961274438e+00
1.075783294494874420e+00
1.493905835116181358e+00
1.142571673322887893e+00
1.589407599319426989e+00
1.294105218440386729e+00
1.532783296209534907e+00
1.335572071131341465e+00
1.590679466637575201e+00
1.330401331369451157e+00
1.610990792763409063e+00
1.488247760301129929e+00
1.661961757421302144e+00
1.506192972995451740e+00
1.783406143458297732e+00
1.602378754995848809e+00
1.825637270802367373e+00
1.740064065760133616e+00
1.888682743737331249e+00
1.739722697089702619e+00
1.924810842714848924e+00
1.769853764508603877e+00
1.863243612282503125e+00
1.915033698614221347e+00
1.789426198540167601e+00
2.032016188203926710e+00
1.616566829720757825e+00
2.041930083813041641e+00
1.638068348969005106e+00
2.075893660463608459e+00
1.649120647688363972e+00
1.918770882307994752e+00
1.946403049556966192e+00
2.057465176388782790e+00
3.240051988630215760e+02
4.656972048256178206e-14
3.256511487605534967e+02
1.180810048092122200e+00
1.615525377836596110e+00
1.850896567575065488e+00
1.556657536014213417e+00
2.040241979316573584e+00
1.856470993522029156e+00
1.298011999604139266e+00
1.982752559683942817e+00
1.586708419361667399e+00
1.759343112736345915e+00
1.772521268757486057e+00
1.279194463744730781e+00
1.959189135394537873e+00
1.696298183692242167e+00
1.687117892165803434e+00
1.996640773114314538e+00
1.593403770351075277e+00
1.925720317768531142e+00
1.831577016723688223e+00
1.649842072743067378e+00
1.970218999648818414e+00
1.591573095650186342e+00
1.500069606648400278e+00
1.740258043223219087e+00
1.335447723837555500e+00
1.232304035684551602e+00
1.181619830919790726e+00
9.602347448938849395e-01
1.105909884957306133e+00
1.080172061455781707e+00
8.935228597247732996e-01
1.265196317791208669e+00
1.412258753628991226e+00
1.190581109443806573e+00
1.317174637709927376e+00
1.429469702560633770e+00
9.753274753553617948e-01
9.744636599634967089e-01
8.335560884618297139e-01
4.683889990527698166e-01
6.823327276167321376e-01
7.698185723971380234e-01
8.123482436472073687e-01
8.090143958477172825e-01
1.092447827336529897e+00
1.212888646598299980e+00
4.606608115086783251e-01
9.695744563167890684e-01
6.731218916556724885e-01
4.216804272079101579e-01
3.987879966074706073e-01
1.047818412798743326e+00
1.273208663917204664e+00
4.161640959943527784e-01
1.472254148250769168e+00
1.120289860966506401e+00
5.051594464483527558e-01
8.453288392486679736e-01
1.718136539992364487e+00
1.472140573707023892e+00
8.871375286802714033e-01
2.013402580150756904e+00
1.877963662820904212e+00
1.088961396060146525e+00
1.174219830154119792e+00
2.533026120745110354e+00
2.321447721392982722e+00
1.127911823347176323e+00
1.891041697625973406e+00
2.619507415227856129e+00
2.077454965550690424e+00
1.323810348584884222e+00
2.192835595104491553e+00
2.561288258403080942e+00
2.159613100430333166e+00
1.148900272403217571e+00
2.244866719305441460e+00
2.449605579715971704e+00
2.016940363472758513e+00
1.212098622893941213e+00
2.030158600787477674e+00
2.446201464029364558e+00
2.277721550735175793e+00
1.906265124222020768e+00
1.435451184836827654e+00
2.940565271565621863e+00
2.230226538439594286e+00
2.569336451290316958e+00
2.073470834737176638e+00
2.364723972138944141e+00
2.805217061909831333e+00
2.526891350249658164e+00
2.413089951477105366e+00
2.630534674107963600e+00
2.239092050571250159e+00
2.531158259791500331e+00
1.848704944141876583e+00
2.659720801040621918e+00
2.178967626695390347e+00
2.629705117412689752e+00
1.529948355967065243e+00
1.825025526450408053e+00
2.184033292261327475e+00
2.757239618971051964e+00
2.964106817209978484e+00
2.230905277147893440e+00
1.500003904202245497e+00
1.275150118298949087e+00
2.759495389812782307e+00
2.777589062436343070e+00
2.860474631849036609e+00
1.682747288769991023e+00
2.415855310908288922e-01
1.149922208238060906e+00
1.773531764658142329e+00
9.938905627719513136e-01
1.537235878005844381e+00
1.605073195069740555e+00
1.961910594813902176e+00
3.745976314307175148e+00
2.986252768558911086e+00
4.248892118540718243e+00
3.059557282020835434e+00
3.529974967455077994e+00
2.587049990619096906e+00
3.028794803424031290e+00
2.498574856085186369e+00
2.519341294555982547e+00
1.797468021400981719e+00
1.586965403185060408e+00
1.543298998185521631e+00
2.853872503148389139e+00
3.605004266140806379e+00
4.399940801042704130e+00
4.565687342406765659e+00
4.419579346218519333e+00
3.772623834271374932e+00
2.763419410562903078e+00
1.697072923221534912e+00
6.282834881701919727e-01
1.095321172964832890e+00
2.363696184908433029e+00
3.530482984070165031e+00
4.526342928677857813e+00
5.227389987318495912e+00
5.626893736699595472e+00
5.711667957115477812e+00
5.536713394659501297e+00
5.247556031789353703e+00
4.872120943826184991e+00
4.511106623940785099e+00
4.188268511803875604e+00
3.923702544361879596e+00
3.762893089423107185e+00
3.547998876508068999e+00
3.353032379717194367e+00
3.128913105041351450e+00
2.868271363872115121e+00
2.571184412929600871e+00
2.271162811206891785e+00
1.989177915035615252e+00
1.748320245910893744e+00
1.480475621472327807e+00
1.270219191213277199e+00
1.082314222350948318e+00
9.456318572015091073e-01
7.297363867473429799e-01
5.251670896083607820e-01
4.279749363516041627e-01
3.041607925256553102e-01
2.505611964039123341e-01
2.390048735135324731e-01
2.554132798494350154e-01
2.532708358696849071e-01
2.013832510120583674e-01
1.400023952647642955e-01
1.468562863455566692e-01
1.338427149145237638e-01
5.864317142912147535e-02
1.117942495205365497e-02
2.996900951203878768e-02
6.012286218169811403e-02
1.159064011186758808e-01
7.841835571864902432e-02
5.274911760505105601e-02
4.032325908175649065e-02
2.468021711089015205e-02
2.722306969225211579e-02
6.127195618471913824e-02
1.373674984589608183e-01
1.739994652734684344e-01
1.107773770295159554e-01
3.423825995045790688e-02
1.126532693602069757e-01
1.218824165488982814e-01
1.753181038012159576e-01
2.414643626444127056e-01
2.281706512033615242e-01
1.995757328647048967e-01
1.823259508003861606e-01
1.976813417455703659e-01
1.430502624654361732e-01
1.287046037954699684e-01
7.533472129394595818e-02
4.875280730648805239e-02
6.090943932867378535e-02
8.715974903432317789e-02
1.149653473667675979e-01
1.556248336893864825e-01
1.209829318296976319e-01
1.231191790894301946e-01
1.302598751841619051e-01
1.932757198293487411e-01
1.509086875749953982e-01
2.194910466337250121e-01
1.265796527674457883e-01
1.159239446002577612e-01
6.724512284126424322e-02
1.036767899674227722e-01
5.797627746958494699e-02
2.938524789199897097e-02
4.658604915539448638e-02
8.437648261397459604e-02
1.146550367191530168e-01
1.284163522673415492e-01
1.000120851192261712e-01
1.338061651052492862e-01
1.535086167374483113e-01
1.181490917786914147e-01
2.018369710717954346e-01
2.414439137471184604e-01
2.454309292299259038e-01
1.566575250889179760e-01
1.819281777896520902e-01
1.640714043746365203e-01
1.235085976274128000e-01
1.146061976433607188e-01
1.866957270830962301e-01
1.161713927616827013e-01
1.140889815317949613e-01
9.945339831752873783e-02
9.050250223627666346e-02
4.599515926147610539e-02
9.520591333773166520e-02
8.972101883679119150e-02
8.863449420206910567e-02
1.352487566327966600e-02
6.239343492930590762e-02
5.687212753198008647e-02
2.445889338617753678e-02
3.950828262528485735e-02
4.777578452747251181e-02
1.555586094626426087e-02
4.622851929566706292e-02
