2.347539413020995752e-02
9.319113067190520905e-03
3.412622801355451319e-02
4.108609699067838905e-02
1.849292033800855467e-02
2.892058122942290158e-02
2.645542127547417105e-02
2.891880194024545186e-02
2.757312054182510172e-02
6.040527783074040036e-03
2.650385241394591015e-02
2.820146521101303191e-02
2.864771688677476141e-02
4.359846247602466168e-02
2.760954331955381771e-02
1.622308755475711239e-02
4.024338937874042538e-02
2.511830749539060298e-02
5.770753428924705643e-03
2.911075684072791936e-02
3.500011020704685977e-02
1.163774747495046648e-02
1.951658418019335678e-02
1.982438910382246580e-02
2.745970226599080480e-02
2.427396533733260434e-02
2.012637796372983637e-02
2.882921787621037235e-02
1.098115917420464625e-02
2.069734804784720966e-02
2.667404986906220243e-02
1.425403439552935282e-02
1.715868652884482148e-02
2.463923253808766173e-02
1.285373741035498660e-02
4.254719464768150737e-03
1.788802552366863460e-02
3.856138699855905794e-02
2.741178186440858255e-02
3.399114050998319758e-02
3.454341202379558606e-02
1.144495110724604546e-02
3.908318041059320735e-02
3.945251480704550784e-02
4.446732471910316842e-02
3.283664244285227490e-02
1.750602484148428700e-02
1.222409559547202665e-02
1.858867787082452150e-02
2.689728329231086401e-02
1.276526278332910415e-02
8.368163174756434661e-03
7.720279293062015658e-03
8.358039779483905640e-03
1.007679123053691408e-03
1.756532252926474094e-02
2.410063517356171928e-02
1.944829187815345223e-02
6.368396985746086446e-03
3.035529837494706576e-02
2.462059401773032327e-02
4.123531053730982582e-02
2.803923974949453293e-02
1.303562105143516933e-02
2.872652639983899053e-02
3.780849827744069830e-02
3.150559821963467427e-02
1.674480736339011011e-02
3.778796956401610230e-02
3.302186365266501084e-02
1.854795413294541007e-02
1.477303229004706293e-02
2.080426352006939719e-02
9.705927840926888497e-03
3.457745413042363075e-02
4.331722496495118285e-02
4.070324582956941911e-02
2.333060098746927644e-02
1.997393083294037378e-02
3.014690148495362612e-02
7.314990595502696147e-03
2.476237181501599049e-02
2.895020093859260527e-02
1.111404737850398353e-02
2.752461895045479889e-02
2.884311491836670169e-02
2.033543901288738937e-02
5.290373606428983022e-02
5.498103849085575479e-02
2.423900068158297422e-02
3.006065285370647031e-02
4.430660167446046072e-02
3.294062626328281285e-02
1.062497829743715150e-02
2.265541283662445005e-02
3.017663399734175911e-02
3.118786641407353746e-02
2.870117850431288739e-02
3.332731900349771709e-02
1.910184731038851516e-02
2.186271214582132666e-02
3.879681463312403822e-02
3.494523748922304107e-02
2.366056579015842279e-02
3.409758836718039532e-02
2.569532197518942934e-02
1.021809289032990509e-02
3.957714689349856041e-02
4.653245793427859822e-02
4.360958850084224042e-02
3.461717407844041444e-02
3.725622048845824569e-02
1.585004368313357864e-02
2.872326994900958538e-02
3.415801467954843185e-02
2.304496994566104448e-02
2.346151889780506011e-02
2.876096604580847746e-02
3.272231398955736253e-02
2.738405002241503169e-02
4.422245098843169409e-02
3.758766951674734347e-02
2.700400311108021659e-02
1.177420532156114863e-02
1.415870873154858461e-02
7.544841283025738310e-03
2.992020104628010518e-02
4.627907401918494174e-02
3.284361735687914979e-02
2.387470120393351408e-02
3.396518971815398052e-02
3.589800508738235502e-02
2.084065864714360408e-02
2.765075068445421030e-02
2.217271001976892086e-02
2.136256213854608940e-02
1.378922681720884565e-02
2.039948684011927069e-02
1.451346247748717781e-02
1.457417622693956381e-02
2.183849708007349483e-02
2.044297353663967337e-02
1.429713586953388835e-02
2.443626552719391221e-02
4.103645505918008390e-02
3.006092279733284245e-02
1.439442503917066386e-02
2.535512485165448970e-02
2.176905556699382585e-02
3.453118702122505435e-02
3.879345120283286125e-02
2.519014871133509748e-02
7.790003674260618030e-03
3.451571317658210653e-02
3.896789186579274755e-02
2.493278120399968281e-02
5.065621938222685666e-02
6.510869308604179395e-02
3.860940101940497221e-02
1.585261128627536709e-02
1.875494713778824707e-02
2.705065957709752722e-02
4.734258468506120920e-02
6.676656324291836697e-02
8.119319978451905451e-02
8.046676105595000628e-02
7.835922278941157004e-02
5.480245607661487356e-02
2.233942039846833344e-02
8.221941534425365045e-03
2.064259435589983760e-02
2.414664694907670689e-02
3.061693194294001774e-02
4.042913780907141097e-02
4.238929820932017811e-02
4.991964068020068868e-02
4.578465041470997088e-02
3.259268023440081707e-02
2.620080091390725868e-02
2.628173294211547106e-02
1.715013557854700235e-02
9.030753091239501068e-03
4.017911771652982189e-02
6.346846824694853118e-02
5.498459805523819161e-02
4.798011739210301940e-02
4.519332234055799952e-02
3.444039134977294053e-02
4.460558595998860565e-02
7.637973357975154365e-02
9.257583196766838718e-02
9.037266022664178222e-02
7.244665255252311087e-02
4.906454869679847952e-02
3.416182794561003350e-02
9.247752996886560162e-02
1.275805880575393847e-01
1.328475863815637148e-01
1.579841546011770681e-01
1.589825662052967159e-01
1.104421525357615480e-01
9.433051436793203626e-02
5.542634714104299060e-02
4.206654757711584397e-02
3.772825827572216101e-02
2.973721290500768930e-02
1.590666413600997156e-02
2.006229538290403569e-02
3.849010960633365147e-02
3.850538354729790558e-02
5.786505307935517484e-02
8.570003839040130078e-02
8.873882277162280230e-02
7.755923118347754497e-02
7.577903009486881836e-02
9.155595366871098484e-02
1.102264203067769011e-01
8.303475658629638767e-02
4.226019200822248023e-02
6.931603822770070547e-03
3.220221730531068471e-02
2.304990256629312062e-02
1.919429773752268087e-02
2.726848011656502271e-02
6.252284130819439623e-02
5.116491207589228540e-02
7.860287775867851046e-02
8.112660870222462850e-02
5.586019720444242165e-02
7.328190530214424847e-02
1.663028629641368772e-01
2.068611649733841373e-01
1.817751382706019048e-01
1.766237520836956565e-01
1.704224152480031673e-01
9.828901484118118814e-02
1.606444310630673888e-01
1.759538550502513510e-01
9.425957845276855540e-02
6.541953775249675918e-02
2.957127873464518442e-02
1.619881609699114766e-01
9.539471756115244783e-02
1.150100952885997480e-01
1.892591845752936847e-02
7.751469632720572878e-02
2.200620136003630378e-01
2.753512870603668228e-01
1.911240909896227691e-01
4.078883497517130086e-01
3.291128980166844187e-01
3.911708187038825391e-01
2.061990413870227634e+00
2.364071943155949818e+00
1.022587960632033166e+00
3.254515498799761986e+02
3.644479357535862530e-14
3.246461609049140407e+02
3.329898964678563167e-01
5.509643776606544252e-01
1.714964158320427257e-01
3.819124027370565666e-01
2.091472463282037786e-01
4.794964063017468359e-01
6.555295171743802385e-01
8.350628324968540905e-01
5.528638924299572599e-01
4.387554656918040696e-01
5.605744610797049887e-01
7.377231155636817528e-01
3.657039946957925114e-01
1.323181658928386906e+00
1.026166743603323939e+00
2.633325939368322821e-01
8.129683627189436823e-01
1.316591113852106698e+00
1.685775520114267900e+00
1.804634153653585482e+00
1.712999019076915319e+00
1.692159252430633032e+00
1.666511570183555335e+00
1.415539995840338516e+00
1.158716420963307847e+00
1.267082996775485748e+00
1.258334157856660473e+00
9.346707150132572695e-01
4.870154826852180485e-01
1.180528578814775409e-01
6.185593896281849080e-01
1.257333284569240206e+00
1.481049288087427085e+00
9.674652593380317356e-01
2.274543753125086651e-02
6.949084094138964218e-01
8.357968628792993293e-01
9.029967640399072515e-01
1.156580992709147049e+00
1.399925612311234691e+00
1.499597316213719278e+00
1.322624787270772373e+00
9.822290872875968359e-01
6.760294161116862099e-01
5.675804109738303849e-01
8.142551722335781283e-01
1.022138121183175263e+00
9.655462959135597822e-01
7.771393450564403338e-01
6.629168576781753197e-01
7.159399504261376723e-01
8.081912896191056905e-01
8.150444353412128473e-01
9.093179380986992077e-01
1.338714863599096416e+00
1.806544745397220542e+00
2.001698701712218753e+00
1.869245427563698714e+00
1.504267103457870736e+00
1.014572769551636888e+00
4.872029803233826617e-01
9.606419661160434109e-02
3.629167285757001760e-01
5.075116190059700827e-01
5.009454127666973511e-01
4.054432805782884897e-01
3.091780056939312238e-01
2.422880356982662076e-01
2.201547093084523510e-01
2.284659986096562179e-01
2.405568170925052041e-01
2.521713582973889589e-01
2.745025234965171035e-01
2.930129062460984368e-01
2.606856952667656602e-01
1.697499225764523278e-01
4.786157670994280189e-02
9.414236397817603297e-02
2.320919325352922558e-01
3.426122674577178895e-01
3.880472090404408769e-01
3.499313985016404005e-01
2.763968590728136943e-01
2.088698047919547440e-01
1.454421418483864969e-01
1.722229766380368177e-01
2.349176187325137388e-01
3.097908595745463844e-01
3.489664797057896450e-01
3.366522844954957239e-01
3.139727013191984106e-01
2.792528544035425275e-01
2.556114905452343544e-01
2.393235398817753212e-01
2.002763185681766533e-01
1.763297065222063364e-01
1.707385137296038857e-01
1.365841965610659625e-01
8.790418802999984405e-02
5.242640451256380674e-02
2.371188271455252489e-02
9.036782528499752790e-03
2.374251889160656701e-02
4.904806584843201395e-02
6.217328042028776036e-02
4.669366317396905774e-02
1.437802420886423113e-02
1.500469969997707612e-02
1.431088331846060331e-02
4.087743250079368257e-02
4.408859028705719441e-02
2.149169013956167551e-02
6.470513936119226192e-03
2.393586720560809955e-02
2.758863945377492202e-02
1.249545632020563311e-02
2.440146521279619451e-02
3.324609522665375461e-02
3.312404231230671459e-02
3.405909170787244089e-03
2.851401794558049846e-02
2.584649552732401490e-02
2.567979194137951296e-02
1.626920765631463539e-02
3.109797640252248696e-02
3.184433550993837070e-02
3.000458058874185333e-02
3.827620467001214416e-02
9.637434647991159273e-03
3.181805355591260653e-02
3.472446243470363181e-02
3.999514086268628199e-02
1.677660770334446494e-02
2.653566204525946090e-02
4.386915384974654497e-02
3.571249287954610802e-02
2.886265816367783107e-02
3.455429404020558121e-02
2.170084489888766260e-02
2.720926767589942896e-02
4.294836672284536166e-02
3.307768750682005959e-02
1.917872754707556845e-02
2.393705330061701372e-02
3.359027985528557220e-02
1.378542797473796162e-02
1.665177818638898313e-02
2.428275006353931148e-02
2.695607625893310655e-02
2.321857197802089379e-02
4.782074855376663991e-02
3.830096468946897481e-02
1.054669535893248099e-02
1.372232306186897850e-02
4.041490872723834532e-02
4.999860479021395882e-02
3.413986005085144909e-02
2.754726280176926501e-02
5.941692056239860145e-03
2.185770225476816805e-02
2.711421132359541006e-02
3.590299110228293428e-02
4.105444784898393956e-02
2.477088214095504032e-02
8.186050031176513031e-03
3.555789113051582156e-02
4.444540137986727202e-02
4.148145194487451448e-02
4.016924076391836795e-02
5.248629114574619725e-02
4.741242603859536359e-02
1.852172067215412509e-03
3.925731381660348129e-02
3.394786966010614193e-02
1.443239167814795894e-02
9.281087089494415715e-03
2.946195659437765221e-02
1.673087178390894256e-02
2.652163174629428369e-02
4.459526194480635530e-02
3.295185446270602891e-02
2.507088825659413781e-02
3.084315100026395126e-02
2.503665916959437951e-02
2.391300712020519650e-02
3.440147485349644152e-02
2.836279323812774741e-02
1.740502516894487650e-02
2.752804795546279215e-02
2.150965461821425714e-02
1.761682763940525254e-02
1.909894761583829856e-02
2.260214843564071693e-02
3.041872937998948978e-02
1.671291561409997753e-02
2.286933220389382113e-02
2.608289885489363177e-02
1.103445196793890332e-02
1.364803117181189254e-02
1.441772123830797718e-02
2.573208535818123296e-02
2.619881613843664733e-02
2.719937410504398578e-02
1.968801085353264618e-02
2.063909375946590755e-02
3.046781083522786052e-02
4.112780592908708843e-02
3.517042925202786691e-02
2.760553630247213411e-02
4.410534438412808816e-02
3.842558532866815341e-02
1.522848065387728475e-02
1.876716062040076696e-02
2.547560469695383731e-02
4.250642424868202041e-02
5.020548362570868145e-02
3.390620194135790522e-02
1.968643469542476210e-02
3.170267999257387476e-02
3.446541831501618441e-02
3.388726104072756207e-02
3.026520999887089697e-02
2.006284701699503209e-02
1.248613271866968674e-02
4.020062888368093612e-02
3.489416091762572586e-02
1.994341966238287120e-02
3.072437171197271374e-02
2.871469570546772779e-02
1.587264712281964696e-02
1.358889229831411125e-02
4.473861953640625305e-02
4.410532366049457059e-02
2.494184197788881785e-02
2.547557156415366023e-02
2.191281707613177213e-02
1.035300261394915197e-02
3.018546723345476301e-02
2.434036428624569010e-02
5.347367194821386893e-03
3.349805482491582248e-02
3.998538646527209639e-02
3.028735977246609090e-02
1.771938405914628978e-02
3.080550577326240935e-02
4.156540669662631832e-02
3.653085430848576620e-02
3.624880224421417330e-02
3.125874598705009194e-02
4.486397901652246396e-03
2.678845871807522191e-02
3.046561453753329762e-02
2.367357394168120507e-02
2.324549500803768654e-02
