6.921493811593242007e-02
5.944182549850755837e-02
4.151738507717044058e-02
5.566189223956764104e-02
5.734348348880814045e-02
8.669420155397238037e-02
5.945957579432555734e-02
4.452272727062547147e-02
6.213684775427453372e-02
1.147075092816709635e-01
1.078432475463963619e-01
7.226502689271278868e-02
4.933567318300582233e-02
4.552172953736030592e-02
3.613875186016315966e-02
5.217150466875948578e-02
9.402287182597027226e-02
3.872858378750501651e-02
2.770518473121679967e-02
3.713122238605086334e-02
2.169615244148474092e-02
4.965987711446799568e-02
2.985426894925877900e-02
1.050155368047327314e-01
6.647459533173886992e-02
3.622653548644165500e-02
2.122881406570596360e-02
7.179947341022177576e-02
4.310888938024375061e-02
9.416537204021889484e-02
6.779960845493632204e-02
2.929808935037706008e-02
7.253784065584614749e-02
3.804625353633480506e-02
3.300545982969736031e-02
5.372079116785374864e-02
6.688431785328805002e-02
1.351594769318719726e-02
2.981609264347218069e-02
4.168561547292955888e-02
3.099010023328821820e-02
6.562836842488001254e-02
4.612401854776716770e-02
6.767154848601816819e-02
3.030537178850167129e-02
5.676864611023189899e-02
1.883512156410549476e-02
6.175964347100370427e-02
6.356798003009576925e-02
4.937850850541113806e-02
5.206059182378659778e-02
5.768012965989931240e-02
2.131786226496647577e-02
8.500943306577803116e-02
1.072141743097803843e-02
5.843698724465916372e-02
4.776538754483600907e-02
6.233107875078253146e-02
1.579496487918547951e-02
2.639586043870657123e-02
5.290294997298208152e-02
5.241096471075892133e-02
3.830843252096861190e-02
3.406868327305660749e-02
2.079456289592638424e-02
5.692660141934885454e-02
4.169933349545478646e-02
1.938220963984826906e-02
3.154867981377468267e-02
8.925682186584261990e-02
8.782458501568192466e-02
4.989917929950128672e-02
6.879910534822643309e-02
7.068557952571011271e-02
1.593792050417408290e-01
1.695899174149668662e-02
1.292668560436249225e-01
1.628837511680985839e-01
1.841467018676930523e-01
2.734869973563887613e-01
1.799892763208876811e-01
3.867768896932269329e-01
3.660723150796977854e-01
5.112798549570721773e-01
4.555718864971863846e-01
5.129516343725261107e-01
6.659403392447365011e-01
6.753094080435418922e-01
6.595304750578310227e-01
7.500510686725020415e-01
7.909383991395383395e-01
9.676785701510085547e-01
8.748189448900931531e-01
9.547774156224003717e-01
1.046506584938154516e+00
1.043185988760725769e+00
1.183868880748266905e+00
9.804084314648882081e-01
1.374908135475459314e+00
1.089234240517840568e+00
1.447039902810579814e+00
9.968191492391570430e-01
1.497276037292097017e+00
9.477792498483801342e-01
1.619953852018725327e+00
6.566860644790152302e-01
1.602178136002974096e+00
4.119549409910836513e-01
1.778510668266685801e+00
2.767267666635734868e-01
2.297178989251802861e+00
8.084385091984550575e-01
3.081526384374011940e+00
1.449048728704646294e+00
3.307038989849535593e+00
1.845878608557447897e+00
2.950830146483152117e+00
1.702053539211535904e+00
2.683121665957530766e+00
1.144730033443281947e+00
1.753184049565530644e+00
4.347867664285660072e-01
7.653448526717016032e-01
4.191369534812149911e-01
1.123654630277551414e+00
5.543163760803917484e-01
1.141548045466882266e+00
1.693461552740949949e-01
3.696018069081589141e-01
7.513220274050691483e-01
5.750119291561772705e-01
1.411418167942357416e+00
1.105438992364292883e+00
8.936917326206543777e-01
1.123665796089101887e+00
6.510986075517432026e-01
1.267892745824857226e+00
1.568426398592387194e+00
1.514592790168331593e+00
2.039647028765732450e+00
1.692475806690150408e+00
1.690231091970259003e+00
1.839782139844311049e+00
1.255014259904958740e+00
1.603082706388854861e+00
7.280333379215701006e-01
3.265408139714621738e-01
3.288964956103377357e-01
9.710307670671234348e-01
9.483500121379401238e-01
1.746772274082666554e+00
1.503575355616306508e+00
1.310854572839065924e+00
1.185959737667077851e+00
1.427683371312484351e+00
1.776527108604755822e+00
2.013950529959524616e+00
1.653282438423700595e+00
9.223287851539194726e-01
1.126200308403856543e+00
1.615165273089967046e+00
1.796517002143045882e+00
9.919327108536011295e-01
5.250286798522901810e-01
1.009786286245950349e+00
1.615280605508779610e+00
1.204380273338540253e+00
1.024208488663171490e+00
1.265422908363804666e+00
1.860083847210511232e+00
1.770156128045358823e+00
1.805491820030215244e+00
1.779100842461366572e+00
2.418842902307819287e+00
2.413013834803237501e+00
2.182570626211939313e+00
2.010638908266660696e+00
2.678367105927701886e+00
2.882286482957852947e+00
2.299196732914025265e+00
2.048765515518901292e+00
2.453492892112573376e+00
2.510887382592946526e+00
1.830937867252449225e+00
1.834195971103290912e+00
2.039102608973694775e+00
1.624772979880449553e+00
8.814577426452124831e-01
1.073210200769806111e+00
8.824972164233311211e-01
3.258542269267971636e-01
3.055672941615875660e-01
3.236223222938679478e-01
2.710713619544448671e-01
6.040802899481773069e-01
4.834787045940603933e-01
9.633940794628553794e-01
1.085927358325163850e+00
7.843943201090802786e-01
1.103673626040463374e+00
1.367859348273592124e+00
1.138015524503807052e+00
1.276632105303288967e+00
1.601193945634306504e+00
1.441070272403564223e+00
1.704811365520360278e+00
1.950868885822370835e+00
1.484138989662710628e+00
1.752633140291057101e+00
1.611036825763454194e+00
1.414707602045206514e+00
1.695087480814388092e+00
1.426494217247819218e+00
1.529205371714538853e+00
1.532153594370696981e+00
1.214850155373009555e+00
1.635464090158049721e+00
1.285135108625725886e+00
1.394921564113051904e+00
1.412248665932647196e+00
9.956962059268809062e-01
1.214572446371516845e+00
6.600488380983214887e-01
1.010402013625785411e+00
7.640436267770295276e-01
7.256255232978262582e-01
9.017589348958057194e-01
4.910849097073652358e-01
8.910454149229919407e-01
5.166160043922614076e-01
9.158814556459458078e-01
7.075340363130568910e-01
9.055102125193212892e-01
9.096458140184571217e-01
9.424065268346129010e-01
1.157529789854121915e+00
8.752451235907453553e-01
1.192737727159198347e+00
8.461914689810589030e-01
1.032832990535295981e+00
7.599223688028785562e-01
1.013190376519424118e+00
5.451816092989394402e-01
8.077665439071467501e-01
5.323785762938409993e-01
5.910804763347830004e-01
4.427945882493560248e-01
6.083322034535749712e-01
2.905849190678709282e-01
2.486543185351672014e-01
6.603924925204314178e-01
1.878621866642368188e-01
3.081652324409759336e-01
3.479717494334068628e-01
1.388499542447267254e+00
1.610252141697735562e+00
3.508920210802506379e+00
2.766565915457338320e+00
8.463915649537517849e-01
1.230869734950220673e+00
1.234246256433844779e+00
7.783996823778212004e-01
1.074170478397942219e+00
1.046172045278450202e+00
8.521022490416828576e-01
1.070083974019466089e+00
8.370300727809750763e-01
1.009286821354078434e+00
6.789232215496302514e-01
7.849805076606354293e-01
7.310270276042784010e-01
5.157427117372822556e-01
6.753776996128519894e-01
1.669014316129913134e-01
6.083259545126963319e-01
5.536981374639849962e-01
6.053777335575001306e-01
7.744170849475716656e-01
4.224920152813810836e-01
1.035493992063835078e+00
5.742740675920575688e-01
8.394383642175520244e-01
8.133307566271590350e-01
6.566693645107043453e-01
1.090058114517542087e+00
7.494612787924718189e-01
1.047062312706172449e+00
1.208876583007203465e+00
9.266126059848783791e-01
1.287996501679187666e+00
7.382531262710325670e-01
8.822073733534988582e-01
7.921077868490493668e-01
2.738440276525286876e-01
8.861435562316767323e-01
1.060733862786087167e+00
9.840392811064262446e-01
1.211994698678289684e+00
7.944051011758029857e-01
6.531108758488987087e-01
8.403050482369226470e-01
7.461098247498745284e-01
1.138018243303124066e+00
1.367393576910280739e+00
8.413513959269157683e-01
8.278476003632720959e-01
2.977710123201349202e-01
5.020457491246225201e-01
8.987198161851802647e-01
1.008682592968966008e+00
4.723053930793990052e-01
4.827852614688276645e-01
5.218776296906822987e-01
5.740892068308359741e-01
8.323979503229901322e-01
6.898292982659079975e-01
1.442187686106823352e-01
2.144995192083349600e-01
4.013665158069180672e-01
1.401220851404816337e-01
1.845442121960578497e-01
4.313443675935555444e-01
3.488386622422969818e-01
3.663620857504846229e-01
1.362926723567355336e-01
5.741398326879387781e-01
5.569042941661251911e-01
1.048938408854393600e+00
1.807795602463188045e-01
6.004460818587865623e-01
9.011552623124947647e-01
1.139255622100936671e+00
5.365855242145677328e-01
6.451517723906471380e-01
1.439677938605208540e+00
8.527887463253689404e-01
6.799559303326877524e-01
3.899780026671187949e-01
1.587934610855349149e+00
5.305028113654942645e-01
7.545635832770976048e-01
3.924700277662306336e-01
1.383219833429287116e+00
1.888854051060807060e-01
6.100883519651743025e-01
6.055194881249054140e-01
1.212632768101398195e+00
2.540462414271338898e-01
6.556060475058652637e-01
2.777985590155899742e-01
8.601481204251403279e-01
5.386840687096043911e-01
1.096349410989819750e+00
3.542776898153541243e-01
6.340386832731378375e-01
6.057361143243891188e-01
7.687200318009201894e-01
1.290959755707488110e+00
8.260970879607805184e-01
6.838126189398685550e-01
7.047817379282236283e-01
9.948520198160544226e-01
2.972038697077412084e-01
1.607253653580566155e+00
8.741165665614035740e-01
7.201307774933568551e-01
5.287346658074990602e-01
1.051203254667943066e+00
4.791645045221922805e-01
1.905364014399475669e+00
5.998462407643625482e-01
1.373257687520357262e+00
1.503671430755634919e+00
1.969093998522540578e-01
1.684957725688757568e+00
1.031756175368252260e+00
1.257831686827145967e+00
1.439030680818914165e+00
3.290657222276046068e-01
9.222440534936635625e-01
8.569347120816819263e-01
3.403545092223521085e-01
1.261254075007517628e+00
6.148399072403391008e-01
1.018581958067319881e+00
1.130421174675789064e+00
6.764760751405818340e-01
1.304603477376050202e+00
4.120563811729582859e-01
9.565848187843949413e-01
6.351927761189829491e-01
1.592403501542282607e+00
1.061622500024099969e+00
2.804143246920332455e+00
7.409199755853105307e-01
2.901592850760055242e+00
5.029351406746739306e-01
3.216218904067474682e+00
1.194860402219331208e+00
3.889328723171999957e+00
1.827352765272477697e+00
3.889142968232749187e+00
2.105526296223339422e+00
3.167847271606426762e+00
1.788688656890744744e+00
2.645959355433870730e+00
1.992692819150961636e+00
3.037847260148286210e+00
2.676342115470097927e+00
3.291744585493975084e+00
3.089024219359371326e+00
3.455369988935124148e+00
3.192412846612248778e+00
3.306820299123498508e+00
2.927222287437384995e+00
3.034641175215170961e+00
2.727446175365387582e+00
2.675619112761881802e+00
2.485996122443368872e+00
2.400276302008104157e+00
2.367766072098525854e+00
2.102856570094518762e+00
1.961025404156128360e+00
1.744000547067479756e+00
1.648962478765618522e+00
1.522373882797825262e+00
1.284549141259782701e+00
1.205197134388803049e+00
1.128559913869328968e+00
9.708308017680693514e-01
8.754144565341512862e-01
6.530745639793105184e-01
6.604713305590446115e-01
4.707943943075037496e-01
4.016894416448915095e-01
3.100516946343991331e-01
2.303826216728894760e-01
2.342248160867250184e-01
1.586248741427265796e-01
1.154781682439795787e-01
7.740896647533886121e-02
1.021182265123865562e-01
1.237804726012353695e-01
5.800543556572614057e-02
2.739680829564666853e-02
6.415355257281259160e-02
8.937998976887735758e-02
3.186327169165902723e-02
4.774902184765093122e-02
7.170898280023040028e-02
3.150168884931025398e-02
3.580233199851247383e-02
5.073178946433996861e-02
3.435942301029396712e-02
3.680901750432618441e-02
4.820410862747582376e-02
4.667241047149197491e-02
5.444905037834951028e-02
6.078066484020232946e-02
2.288884145018566310e-02
7.649978338170393410e-02
4.214128434642824828e-02
4.407791828701817377e-02
3.831699026252027851e-02
9.846413031976113117e-02
6.526430863084113632e-02
2.261246594072643251e-02
3.582077809743866581e-02
3.577096963770835802e-02
4.896001171518857276e-02
9.348261383156490634e-02
4.100170886636298612e-02
6.310305432643401047e-02
1.317714906736212714e-02
8.169156243087881408e-02
6.649712761779900949e-02
2.723765338564408320e-02
4.264761081673210802e-02
6.077474963889810400e-02
3.176637843057508737e-02
4.708287322506150147e-02
3.191236506203126710e-02
3.153476817895455725e-02
8.236101515526049466e-02
5.588457312219755752e-02
3.437062451704518684e-02
4.861907576605152548e-02
8.505825222547848397e-02
1.052922678894386982e-01
2.453398130536793911e-02
3.801040943524429394e-02
1.454480334065436781e-02
6.159135862985880283e-02
4.141375067063466503e-02
5.902578326655949503e-02
1.678957142667589220e-02
7.306190101505119494e-02
3.653500020582518132e-02
1.159130720860862725e-02
7.341111348900855593e-02
5.847871554665411142e-02
6.210473133331179119e-02
5.582524689509407723e-02
4.352412321473895368e-02
6.249428143273687286e-02
8.056502103323169572e-02
1.132117153511372071e-01
5.714598414592302750e-02
5.704132691970839608e-02
1.576970886498616636e-02
7.585860684027012635e-02
4.705167369822482043e-02
