1.088375363257357113e-02
1.922195119439622235e-02
2.474257425653366912e-02
1.974379974246923478e-02
2.461089478877460240e-02
9.860155469790549132e-03
8.789816264785825853e-03
9.425933393695296036e-03
1.804235292011395052e-03
1.282613870773924129e-02
1.630584737732903092e-02
1.292957977957730382e-02
8.630247766381949834e-03
1.197148451377791530e-02
1.794426859880222588e-02
1.081981622796346007e-02
1.417888429815977736e-02
1.408611486690164970e-02
1.041608962634998393e-02
1.248075873445880606e-02
5.964195561461989141e-03
9.772978238606627385e-03
1.843109966780485248e-02
1.360821930741403299e-02
4.407547518852182079e-03
8.330500780527057281e-03
1.217863940582728649e-02
7.281274352657227979e-03
1.216529438344911979e-02
1.784373683915823489e-02
9.018897525745217872e-03
1.552785689456849874e-02
5.960419578408646286e-03
5.928791284325714110e-03
1.003748945905971225e-02
6.184140259690389281e-03
2.947508632187071948e-03
9.456521741921389626e-03
9.597983298397389298e-03
1.148230695348892959e-02
6.755004601387744508e-03
1.084756905586719243e-02
1.170208475226624557e-02
1.001531303867616261e-02
2.002234776047941492e-02
1.631884114266616073e-02
9.885964665961609332e-03
8.794634675142300531e-03
8.527710371185218824e-03
1.124465251471751248e-02
2.342113004339825902e-02
1.981385704942290049e-02
3.417712843085118045e-03
9.281789016660015740e-03
1.515750745068781581e-02
9.456192220364081566e-03
1.132806056981644667e-02
1.583868948277327229e-02
6.241204864658291343e-03
1.836741966987945340e-02
1.786898221866252759e-02
1.166861724814550680e-02
1.062660183846110551e-02
1.214307397346365072e-02
2.184328886781954863e-03
1.094140492963575732e-02
4.988631727223198642e-03
9.608871385692044007e-03
1.255703638760059110e-02
2.337071610485794843e-02
2.860030189875016615e-02
2.563998037135511304e-02
8.951334473013284818e-03
9.730308244528350706e-03
9.178016562252493474e-03
9.312526891712984492e-03
1.675891660052206134e-02
7.733931663959025225e-03
1.640468162300910693e-02
2.823428975244963654e-02
3.175524456890344710e-02
2.236193390116732529e-02
2.508661071696520126e-02
1.582800468231384400e-02
1.079602290004513972e-02
1.847451532754113349e-02
1.173524055223353069e-02
5.817906064141478879e-03
2.575850567734298130e-02
4.329431051329898222e-02
4.808977794502029834e-02
4.683337786313073597e-02
2.985026516219011633e-02
6.546995558654601644e-03
8.007490594365567968e-03
1.983760922216619427e-02
3.154922061388834575e-02
2.347753132659808825e-02
3.892210287954498554e-02
5.542595285118943893e-02
7.648958518592649525e-02
6.683836285468099103e-02
4.266495204938004771e-02
1.762981569194595893e-02
2.455582010704688081e-02
4.790719718066055455e-02
5.466978205585862338e-02
4.727822686316963258e-02
3.513444171660605464e-02
4.524249509094605687e-02
4.491845346902605118e-02
1.350681932826302591e-02
2.053085334990501637e-02
6.040038842591921586e-02
1.091205702220086476e-01
1.119055275107510017e-01
9.081603792114685547e-02
6.946386632118781157e-02
6.426615947481371938e-02
5.741143162192016702e-02
4.474827954678815833e-02
5.417622576299806897e-02
6.103495235412634973e-02
7.102108202826129535e-02
7.714472881003048288e-02
6.361424454616344815e-02
4.489991657973284311e-02
2.881001165409672465e-02
9.030582828236280446e-03
1.457491765002298266e-03
1.251385616835469679e-02
1.096406797322904865e-02
3.040030734468452539e-02
5.770154517935131844e-02
6.530363767988398016e-02
6.539333813678047114e-02
6.811823649118196877e-02
8.644457069542448024e-02
1.063400744934880487e-01
1.306284360242019882e-01
1.402912180257911146e-01
1.189062204388805916e-01
9.262876686953047667e-02
1.080348302179480330e-01
1.346858443096368430e-01
1.432440911376937076e-01
1.299657712570527202e-01
1.130494175326149375e-01
1.174398852748408800e-01
1.316421821168254624e-01
1.340144263465113394e-01
1.147212916498625418e-01
1.552441743124001738e-01
2.022011046155556269e-01
1.432831941015456634e-01
7.733427665818910779e-02
2.236792724397523857e-01
2.250445474385705524e-01
1.248374913060377595e-01
1.862112851310010753e-01
2.833800407727134485e-01
2.816197907646234566e-01
2.882888396804639264e-01
2.809515125986588591e-01
2.203236452493848307e-01
1.902252376193571404e-01
1.371420627650593305e-01
8.655785856962655567e-02
1.579170534492815303e-01
2.186180218981909062e-01
2.357485538651095669e-01
2.444451208697859257e-01
2.286343250284477158e-01
2.666311855334383973e-01
3.969751859710273223e-01
4.974652946561060052e-01
5.008502223113103780e-01
4.674615898950045811e-01
7.064062537468920322e-01
1.118587857506857297e+00
1.385249466324003143e+00
1.447062405082678138e+00
1.390269464359335405e+00
1.381087781327288599e+00
1.522440767505780057e+00
1.697915894810545945e+00
1.698977710759705495e+00
1.502358723377111405e+00
1.222794541921872202e+00
9.148451616159124500e-01
6.500608888081649273e-01
4.524979902653252228e-01
3.170430337692091149e-01
1.661110273494819101e-01
1.804397177972474897e-01
4.519172452798002615e-01
7.391887846514143545e-01
9.934671641625162364e-01
1.124192105135512598e+00
1.110131251829878707e+00
1.028882212403072094e+00
8.845125767358664737e-01
7.333567569039198819e-01
6.508918185381618038e-01
6.564004048620498688e-01
7.815408505380322390e-01
9.983186495800473459e-01
1.222639164579223614e+00
1.387848654237532342e+00
1.441585200035348180e+00
1.359255061497196326e+00
1.176558527350322736e+00
9.792711893467079820e-01
8.281162072460241941e-01
7.367556481766023291e-01
6.805041840318253321e-01
6.630804224711505102e-01
6.825950883644160694e-01
7.003713709821934863e-01
6.613796263815693299e-01
5.783908499286357641e-01
4.711251813386752585e-01
3.683087319702207929e-01
2.568469866144358349e-01
2.770469324730107652e-01
4.641043134918442781e-01
7.568915243782050606e-01
1.083619825008160342e+00
1.458632163674001836e+00
1.872834151244859635e+00
2.319662642660374363e+00
2.767408456235308289e+00
3.218463640753356447e+00
3.685659364925238268e+00
4.143734457834570506e+00
4.628208081779568772e+00
5.098236939610763407e+00
5.574454004513018646e+00
6.055401000663900746e+00
6.484006766894401252e+00
6.847470031849136163e+00
7.048154454297244520e+00
7.233255375811371124e+00
7.892096435122711640e+00
9.194053899991580181e+00
1.137071972581424006e+01
1.446045141046379356e+01
1.829442725349692012e+01
2.283935851928705318e+01
2.695939200374717615e+01
3.051102165775240493e+01
3.576021293090450115e+01
4.149534650164553540e+01
5.249588524308140336e+01
7.615295984327845247e+01
3.759113795256419621e+02
2.183875290515081245e-14
3.563830529447131994e+02
1.610496899167264928e+01
2.221002294669569821e+01
2.945671435622568524e+01
3.199388079727674494e+01
3.421666457529372707e+01
3.430089513228965359e+01
3.225276840836127690e+01
2.915023562750594266e+01
2.645359151149715160e+01
2.427564838331804609e+01
2.236210879796528417e+01
2.096374865730097525e+01
1.940675414957802047e+01
1.778642578055722367e+01
1.625439300686120347e+01
1.477144470542568833e+01
1.330024141107907454e+01
1.193940167032627109e+01
1.088710546197652462e+01
1.008254436615523808e+01
9.572317463081326139e+00
9.344080088308452048e+00
9.356932211968199908e+00
9.506573052339167162e+00
9.671877598340806514e+00
9.888327700454173197e+00
1.020216650340061193e+01
1.080142738144839321e+01
1.186350308674110110e+01
1.327152686396656733e+01
1.478297410287440528e+01
1.617691514420803500e+01
1.721654573788990561e+01
1.764878655855056877e+01
1.734572920874779101e+01
1.638610833239651754e+01
1.498140525928693378e+01
1.337257593569149350e+01
1.184083118493868980e+01
1.048685000508141663e+01
9.353290091282596919e+00
8.449435151710044778e+00
7.580218479267520237e+00
6.626042385605797946e+00
5.639053432373499319e+00
4.786450616200514929e+00
4.400390118340381740e+00
4.883655512654546449e+00
6.224990925094697758e+00
8.121693514323396812e+00
1.024915998699813002e+01
1.228714820110678652e+01
1.400200393525860854e+01
1.520144608123550967e+01
1.563290180447093647e+01
1.527687524177264322e+01
1.410637213787896727e+01
1.201654350106737823e+01
9.195119886908255324e+00
6.001957686503696543e+00
2.782644295122913114e+00
6.486320257774552678e-01
2.614411201880709967e+00
4.352054761584867038e+00
6.269951329445155430e+00
8.851767218341271004e+00
1.178183240886982297e+01
1.433881386562573468e+01
1.544901845879531521e+01
1.435766990560767731e+01
1.202064070778851956e+01
1.042349061586465631e+01
1.038832227220510340e+01
1.105790198485903453e+01
1.060210745232332208e+01
7.975635179804042352e+00
4.040958309708245544e+00
1.785655163722700500e+00
2.745864737942547595e+00
2.831588228356407111e+00
1.909533576845929836e+00
6.925225931305896143e-01
7.961408527436258931e-01
1.481716134356522829e+00
1.720406569839401767e+00
1.513012864450781203e+00
9.480483800880724621e-01
5.236087336587156305e-01
6.118428350818927441e-01
5.336948144074586953e-01
1.421799105883646996e+00
2.020255102976885819e+00
1.513491876245450563e+00
1.073744612707600021e+00
1.793245958857031308e+00
1.527130377749912560e+00
2.902339770681870990e-01
1.144997204409597291e+00
1.375432103339381262e+00
6.549241186711274310e-01
5.447463317411995742e-01
9.217872961142290489e-01
7.545578880747848549e-01
4.455399424177536316e-01
4.317033412646946178e-01
4.488347374243276677e-01
4.046626654920456034e-01
3.915098585417109978e-01
4.276261929562451547e-01
4.558382417986435731e-01
4.404354031917327994e-01
4.320890691813086271e-01
4.759694817357952856e-01
5.060474906249048388e-01
4.730691030161150445e-01
4.138268248221834145e-01
3.433518322698294600e-01
2.858329827102345511e-01
2.305666475645350433e-01
1.972439660748573076e-01
1.924567825532251253e-01
1.616639487016292842e-01
1.285957550324607068e-01
9.219928452197416469e-02
5.041191054351208678e-02
7.183969844184026621e-02
1.119111548953622970e-01
1.524780819270807053e-01
2.126791745082931007e-01
2.633227600176858973e-01
2.892686245870680906e-01
2.837363735321734026e-01
2.361720038023130408e-01
1.965135642099679059e-01
1.721201672472273125e-01
1.600671973539061765e-01
1.989048018515207905e-01
2.356031705699324352e-01
2.768535885056226942e-01
2.986709578644513030e-01
2.776825291573395971e-01
1.982164061653617082e-01
7.283857998671855460e-02
4.497370825083774060e-02
8.743789120234948808e-02
1.058242152010437365e-01
1.362470096879398185e-01
1.405462240638434557e-01
1.165005347153017651e-01
1.092910285162012329e-01
9.240509401021756997e-02
7.639440991144624826e-02
1.252134035617267216e-01
1.829403636792286403e-01
1.926583200466243651e-01
1.646306689564501213e-01
9.632324994702379239e-02
4.554981386628149942e-02
1.967740038081843348e-02
2.995345689979278872e-02
2.803530009617204513e-02
1.354217746762670024e-02
4.941082486354671233e-02
1.046407335500939145e-01
1.156051546345951975e-01
8.715511401668836478e-02
5.009029730228245492e-02
2.498928019211535748e-02
3.140175227409498088e-02
4.003244629487048845e-02
2.459733975169683604e-02
8.290464691668187128e-03
5.781483029962113974e-03
1.975253411397234066e-02
1.382989107404352866e-02
8.384673283894113552e-03
9.160260578453508981e-03
1.205605092517287973e-02
3.347626736399297170e-02
3.393151146882839725e-02
2.516790317190583520e-02
1.050907636803326273e-02
9.991784165948324609e-03
2.105076004210927262e-02
2.765491000913583575e-02
6.024224379958567979e-03
2.258663483492601848e-02
2.837323635571508892e-02
1.552260167905356904e-02
2.043233728755677187e-02
2.245798313410965821e-02
1.173396769901583619e-02
1.109031902010483052e-02
1.289207271688543217e-02
1.230694439724052368e-02
1.316917655064540373e-02
2.599644764227904831e-02
1.720172864159411411e-02
1.479322029289303897e-02
1.497171444190752501e-02
2.261547885869378410e-02
3.253978352257174550e-02
1.937099941531966046e-02
2.131901527835787079e-03
6.181384184694211151e-03
8.193738020998620267e-03
1.137641934000099483e-02
9.079249603276186992e-03
1.103426622446090216e-02
1.760338900343916269e-02
2.265766832401715572e-02
1.244605504892409148e-02
6.002915206963224497e-03
7.600319195075535932e-03
1.297699989696898468e-02
1.834713045716050359e-02
1.564653595021719967e-02
1.268017999668387061e-02
1.976604127453799459e-02
2.701698119780718624e-02
2.489594893763024189e-02
1.568440839629113223e-02
9.698591552448263681e-03
1.361837101479518655e-02
2.859024710454506971e-02
2.888429783860042843e-02
2.533367606361655242e-02
2.766997038880086857e-02
2.113586070201983053e-02
7.078657095301275036e-03
7.328300769515440349e-03
1.185972329481256929e-02
1.692125467280611306e-02
1.418364214985076525e-02
1.432499452958225367e-02
2.449447284679540787e-02
2.212037513206960293e-02
2.191934119828948396e-02
2.007243246831946770e-02
2.569031229055225921e-02
1.971587349988162055e-02
6.022508258490271923e-03
1.039689224174393349e-02
2.105301104118695310e-02
2.088163019233387277e-02
6.867598167174526758e-03
1.530727801960017447e-02
1.761183960021452458e-02
3.603237082123260902e-03
1.086484793742288103e-02
1.127626212931104842e-02
1.495923701013094666e-02
6.508303349457985124e-03
4.210527757132418759e-03
