8.016685271386199060e-03
8.564296750554596660e-03
6.139867442858202608e-03
1.210871367857689444e-02
1.447554132652946988e-02
1.117404646032380336e-02
1.659187775377464827e-03
7.556295518100387444e-03
7.180060928349263176e-03
9.411371750888934337e-03
5.044144601027471253e-03
2.931078346774275770e-02
1.648778919077186281e-02
1.670836384205243857e-02
1.182176091053772568e-02
2.526588571688934831e-02
1.219010148692137134e-02
9.056780279670084352e-03
1.512292822726058264e-02
2.121990485659689188e-02
2.453698051325190616e-02
1.612027659616355191e-02
3.148735780752295876e-03
7.090004184175445305e-03
8.639697184815817166e-03
1.669849716558263059e-02
2.370896175631092076e-02
2.125986427465261300e-02
2.146042372478699362e-02
9.471906554394836017e-03
8.676662306270120292e-03
1.374167228638869219e-02
2.194866892959458984e-02
2.039825521545205952e-02
7.889743183669800999e-03
2.767693784561143025e-02
2.833223894413739938e-02
2.667271738983084672e-02
2.246128551132939299e-02
2.622652956408518324e-02
3.283853817952527010e-02
2.858521685578870736e-02
1.312612271178580960e-02
7.937932746521025526e-03
1.097612583309578657e-02
2.287747669037038661e-02
2.580311576890881656e-02
5.945945488065464135e-03
7.171389834770516836e-03
9.214751990174747942e-03
1.160044508560880219e-02
7.719678016099607541e-03
9.205267080355830980e-03
1.589199327828160618e-02
4.481883834652865793e-03
4.001000351508527363e-03
3.072123027875627022e-02
4.338999218974427807e-02
2.715753179403583226e-02
5.527840004106698846e-02
9.765357017440867704e-02
2.380112816833386546e-01
1.867881291870062410e-01
6.946281729414632844e-02
4.465771035008233442e-02
5.047905370354773859e-03
9.242795043315552364e-03
1.953537156821556070e-02
2.998502661513621770e-02
2.037737807399851026e-02
1.251044616438565064e-02
8.769497099135572377e-03
1.256810118654814665e-02
1.143523007898970129e-02
5.201581737973398796e-03
5.951909660571757035e-03
1.911525612084550435e-02
1.845770098710924553e-02
2.887169949684775805e-02
4.221719186412760394e-02
1.964677761313742346e-02
1.736179917186683394e-02
2.166238490931876939e-02
9.655206144773517338e-03
7.951750871275677091e-03
1.295642557110064826e-02
2.154374395518710364e-02
1.160845659855492401e-02
1.102037697131959607e-02
1.198105338592137144e-02
3.897855236617232301e-03
4.683460712370589134e-03
8.056669959111360454e-03
1.512627169957995489e-02
1.048519758505319678e-02
3.077079536670368487e-02
2.189991487366452563e-02
2.195133971049145413e-02
2.006037872441289102e-02
9.071763302188052408e-03
9.760336244934992092e-03
8.651576751551395134e-03
4.608956005302565669e-03
1.158831789021763300e-02
4.230278574314855732e-03
8.502126565266122579e-03
6.787746936471097600e-03
1.583932521788664755e-02
7.639512595943961058e-03
2.026753219877348508e-02
2.726061084606834495e-02
2.355523001533991675e-02
1.272966451976289583e-02
8.309692383250175118e-03
3.782781417125871421e-03
3.346331334814702657e-02
3.285111013258685403e-02
7.083427862641752948e-03
1.261308347630253103e-02
1.316777934624001334e-02
1.958139010988813739e-02
1.661713070503429215e-02
1.352489001194431655e-02
9.890954330545974685e-03
1.165853829920089797e-02
3.553663822677699709e-03
3.372915762229927034e-02
4.946715085266343431e-02
2.428072092130703630e-02
1.749004507160864183e-02
3.592657715682386760e-02
6.899528860083295467e-02
7.117337897778884537e-02
1.296328866533754676e-01
1.158575078044738887e-01
6.780106616252339069e-02
4.732954395916708079e-02
3.895917599424408156e-02
4.215798698748693396e-02
2.597059592506320569e-02
1.697923956308424603e-02
2.543990175512082091e-02
2.497564766109388809e-02
1.853394646803254928e-02
1.829881035806128070e-02
1.794087640492685390e-02
1.546424899974876283e-02
2.438214555703162312e-02
2.596238812936846330e-02
3.142848061376979363e-02
2.926631378585937970e-02
1.861037342242734260e-02
1.660261970963864894e-02
1.575031809165452698e-02
2.802477684041559600e-02
3.205806673653207456e-02
3.244680512701621916e-02
3.377269388128432276e-02
3.106074640398135550e-02
2.483283969945151992e-02
8.106274832788765150e-03
1.179140473603416603e-02
2.923641888747161716e-02
2.871711702596869975e-02
1.976890451329806411e-02
3.299805310514929580e-03
2.049599972897252209e-02
2.162875607800322092e-02
9.987227267189150576e-03
1.920084114022626090e-02
1.798438630819572392e-02
1.099318476043085503e-02
8.598668183634401371e-03
8.864992467721936192e-03
1.419105963070565676e-02
1.435114920773057114e-02
9.890717366430551091e-03
9.138623661682243951e-03
6.304761831370495756e-03
8.976421634618942519e-03
1.790311385650409856e-02
1.250759568005652481e-02
2.038273935447114729e-02
3.102292836540960011e-02
1.999853568584436525e-02
3.258541834089154904e-02
2.507908102715334861e-02
1.542226611223634263e-03
3.877807721861862428e-03
1.709514928917671428e-02
1.519622760551994807e-02
2.249475585661909680e-02
2.987125347021803851e-02
2.952501913039351847e-02
2.290639242784415358e-02
1.658859788378247782e-02
1.504822163253485660e-02
1.009837692642589352e-02
1.254351143131342272e-02
1.761497958316020004e-02
2.135871558002890372e-02
2.119556184864932954e-02
2.347032258306877561e-02
2.767317205408709527e-02
9.987074037588685935e-03
1.745903542065452676e-03
1.971078319717866831e-02
4.613177900633591566e-02
4.618857668971790287e-02
1.041909675014834197e-02
7.543295000952268854e-03
1.087267994737592738e-02
1.243035447092124927e-02
3.305931133975423004e-03
6.562486738365232858e-03
1.214269750205769667e-02
6.184397455539018297e-03
1.389746509757246000e-02
1.578584373659505311e-02
3.734069285655125005e-03
9.405359977137347019e-03
1.193327668968863046e-02
1.199282437197020032e-02
2.350892213786625121e-02
2.599923730922495610e-02
2.141742688307648676e-02
8.024670310214216534e-03
1.015868986399742595e-02
2.018353129621847097e-02
1.507172319043192932e-02
1.236319936604157559e-02
3.926020812473637184e-02
7.055309963177273935e-02
2.681797956439494618e-02
1.934078246449863828e-02
6.037463798138737250e-03
2.096187865350988833e-02
1.104768066324739346e-02
3.228416477541433405e-02
7.783919434288054558e-03
5.269637770458412973e-02
1.546378789540674668e-02
5.618576452329594045e-02
1.038501531137261610e-02
3.557331799638328851e-02
6.585715367174839463e-02
2.464458104826405468e-02
1.255184765370454536e-01
6.439210945224538296e-02
2.343415565775135434e-01
3.255461717592051385e-01
3.038885186217356593e-01
8.144059714153502050e-01
1.169818920915984162e+00
1.175375771434690630e+00
3.283173484705110923e+02
2.610206404670723111e-14
3.281735156700177640e+02
1.615300697981234990e+00
1.139406128528006601e+00
1.316673531681376463e+00
1.053270204796543208e+00
9.454096413614236916e-01
9.500601618059268949e-01
9.138384649011678240e-01
5.103565838658411513e-01
2.413188971202994415e-01
4.866234218392220812e-02
3.242250238074527169e-01
3.757032150278870608e-01
2.851333300850012464e-01
1.834593303184433311e-01
1.330312454433657254e-01
6.124555192018689420e-02
3.507905134560695276e-02
8.070307021314122864e-02
1.765673567239079422e-01
2.118424639480472604e-01
2.208998098400845322e-01
2.251315799033494769e-01
2.062752312730582738e-01
1.461889397965709658e-01
9.730025025643188052e-02
6.351272762436586949e-02
2.244174835926759232e-02
2.757137541817016729e-02
2.104610598890670897e-02
1.593615436751977255e-02
7.765802421976204448e-03
7.790067398026174865e-03
9.956914039886511497e-03
2.825976722166436902e-03
3.493282239880129113e-03
1.675585296318507500e-02
2.245183295623436048e-02
2.702047071481856414e-03
9.670096262526546929e-03
1.632417285601951706e-02
1.053093266810487330e-02
9.019835462115160726e-03
3.432373193050101794e-03
9.002081982500237736e-03
7.755066951299468582e-03
8.555525255565885751e-03
3.950240740400437489e-02
4.625093237217935832e-02
3.714479611334152269e-03
1.866854257495188449e-02
2.114856325296654224e-02
1.050478087335032264e-02
9.861977738369331892e-03
1.216340677329168576e-02
1.544705971780720340e-02
1.577745714712402644e-02
1.391868053500925489e-02
1.971629339562896294e-02
2.500267895068455232e-02
3.623319722578765417e-02
2.206838142175514619e-02
1.271738070279166376e-02
3.820133641395605760e-03
2.847744612604810252e-02
3.044170870608870968e-02
2.506601513871876963e-02
3.242922405261150498e-02
5.903678807307081305e-03
2.530172610594342425e-02
1.450600994001175099e-02
3.426906607834414448e-02
1.294506031913808010e-02
3.455515831560945772e-02
3.144936902257900596e-02
3.441442790231645510e-02
2.126966201304555243e-02
2.500778279381141514e-02
1.681432133151104791e-02
1.140707555426411120e-02
1.304855813362879730e-02
2.522292954883457311e-02
3.306311934411617498e-02
1.152848005578321379e-02
3.015349293768711594e-02
2.021758680325329641e-02
2.625310758762526824e-03
1.258696523406143894e-02
1.330987952569254867e-02
8.192934050165643148e-03
1.257793749982919276e-02
9.312491177671702869e-03
8.183335086049134746e-03
1.183502704968534235e-02
8.665987174244781793e-03
2.956228182317712644e-02
2.775470459872840870e-02
1.017963871562342290e-02
8.881702558995637972e-03
2.309202439948288346e-02
2.292858221581239170e-02
1.247338323170161731e-02
1.139225580209177191e-02
1.822882298116054733e-02
2.163639244408134543e-02
1.014653097549332930e-02
2.628719127764827211e-03
8.512018125443407066e-03
1.521470522535925754e-02
1.567117694240825754e-02
3.581084882347669585e-02
2.599879972401124284e-02
1.049962941518175694e-02
1.705220618875014776e-02
1.058107986724740081e-02
5.601121854918891460e-03
1.991140072821586532e-02
2.825914373491624290e-02
2.237374734364957346e-02
4.942852656781990262e-02
9.143537235491046300e-02
9.280915253383856256e-02
7.820890084743627180e-02
6.146947761363983492e-02
7.295148453508090713e-02
3.182464432482882966e-02
1.640427467866913472e-02
1.114188939257370128e-02
2.852543064152792893e-02
2.554822293193452845e-02
1.333177747766904099e-02
9.967183202681847987e-03
1.191037234808626707e-02
3.465850771982277589e-02
1.372700458957308231e-02
1.824112800892144920e-02
2.634185785964206911e-02
1.934223980564905160e-02
1.549450560440221447e-02
5.483421203632510982e-02
5.529295617199926627e-02
1.973078251381384443e-02
6.897870942492432579e-03
1.012936084213776795e-02
2.604543168518130489e-02
3.732239153010897398e-02
3.480665358323509206e-02
2.946622523608461580e-02
7.325548708159967601e-03
2.361128919544602453e-02
1.473117562330147207e-02
9.008436089805241243e-03
2.261637969652486105e-02
1.820224148439326256e-02
7.186355819436811981e-03
1.360421943604148663e-02
1.330903423646167920e-02
4.592643385829759187e-03
9.597049365236271640e-03
8.732565391223806248e-03
1.540069944557045586e-02
2.247861824212080833e-02
2.626141802706006070e-02
1.197930171374982956e-02
7.454264187693091480e-03
1.329224959952763664e-02
1.733961839035287958e-02
1.208651552733559960e-02
2.105439058251392867e-02
2.543507016728250789e-02
1.702104558044060384e-02
2.282124456495782799e-02
5.520554963391404411e-03
1.101424484621496384e-02
1.672694240714095101e-03
1.788777642627633821e-02
1.963721773685436420e-02
1.259195274157994156e-02
3.062694160081837896e-03
1.018930331885347686e-02
1.055018976452829979e-02
5.308661178842817401e-03
3.459605742083529320e-03
8.696358145161304370e-03
1.521244286900524760e-02
1.798907946179794867e-02
1.605274989177863168e-02
1.078806792495452631e-02
3.572585593965675339e-03
8.109754637660011867e-03
1.740739605370312040e-02
2.095018928386262538e-02
1.246869181347877095e-02
3.029951374391304589e-02
4.684661330414136016e-02
3.645875952517935170e-02
1.779637946983927965e-02
9.966102387904034535e-03
1.567129504183341002e-02
1.341005681622879989e-02
1.475281639216593707e-02
1.832052726464275180e-02
9.494027252010492704e-03
1.092640586988437128e-02
2.502373592229989105e-02
2.002545733743310921e-02
1.143164638357556558e-02
1.041240888776037710e-02
1.490668696009602237e-02
1.710963132237007869e-02
1.276875021217671081e-02
2.495138709144533243e-02
1.972398669837594626e-02
1.797686429061207125e-02
6.460417821839537812e-03
3.391908796674772061e-03
8.415147963695935110e-03
2.056528542379736785e-02
2.052308794297287922e-02
2.504634818685042355e-02
2.764905479458626067e-02
1.948439658221841689e-02
2.712128937894882699e-02
2.750964237326522163e-02
5.496499344507248426e-03
6.581124863862209892e-04
8.401819012133378978e-03
3.717629495333315669e-03
5.290794659938441273e-03
2.814925941822319158e-02
2.801529200231617917e-02
1.367485443501537806e-02
1.474996564512461722e-02
1.931228823642704498e-02
4.015186380025403956e-02
1.901295916005757078e-02
1.023380424749769681e-02
2.184415723922885494e-03
9.902962632437391916e-03
2.933001762230541456e-03
1.280727115524826591e-02
8.404383562266049337e-03
5.470129708216292692e-03
1.703281047531008535e-02
1.264752930804002862e-02
4.476384601955176595e-03
1.181637341645262046e-02
1.683847938340060288e-02
1.388026418398582973e-04
4.927011460335200752e-03
1.365009891374315346e-02
2.709598097881751877e-02
3.092383957608067779e-02
1.912333380582959333e-02
3.756114349024337277e-03
