1.199120605237427584e-02
7.445723323221029033e-02
2.576350081416964310e-02
2.293187641029579074e-02
3.733870533246427814e-02
5.446231492012758996e-02
2.875892041193056289e-02
1.363627667927623521e-02
6.220394084025177017e-02
5.170426314567582587e-02
3.126076864326843979e-02
2.710739605320756918e-02
4.372153260266120611e-02
4.288953184972658927e-02
1.429569072163496858e-02
2.036815377023121210e-02
6.706057289585112824e-02
4.816412952881697629e-02
3.135412657139161757e-02
2.270776394645121141e-02
5.645220364423829407e-02
1.107072019274943364e-02
3.088633838515873406e-02
4.243561165499144805e-02
6.428959743034545760e-02
9.430427201368348986e-03
1.855058998502877657e-02
4.824393130029506344e-02
6.170871361893612989e-02
1.464071603115983840e-02
1.882255243400786371e-02
3.848674228883855464e-02
4.062820173924384243e-02
3.951249749773804582e-02
7.944223932711890618e-03
7.290194960647589095e-02
4.427770473031838322e-02
2.553943500143414369e-02
2.012160457257633137e-02
5.472619954842185275e-02
2.075614811131326273e-02
2.079495726277299020e-02
4.706684688590742627e-02
7.346772185570762947e-02
1.330747547581067822e-02
1.763334185620273747e-02
5.408629277554966724e-02
6.340209126645282578e-02
9.092163110747212076e-03
1.824697235266007841e-02
2.961026437667173966e-02
2.833984060275252653e-02
3.862289882759130377e-02
2.115219947125481989e-02
5.235543142726852006e-02
3.315120078137339527e-02
4.836257006267485892e-02
3.976199402887792972e-02
5.031105712767104665e-02
7.274401495546358939e-03
1.183573728837697056e-02
3.634258371003273869e-02
4.270783470191707315e-02
1.901021899835879728e-02
2.801114393143920231e-02
6.498826246557926067e-02
5.638877896367529979e-02
2.743242307044437348e-02
4.101395402352869118e-02
2.602638893552520691e-02
3.212118663623841908e-02
1.095000368226468727e-02
1.493835867935409088e-02
8.220429415986944821e-02
4.896165373210271954e-02
5.627443015236543306e-02
4.703641839597788588e-02
2.472076831247312437e-02
1.470059636585394416e-02
4.700550231761074262e-03
2.981095703146945802e-02
5.659543938656168283e-02
6.219559788393736952e-03
2.375843094835279265e-02
3.462174693149282917e-02
2.649275456549925883e-02
3.912883348649927318e-02
4.764239473750016274e-02
5.083094892543164878e-02
4.768672817845408252e-02
1.062754592585496427e-02
1.771221594144551173e-02
5.869691365503443281e-02
3.943564298670001328e-02
4.316311903875516554e-02
3.655613946115304075e-02
4.014566044327699118e-02
2.328689639711779835e-02
3.643570210095316980e-02
1.534883729354301687e-02
5.532877413162528429e-02
1.826705221656010208e-02
4.640632405013916245e-02
2.252621790267439819e-02
4.441304052717726103e-02
8.924813866338572252e-03
9.396737203127954186e-03
6.379724831541866426e-02
6.114410958104068289e-02
1.651875104436349717e-02
2.200166068186423102e-02
5.507780750424592919e-02
5.572005958596793623e-02
3.843192260910987396e-02
2.823515470248329565e-02
4.429093533840509217e-02
3.965624392203848797e-02
9.016321274610437572e-03
2.691649011933023097e-02
6.765799669286695628e-02
3.371309197727116735e-02
5.842294377114825438e-02
4.106702950839822425e-02
3.991111621006295657e-02
2.664684528024760177e-02
9.225145479759336992e-03
5.596002441056546761e-02
4.873281003380117854e-02
5.250927933042215390e-02
1.367225575978972540e-02
6.286789849891832871e-02
4.116441765876741737e-02
2.178899754451911822e-02
2.979394984455654635e-02
6.170705653875172003e-02
3.553141706484484047e-02
3.262015912197514800e-02
1.298244808108270885e-02
6.260552319295281665e-02
1.853256430967977625e-02
3.496013476894851979e-02
2.420080533622080352e-02
1.956401382783614154e-02
1.341595646184631264e-02
9.954700614894321578e-03
5.420379380906018701e-02
3.109494990737911649e-02
4.681012997787981772e-02
5.663086626821940001e-02
3.736746181073873074e-02
3.864004447720154230e-03
2.074236311713478775e-02
2.720392453225393276e-02
6.606175688097977450e-02
2.600299620490197777e-02
3.582753509167958123e-02
2.441828942328997526e-02
3.710943169829311605e-02
3.117648137689621457e-02
5.106902343083979251e-02
3.605375733432550356e-02
4.754538530642737904e-02
1.388520308261560060e-02
2.397472518488371479e-02
3.048554657436404469e-02
5.214538950412726109e-02
2.434827202051088185e-02
5.381311636003639765e-02
2.416419681807175854e-02
2.145801172349856914e-02
9.648994662351858403e-03
2.658079106701663821e-02
6.124132979050742748e-02
4.577118947696656032e-02
3.590796936824891539e-02
1.977330405697120055e-02
3.627978701626549674e-02
3.612433659899160626e-02
5.376222492647229900e-02
1.910146917260593241e-02
3.781977081086670273e-02
1.185432421615127338e-02
4.985654942071433143e-02
3.122138805286727228e-02
5.510565757203274989e-02
4.721635047091657378e-02
5.129133217984721549e-02
1.685033261044831948e-02
4.166520442969470772e-02
2.804376473248135562e-02
2.868452363517582510e-02
5.486370706770481165e-02
5.693885341373092907e-02
5.584900138168965439e-02
3.675889073914033467e-02
4.260280965104614598e-02
3.162381639806257499e-02
1.599005073428207135e-02
2.617007268486989599e-02
6.558431998514567540e-02
3.673882124965307389e-02
4.696532657323387872e-02
3.187088286244682545e-02
4.314775791366525642e-02
2.857661437962829773e-02
4.626555624918284731e-02
1.670272374585063044e-02
2.874934698367934485e-02
4.068552615161558084e-02
2.005212810698615497e-02
7.796802034598138142e-02
5.672507802750243605e-02
5.999629709643497510e-02
2.061844476700089995e-02
3.010279272505785031e-02
1.608037460086948062e-02
5.049599209882340428e-02
2.015862966324257627e-02
7.313116504052441513e-02
3.003270107116401064e-02
5.934416506305150579e-02
3.080775603282654221e-02
2.992949234641699430e-02
2.389303407661401771e-02
1.576964645391776623e-02
3.478432502077932753e-02
5.201730561101779171e-02
5.572951693834920367e-02
1.113817676978440599e-02
7.713681451278657508e-02
4.023480358783013827e-02
5.808971487483264445e-02
6.936875304329787051e-02
1.082130185980271220e-01
8.691367017504504633e-02
7.273909105914330708e-02
5.503683121160438119e-02
1.716972007135194878e-01
1.858906123000981514e-01
5.089081849938763974e-02
1.787404583781791179e-01
3.627829321845737476e-01
2.997200933437084158e-01
2.786268421616533431e-01
4.148804364181822857e-01
3.870809234922785169e-01
5.323950990762340574e-01
2.752443894843965566e-01
1.119630491765504221e+00
1.789921183631315804e+00
1.272894628383045790e+00
1.054644625377990197e+00
1.062888029109078536e+00
1.839693696638788456e+00
1.407918804724615391e+00
6.250767610355055792e-01
1.166648135354855093e-01
2.142731567799873449e-01
2.548618601313251131e-01
3.127886245252973763e-01
1.435612678448365542e-01
1.890816337722024121e-01
1.688886338351852090e-01
2.389099714521269457e-01
1.151706374057716586e-01
3.563783768104437921e-02
1.582239939721139799e-01
1.121889227703833092e-01
6.261248447984835153e-02
4.218542415867920781e-02
8.081488719096606432e-02
1.414265160834530799e-01
1.129994845723625851e-01
1.242596722715391330e-02
2.240736990806382542e-02
9.451855690999823659e-03
4.660945945212474628e-02
4.245888446918819753e-02
9.807830666632160951e-03
2.454774081988058548e-02
2.318448897787537752e-02
2.707819954412873237e-02
3.941197954081171462e-02
6.169414157142951577e-02
4.888134639875457710e-02
4.049877128333027876e-02
2.009773359284272240e-02
1.548280553815318920e-02
2.445732650666252242e-02
2.118812738180352040e-02
2.881603686449805621e-02
2.265248819554683407e-02
8.117157116575519915e-02
3.947933837769923571e-02
3.857262589972829808e-02
3.368731979854432124e-02
5.815755855047503170e-02
2.206283439643028782e-02
4.240504073182939371e-02
1.214600391630264210e-02
5.820479309939569773e-02
2.738837464882971570e-02
5.026813363165722609e-02
5.790033680774037128e-02
6.561231458585106702e-02
1.120194433409293228e-02
2.524186937669529660e-02
9.575217813118709967e-03
6.472203298363300369e-03
5.767651590090935171e-02
3.920166439192643293e-02
3.876158923082093088e-02
1.742597002830411496e-02
4.254319551207737249e-02
7.770777928740952613e-03
2.264384399888201907e-02
3.314001812038354366e-02
7.198771505052288522e-02
5.185326261206254367e-02
3.665647895756002361e-02
3.002835832726604565e-02
5.362217288165621598e-02
2.662717452859474782e-02
2.992204804445418656e-02
1.167591366749785170e-02
3.123326448169398001e-02
4.025871412605853961e-02
1.928655867116412653e-02
4.667419716165024240e-02
4.030688278387736800e-02
7.869578449899024275e-02
4.223722294967643953e-02
2.624178081361475730e-03
4.585905621780236863e-02
3.726255928831441466e-02
4.839791436123121876e-02
4.999437276475234698e-02
4.041119999022774884e-02
6.122930599806550300e-02
2.454107750543177424e-02
2.475570295149068234e-02
2.582263399768653864e-02
5.077613854848719854e-02
4.134425542852043084e-02
3.859516071092615463e-02
2.468981595766516282e-02
3.842779024591558290e-02
4.651531873031620329e-02
1.794474942492501821e-02
5.600112923860826875e-02
5.529471675603371550e-02
1.040876155157972882e-02
2.451311835660547125e-02
3.012848036820348768e-02
3.245901203203439139e-02
3.853600201623649107e-02
2.434631764605982643e-02
7.705498604225292925e-02
2.213609923863994744e-02
2.299392965865587266e-02
1.427267748361845355e-02
4.867963382190445415e-02
5.012774900762405339e-02
2.182055032715961296e-02
5.364765082631652027e-02
6.164445735356467032e-02
3.485281448263848059e-02
3.302253149065277615e-02
3.440520267287100475e-02
2.351827396567994846e-02
6.192674776426084458e-03
1.201695074930963711e-02
5.567081351874769019e-02
3.243641591207944291e-02
3.343529196147258797e-02
3.719180934543595690e-02
7.388277035113484381e-02
3.954026369260424389e-02
1.873993795157464365e-02
3.898104461323483733e-02
4.283674039685333307e-02
2.688791821292065357e-02
2.303347605269699325e-02
5.982782488218851141e-02
5.557655999482135484e-02
1.590667079516782170e-02
1.851784813492669129e-02
6.057753823534629128e-02
3.547862420553495044e-02
2.570206173490499624e-02
1.251718805755219072e-02
4.855269114699622968e-02
3.112348995138372251e-02
2.628049610682050771e-02
5.114129848637401915e-02
6.217243273781326157e-02
2.516641828210846796e-02
2.644356755893339378e-02
3.437886482019902878e-02
4.929542570294220133e-02
2.938746640074653763e-02
4.532072596937439246e-02
5.652848673045097333e-02
7.206509464196311776e-02
1.126833663873914003e-02
1.007494554950727136e-02
4.535434446278917286e-02
3.620386301475713581e-02
4.981601937882496056e-02
4.230617573014571614e-02
6.465062164191977268e-02
2.902831532781723067e-02
4.484715397706205697e-02
1.471448354633651291e-02
4.420381593906570761e-02
3.083490032659541580e-02
2.396063342704376348e-02
1.530446002929483802e-02
4.297398134195017788e-02
1.238336939202621875e-02
2.474625061247686178e-02
7.341407001448591041e-02
7.497617272001437516e-02
1.503779010336441131e-02
1.507846460331859449e-02
2.952869307095970161e-02
1.449516603252777591e-02
4.283712741908432542e-02
1.398364694656840587e-02
7.117961270843935206e-02
3.809356089763899639e-02
1.721057093537967791e-02
3.311306801832085422e-02
5.081781432394627540e-02
4.331426603531990382e-02
3.874410430159468816e-02
1.593718510224353957e-02
3.741881042242799910e-02
1.753800622286259478e-02
2.385934963837235689e-02
5.618690628907292012e-02
6.288724777213705597e-02
7.267382728974015015e-03
8.114990042329260633e-03
2.459330426701503494e-02
3.461194480711095312e-02
2.582059968987205495e-02
1.038161304803889712e-02
7.179075530192449706e-02
3.700828169388582778e-02
3.018901214667782731e-02
1.180088807098788814e-02
5.108563621374229841e-02
1.632702447492276332e-02
2.267338127708224543e-02
4.034249831937603004e-02
4.255096733605296527e-02
3.696858508709478797e-02
4.752094650101788137e-02
3.737632996652661549e-02
4.892255909146855236e-02
2.747334034328868455e-02
3.100154645029564934e-02
5.051228972119958111e-02
3.827915540402218597e-02
2.805008481596708847e-02
1.513865331390029483e-02
8.374573176491680038e-02
5.155989162745408527e-02
2.486100694255737389e-02
2.585529672635618684e-02
2.749181149622410836e-02
2.697840788780231716e-02
3.333994177283827742e-02
3.056174178551573223e-02
8.065202632071252764e-02
1.911769221011849068e-02
1.854062416640929814e-02
3.201755291699784345e-02
3.416077615655781913e-02
1.076700005336701620e-02
7.982750865610387450e-03
5.058217640222509998e-02
6.119216559673719413e-02
2.474104959172727589e-02
2.619571220150339677e-02
5.072011472716903002e-02
4.897152569033275116e-02
1.898867800412117404e-02
2.881215305883454841e-02
2.516863023307602809e-02
4.174937771588439067e-03
2.473025733077709523e-02
2.313448694216737114e-02
5.831036385852760712e-02
1.237567669253787292e-02
1.786481666835858587e-02
2.467222409244479095e-02
2.836728827815742857e-02
8.102563527119925960e-03
4.675969574484828070e-03
5.937067185882343584e-02
4.623492567579691459e-02
2.512557394065676949e-02
1.021702940836118761e-02
6.446971109107130227e-02
6.158892520289285799e-02
4.176105283259532591e-02
2.438169474055339875e-02
5.153028626924089500e-02
2.694127449495556034e-02
3.788034533398249720e-02
