8.884484634934024516e-01
8.600098919880261317e-01
8.801652050215250656e-01
9.323174872776850419e-01
9.855283481512484567e-01
1.006569982358215043e+00
9.899939286701594510e-01
9.453625613883210876e-01
9.006316543378417583e-01
8.720232095746052181e-01
8.701462590868781488e-01
8.957923526516381463e-01
9.299833691100322097e-01
9.609426213434483222e-01
9.798861718042101154e-01
9.815163590331505983e-01
9.706158602971863836e-01
9.513206423903277642e-01
9.271449955874676574e-01
9.068716653432447039e-01
8.941514365853591162e-01
8.905620444490962573e-01
8.994061826951721406e-01
9.095610272361072113e-01
9.229440597229074950e-01
9.342594068359622028e-01
9.465326007047415446e-01
9.527130070582636723e-01
9.568167873402579904e-01
9.590263317854800240e-01
9.564120717539872363e-01
9.512020291330849364e-01
9.454799825525262991e-01
9.391279148015874156e-01
9.332556644982891170e-01
9.264470251139432788e-01
9.236807732201544052e-01
9.206308031834129491e-01
9.190846585136245306e-01
9.166444440656237314e-01
9.177215001251101123e-01
9.178305766380520092e-01
9.186483524618569430e-01
9.190345906060446435e-01
9.192753933996431481e-01
9.194345378201649321e-01
9.186465643223005184e-01
9.177924296608482857e-01
9.164256949932211294e-01
9.127647772747012889e-01
9.119374647065955353e-01
9.099025618913842983e-01
9.072823413947035398e-01
9.056211597467851426e-01
9.045774822923520198e-01
9.057963974233147475e-01
9.094626795605038616e-01
9.152336019556047697e-01
9.221328404108095622e-01
9.319550909942496686e-01
9.439219169523617170e-01
9.537548963731403706e-01
9.571767994376182420e-01
9.561480231461552126e-01
9.523488226352718744e-01
9.394760059685713927e-01
9.275187167547603861e-01
9.164531131330863056e-01
9.117127551690048515e-01
9.144450324112215478e-01
9.273840102415097375e-01
9.449018174292823646e-01
9.546126073137053414e-01
9.499956309790171805e-01
9.308971084233651494e-01
9.120840921502223475e-01
9.020842197041772925e-01
9.134728805390454065e-01
9.403653073746331970e-01
9.659929234973101408e-01
9.654838997702479553e-01
9.408463169153113981e-01
9.042734985677598480e-01
8.852262360127253205e-01
9.004808545685832888e-01
9.459836418609192110e-01
9.806002355337424259e-01
9.760041208272124402e-01
9.341485421834638814e-01
8.828486064491994911e-01
8.802313661851127735e-01
9.312875188931845072e-01
9.855426532676998530e-01
9.810317732133595481e-01
9.125752344817202877e-01
8.702452028090003067e-01
9.159387249873548464e-01
9.815527178707978972e-01
9.600342464487846561e-01
8.859784467194612434e-01
8.986515878023609849e-01
9.932155601043176629e-01
9.747965305801070679e-01
8.504946053617722379e-01
8.615697457277471383e-01
1.025892618404939061e+00
1.032121900573003348e+00
8.238245038776997875e-01
8.004833222011711324e-01
1.041774873945102042e+00
1.076674589714359032e+00
8.068151243704705378e-01
7.872761234374193728e-01
1.066972740527718067e+00
1.040333037416105055e+00
7.790810798503255974e-01
8.776922080149898164e-01
1.091740857570273615e+00
9.185714624609306878e-01
7.812381722018924002e-01
1.016675355038089146e+00
1.054182774327131922e+00
7.942826502660096377e-01
8.720434751562446962e-01
1.082618365599914201e+00
9.378511831583002945e-01
8.009679080209622937e-01
9.580100724709120774e-01
1.023820164659043019e+00
9.086043725734200827e-01
8.550376719281281845e-01
9.372658654768306619e-01
1.030599001717448449e+00
9.199435615472271177e-01
7.998503207981968455e-01
1.011927844515781993e+00
1.055095321547427467e+00
7.516086997519373369e-01
9.208596850466352901e-01
1.143415706564868239e+00
7.840825061896450343e-01
8.293254171997805901e-01
1.173548242276697406e+00
8.557475633320288377e-01
7.749689549170678537e-01
1.138699786508057921e+00
9.199155473608431333e-01
7.866496785461519758e-01
1.061351425808838123e+00
9.441949062579758634e-01
8.483232078937540388e-01
1.019273521813574002e+00
8.889402018714192000e-01
9.227056411153842230e-01
1.030553702182019027e+00
8.346934121481671687e-01
9.160805840588311932e-01
1.068958767528386922e+00
8.531797949290030880e-01
8.860601050925379640e-01
1.014098645937281384e+00
9.112985028384331665e-01
9.356011075497994156e-01
9.390176461956079024e-01
8.678502878964290401e-01
1.017376305744207565e+00
9.690977298137819496e-01
7.916707744205920827e-01
9.866054042107348376e-01
1.062913663734634362e+00
7.894850718361224873e-01
9.144879477605757367e-01
1.074472197827362807e+00
8.395768212767625860e-01
8.728254881889210282e-01
1.085846553545779303e+00
8.671153625387385544e-01
8.218951012963177094e-01
1.086744795649623452e+00
9.685404263186963014e-01
7.415116717233266597e-01
9.489656625945165347e-01
1.169432541064326925e+00
8.315361537380401291e-01
7.295615350677412403e-01
1.013049604064178988e+00
1.159232396987962321e+00
8.556390828656057490e-01
7.362503691018067453e-01
9.197844171267053337e-01
1.131678358516497340e+00
1.020141365544958711e+00
8.003146410363484176e-01
7.770241233139184578e-01
9.361411256958396265e-01
1.124327316800036058e+00
1.046360259814293370e+00
8.429707101548564729e-01
7.291562234349516780e-01
8.503050625687912367e-01
1.080487499295174958e+00
1.107891930090419086e+00
9.658319909372319323e-01
8.201153063911564844e-01
8.178390047358280457e-01
9.472961362953348230e-01
9.950031036142233942e-01
9.132469789084171063e-01
8.509994567632027662e-01
8.819056608564449506e-01
1.003772736045448255e+00
1.134106652034122087e+00
1.115545763438434923e+00
9.430969885703311961e-01
7.483042178516647880e-01
6.484372196718716230e-01
6.832594493936835489e-01
8.439297490036188343e-01
1.062867172106167324e+00
1.215875293716823347e+00
1.226194647096949364e+00
1.114404334354917259e+00
9.666813572265335885e-01
8.451725059953338892e-01
7.699538195078158287e-01
7.469994720219936823e-01
7.689149104255330602e-01
8.276886734591333283e-01
9.115428819111445202e-01
9.912813891507851194e-01
1.052604443145327862e+00
1.081320772328468793e+00
1.075661906678903934e+00
1.047921901693570801e+00
1.004805684662542831e+00
9.614516450705105077e-01
9.184009931565515483e-01
8.791465615208818862e-01
8.490259467394288828e-01
8.251799136614696994e-01
8.038623099162948149e-01
7.876045450692826799e-01
7.810688949905508771e-01
7.727224555876798240e-01
7.755173177143713792e-01
7.828808764077277438e-01
7.997597217273380021e-01
8.254326373854443677e-01
8.660329420605828998e-01
9.184474847850185864e-01
9.813184715889062826e-01
1.050506359399123069e+00
1.116852297407662453e+00
1.167329688945971666e+00
1.194648289042507194e+00
1.184911273111256769e+00
1.134689585529516487e+00
1.050452119165911524e+00
9.400380778358075062e-01
8.222628619984223564e-01
7.215107347381990444e-01
6.761420579125950736e-01
7.146132844225506764e-01
8.467329557815737040e-01
1.023827317217268718e+00
1.162894506799519778e+00
1.199831509570063348e+00
1.124272480520305706e+00
9.681446514302076700e-01
7.902682769618364356e-01
6.687236629395083565e-01
6.914717783298228726e-01
8.718616809680082014e-01
1.095671188315294753e+00
1.208213711764062781e+00
1.151039141540425081e+00
9.607649994808434846e-01
7.504434288076673454e-01
6.638062791593407619e-01
7.860703213298704251e-01
1.018396737384407169e+00
1.167664071043023055e+00
1.129471198257350650e+00
9.462083513985098948e-01
7.643801885104404281e-01
7.423056056863791552e-01
9.008200050377851431e-01
1.072575577804515179e+00
1.095595490407406114e+00
9.628404334593335667e-01
8.095128309145964707e-01
7.849181634090141024e-01
9.163863559229797895e-01
1.078869829043129558e+00
1.098666918118824665e+00
9.535826389292048066e-01
7.822466829117158404e-01
7.695330106655372537e-01
9.222407248307138428e-01
1.064050920492520369e+00
1.087455879146561610e+00
9.805263257654102116e-01
8.207810903526652213e-01
7.918221702363693604e-01
8.922422995856165162e-01
9.801949239009527526e-01
1.053766733857003812e+00
1.035133127586022272e+00
9.099025618913842983e-01
8.296496665060122400e-01
8.090824853280169648e-01
8.998776554915494108e-01
1.080134639756040515e+00
1.088931690327130664e+00
9.425706794942235733e-01
7.827092150103109880e-01
7.662988622544839590e-01
9.927285900984513800e-01
1.144045727735248486e+00
1.016186000846147630e+00
8.008332015077116450e-01
7.445944243186025657e-01
9.570295759474725106e-01
1.154286999021410853e+00
9.959120745554058685e-01
7.740105121148243006e-01
7.915014972092505596e-01
1.017102124345555803e+00
1.131076947579019887e+00
9.151888984666941562e-01
7.451922589769671701e-01
8.822865345819633776e-01
1.098694336258689841e+00
1.044513707699025629e+00
8.381445214920665299e-01
7.856757385344194100e-01
9.776253673583706894e-01
1.058527357402724967e+00
9.419352939051740536e-01
8.692831837276439044e-01
9.076930174461623757e-01
9.625871136888400903e-01
9.192354582828830001e-01
9.458644325571575751e-01
9.804911590208005290e-01
9.373993798970436941e-01
8.648354846042972666e-01
9.179849526864234388e-01
1.006040097002994571e+00
9.559078163990755161e-01
8.928550354069513251e-01
9.220166113396419671e-01
9.585167120118990303e-01
8.970488187132857894e-01
9.426559141464131431e-01
1.019941093914639163e+00
9.103168142219560943e-01
7.996124982371923817e-01
9.942467205818558140e-01
1.094940435283235924e+00
8.586032222036388273e-01
7.645166831632475013e-01
1.033397440123252853e+00
1.113264097364437211e+00
8.122850432735733150e-01
7.839364747925370303e-01
1.078164706011379481e+00
1.047641163783212148e+00
7.826680878005132236e-01
8.748746961205835504e-01
1.087388525889936286e+00
9.549517577829071957e-01
7.940108530534331077e-01
9.399188685320458703e-01
1.062025554421610174e+00
9.322858968121882084e-01
8.258355648321586973e-01
9.194643401461053411e-01
1.027975204941654841e+00
9.944189780257913780e-01
8.369428917101492393e-01
8.294732367364450187e-01
1.038512115301145844e+00
1.073450574094125587e+00
8.125413432766608324e-01
7.835222224619653453e-01
1.072518357338709594e+00
1.069917806377149283e+00
7.855529529515449250e-01
8.509946883910523008e-01
1.089481841263990614e+00
9.650750118583455439e-01
7.868559106416596061e-01
9.735931126586333528e-01
1.085959206337834271e+00
8.535213295842801751e-01
7.900924432387880225e-01
1.041225319054760901e+00
1.076091656218964632e+00
8.290190492891131857e-01
8.075786599610638161e-01
1.014851452690536115e+00
1.040618543698614173e+00
8.812112666620334211e-01
8.628536299292599576e-01
9.621216013576509019e-01
9.684718809690333607e-01
9.132165805359578892e-01
9.329141298430120299e-01
9.694076740035622031e-01
9.284163628120855050e-01
8.737219421532085306e-01
9.191943310730852357e-01
9.996474980887768425e-01
9.793044304018533319e-01
8.815885641084389990e-01
8.554823226311591977e-01
9.340621154382366953e-01
1.010635615663005860e+00
9.887303100502861097e-01
8.987839101295364008e-01
8.577389547513669665e-01
9.083069453605348009e-01
9.785200331831017673e-01
9.869278653774100629e-01
9.324986854194027286e-01
8.921242823748924966e-01
9.015066506274521663e-01
9.343273561391063353e-01
9.502865016801955722e-01
9.422357013506533763e-01
9.369630738452761065e-01
9.367419405867982718e-01
9.269792946552389834e-01
9.108836544613426733e-01
9.021706464494044786e-01
9.221453573877045340e-01
9.570003696680509098e-01
9.733695952140802854e-01
9.550131505743444382e-01
9.153283733520952703e-01
8.846981387970612731e-01
8.877022132518546105e-01
9.203530455056483373e-01
9.542573635884956662e-01
9.692705833042363217e-01
9.600777578446576532e-01
9.752596587252210236e-01
9.195394420074751718e-01
9.077258000046968256e-01
9.113443984203813963e-01
9.188092850219351515e-01
9.267802151179570513e-01
9.387041257267147998e-01
9.486461816604353503e-01
9.554107136023894942e-01
9.556866831405976814e-01
9.502561033077363550e-01
9.388185666583259703e-01
9.232522157731313239e-01
9.096844088655005045e-01
9.033400897193062384e-01
9.057260639340953823e-01
9.165329833666066017e-01
9.298617756201953410e-01
9.454317027845028365e-01
9.600586843560557915e-01
9.670872649058419590e-01
9.689791165565391218e-01
9.652472693022811079e-01
9.574462124641195393e-01
9.482718644466238134e-01
9.378106519950213382e-01
9.288103495610177118e-01
9.213567878433213121e-01
9.141380684540353352e-01
9.130705491388498851e-01
9.130204812312699980e-01
9.135342733304826490e-01
9.152854580027410814e-01
9.175939461700851618e-01
9.194416903783906303e-01
9.215445424967458887e-01
9.231735376326486442e-01
9.230012801887130802e-01
9.251375109121215967e-01
9.262187392972397459e-01
9.267998846530777213e-01
9.252501637041763427e-01
9.266294153486985818e-01
9.279758844346862601e-01
9.242786078785190096e-01
9.266854437214665507e-01
9.265143783705686031e-01
9.245623260214717032e-01
9.244991450904780361e-01
9.231723455396110278e-01
9.250248581200668507e-01
9.261090667377790409e-01
9.276671323379436229e-01
9.301973498102843463e-01
9.335018317105568952e-01
9.363962336058895275e-01
9.395219015505196225e-01
9.430981806633688125e-01
9.462143118636979766e-01
9.491677223643925077e-01
9.506959856386167917e-01
9.524352493804990605e-01
9.487636028246405617e-01
9.444565706797326543e-01
9.372789785002444418e-01
