8.605987859486086133e-01
1.171782156441468770e+00
7.744992702602470080e-01
8.434290699278199632e-01
1.182441852383834480e+00
7.769531937781802844e-01
8.653403360057277949e-01
1.118110551608866743e+00
8.252270013364555457e-01
8.975447294169341950e-01
1.031845334988276353e+00
8.356458944852226400e-01
9.954054350144189156e-01
9.419627120450392299e-01
8.261616022779467716e-01
1.054073101767671217e+00
9.319652237850694076e-01
8.142680900416481293e-01
1.015064241297750636e+00
9.563602157068509246e-01
8.946944349639934790e-01
9.206492806254960026e-01
9.145743745058029228e-01
1.018341901104676817e+00
9.044445639186577957e-01
8.197517180146834948e-01
1.055246717363204745e+00
9.749664038379673991e-01
7.680339536707345705e-01
1.021752479285297222e+00
1.018169047614222444e+00
7.927496186196348882e-01
9.605110836638312000e-01
1.039045576935479165e+00
8.349163335462014279e-01
9.041626339152615266e-01
1.069351562184281512e+00
8.373899265992553742e-01
8.637482957539911466e-01
1.084573398181605031e+00
9.399278092298279930e-01
7.665718515600981053e-01
9.473277267608316565e-01
1.113601459694082640e+00
9.009255052716141909e-01
7.757169932981721194e-01
9.164852996451019473e-01
1.076589355062169462e+00
1.013729693142139121e+00
8.419884254918605926e-01
8.026261094362866499e-01
9.232373146101611194e-01
1.075980791566466310e+00
1.060129530445281354e+00
8.840478520450415489e-01
7.219345238130716602e-01
8.095944892876731913e-01
1.081756482333717573e+00
1.190196417593528899e+00
1.009631277278814077e+00
7.488859592540215715e-01
6.646705466116126226e-01
8.441902213323380089e-01
1.106286776815268658e+00
1.179496190487884233e+00
1.015923740377872031e+00
8.171094437968068336e-01
7.469982799289560660e-01
8.477885541663831015e-01
1.028829935649625771e+00
1.128395334290901886e+00
1.044820075609693033e+00
8.594102691901051028e-01
7.236886887179242445e-01
7.063413508345306457e-01
7.952834123710885716e-01
9.543604796362494813e-01
1.136561171598574171e+00
1.274340900700199786e+00
1.303519165935416835e+00
1.209906483877478012e+00
1.030424360087437652e+00
8.302826679089865269e-01
6.610728098240864492e-01
5.559820599534582852e-01
5.192870520695509473e-01
5.526519480528769845e-01
6.341666739185659596e-01
7.539636795477485665e-01
8.953900212514426249e-01
1.036061768062325417e+00
1.156150240439205223e+00
1.248819976904389506e+00
1.308125413432766670e+00
1.335541765158386740e+00
1.334507028401735740e+00
1.310805834627847055e+00
1.275357160014767732e+00
1.232025770190450009e+00
1.181626460746104890e+00
1.136466400202083671e+00
1.094836723188963301e+00
1.055189496897399160e+00
1.021832349518817518e+00
9.974802729463903006e-01
9.788097117912425427e-01
9.599215936567299101e-01
9.530610982252476493e-01
9.491027532938424160e-01
9.491486488757906459e-01
9.537948314899005187e-01
9.623349860113842302e-01
9.754754275650295847e-01
9.918035259012610849e-01
1.011920095911037487e+00
1.034892920838942576e+00
1.059314138807551764e+00
1.085803638196425114e+00
1.107100976359960631e+00
1.125112906111825239e+00
1.134540573899814442e+00
1.132592693876349088e+00
1.112655533868734059e+00
1.076535114828957918e+00
1.024611714436020282e+00
9.616417839100103171e-01
8.963037605647755646e-01
8.376796052073961496e-01
8.018297912871589217e-01
7.900823104479682835e-01
8.038718466605957458e-01
8.392686652265387570e-01
8.826143601673078765e-01
9.291864549143856733e-01
9.710026944878928923e-01
1.005131722108330905e+00
1.021985533474151220e+00
1.015813471771892518e+00
9.840334634820775417e-01
9.347493570744225266e-01
8.824283936534397244e-01
8.447826915720333396e-01
8.418078233966617141e-01
8.732260314495601250e-01
9.251333385864899395e-01
9.746457308108485984e-01
1.004783630941346928e+00
1.009212256576091926e+00
9.839059095270525912e-01
9.413511683167419264e-01
8.933873049482470297e-01
8.580500910341848364e-01
8.502365172191282960e-01
8.778602931332937231e-01
9.284235153703112031e-01
9.795488094745646857e-01
1.007698298418318927e+00
1.002976417896320527e+00
9.639091448675566332e-01
9.117658033091787795e-01
8.649755555362171888e-01
8.459867055400258629e-01
8.690918527951064787e-01
9.212787057493574405e-01
9.797681545934860958e-01
1.022307994640826445e+00
1.030038717989768760e+00
9.957684273443730971e-01
9.314973272678049865e-01
8.610279394421505028e-01
8.201105380190060190e-01
8.241845159750599281e-01
8.777690980159160716e-01
9.542442505650818863e-01
1.027076962837810914e+00
1.062672860941035857e+00
1.051945811742044823e+00
9.957243199019812918e-01
9.164060254581004594e-01
8.453405911136377959e-01
8.117599262905033086e-01
8.325279751453370514e-01
8.887548314040698560e-01
9.571368643208580940e-01
1.009068013318540347e+00
1.028040770058723741e+00
1.010607005430103067e+00
9.688342772524687341e-01
9.272957953567261269e-01
9.043372755452723233e-01
9.080279955897325728e-01
9.324355044884090615e-01
9.611893846022349086e-01
9.802640652971345014e-01
9.714384044931416717e-01
9.364623947694772355e-01
8.930171600600671500e-01
8.639646606403185158e-01
8.686394534873310702e-01
9.061480648694115736e-01
9.564078994283555790e-01
1.002685547195142135e+00
1.023758175821086969e+00
1.012471438940935053e+00
9.734959570760676195e-01
9.255899102198970052e-01
8.914954532975498669e-01
8.820677855095607756e-01
8.952827328780571525e-01
9.191311501420915686e-01
9.418989350675267547e-01
9.583241889863239882e-01
9.579087445627146868e-01
9.489418207337642075e-01
9.410120178475400721e-01
9.418595959972854148e-01
9.548343366187019843e-01
9.663100202453160925e-01
9.639019923093309350e-01
9.431434801987982341e-01
9.124661579687783908e-01
8.815617420150926309e-01
8.657909471739467788e-01
8.742893784391139178e-01
9.113926781884048589e-01
9.656746346562665728e-01
1.015724064794071291e+00
1.039396052288538597e+00
1.024666550715750635e+00
9.749324291863953329e-01
9.087861667616565775e-01
8.540565793581699205e-01
8.305121458187276762e-01
8.504856646639901152e-01
9.019554736561147257e-01
9.582622001483679375e-01
1.004756808848000560e+00
1.019631149724858910e+00
1.002886414871980492e+00
9.670973976966616981e-01
9.279323730388132629e-01
8.982105133784429318e-01
8.851630550817316534e-01
8.892346488517104408e-01
9.062571413823534705e-01
9.287370358392043057e-01
9.495497881829486619e-01
9.628529504362285385e-01
9.702182972691413276e-01
9.695662223775651789e-01
9.602845859866840916e-01
9.401853013259531266e-01
9.127677575072953298e-01
9.062720425453236750e-01
9.093345295589601029e-01
9.251172453304821186e-01
9.440882139311091992e-01
9.605981064555771942e-01
9.665603597832155280e-01
9.610153390187429201e-01
9.499598681878886897e-01
9.372128173366567339e-01
9.280372772261235026e-01
9.213639404015470102e-01
9.196789168928762859e-01
9.215707685435734486e-01
9.305746472566899241e-01
9.413171936651698601e-01
9.571177908322562322e-01
9.715057577497669961e-01
9.774197313093818673e-01
9.690464698131644461e-01
9.418053557640738704e-01
9.125400677371106051e-01
8.913631309703744510e-01
8.978814957000608166e-01
9.326733270494135253e-01
9.781546566670723530e-01
1.010707141245262841e+00
1.010471702870333610e+00
9.749705761635990564e-01
9.210212136532323068e-01
8.741141407625843129e-01
8.638782338950913298e-01
8.987952350133937562e-01
9.582699487531124438e-01
1.009934664956887440e+00
1.027203324699798248e+00
1.001361727876869168e+00
9.524185600779724314e-01
9.058852083546171663e-01
8.865482671914418633e-01
9.019632222608592320e-01
9.361923856964571300e-01
9.669853409511257603e-01
9.758455724532094644e-01
9.633136943952672615e-01
9.379525110664976850e-01
9.205938482992468419e-01
9.236754088014851316e-01
9.421862294895922973e-01
9.611256076247224334e-01
9.674150904911864579e-01
9.532679263672740877e-01
9.277183923385611264e-01
9.034902934420458998e-01
8.975542661612351258e-01
9.145284789238546930e-01
9.435857467157539036e-01
9.688652716714467594e-01
9.752691954695219545e-01
9.591199110889329082e-01
9.323931851855736808e-01
9.048665648539739870e-01
8.939839475135740177e-01
9.034598950695866826e-01
9.278989944337600049e-01
9.488136707322204488e-01
9.605641318040051280e-01
9.551526254597455523e-01
9.365649147707122424e-01
9.151912826527693889e-01
9.048510676444849743e-01
9.037549380963967316e-01
9.164215226675894721e-01
9.299267446907454326e-01
9.425271680983505762e-01
9.431840113620771904e-01
9.373242780356738635e-01
9.264899404632974678e-01
9.178591868709548018e-01
9.109545839970808467e-01
9.143562214799191290e-01
9.203083420167377238e-01
9.253139406816888179e-01
9.278513107122553505e-01
9.262676151117820167e-01
9.253181130073204752e-01
9.224517252983719384e-01
9.244455009037852999e-01
9.281558904833663304e-01
9.326059737927882010e-01
9.348471087035070681e-01
9.323276200685047810e-01
9.281994018792393275e-01
9.220029022697093790e-01
9.134919540276472683e-01
9.118868007524968400e-01
9.118206395889091320e-01
9.182728431550077897e-01
9.291107570064970345e-01
9.383947775834533545e-01
9.431041411285568943e-01
9.480847058397180449e-01
9.443588190506481128e-01
9.365142508166135471e-01
9.288353835148076554e-01
9.226847794872259367e-01
9.197385215447571039e-01
9.190608166528722034e-01
9.198785924766770261e-01
9.266729267445715790e-01
9.315152086633692319e-01
9.397072720178689664e-01
9.464342530291381950e-01
9.517068805345154647e-01
9.559012598873686262e-01
9.577305266535910411e-01
9.553976005789757142e-01
9.523345175188204781e-01
9.472722944345824958e-01
9.395230936435572389e-01
9.320963540192072072e-01
9.235097078692564576e-01
9.162689347587745781e-01
9.131945268147619865e-01
9.168000122070326663e-01
9.214599038910751272e-01
9.303529179516932812e-01
9.427059820539930302e-01
9.510929526201430395e-01
9.595472764429183732e-01
9.616411878634915089e-01
9.575451561862416971e-01
9.506453216845180965e-01
9.420878818139889477e-01
9.298075353869837967e-01
9.216059352881831312e-01
9.142852919441809556e-01
9.095699679338893340e-01
9.115774526092353947e-01
9.136534826342442850e-01
9.190757178158424079e-01
9.253252655655461734e-01
9.322298684394202395e-01
9.339297931110612794e-01
9.366918726792183847e-01
9.364027901175964175e-01
9.353322905698169265e-01
9.337026993873953629e-01
9.303308642304973786e-01
9.293831502655923726e-01
9.306878960952634783e-01
9.289140616552903351e-01
9.306312716759767012e-01
9.303129828349331332e-01
9.293396388697193755e-01
9.276856097800266765e-01
9.255708367312951435e-01
9.147168296237980778e-01
9.207982922551980476e-01
9.194762610764815047e-01
9.188784264181169004e-01
9.191353224677232259e-01
9.181810519911113300e-01
9.191990994452357011e-01
9.223372843667607679e-01
9.219957497114836809e-01
9.241522460165316755e-01
9.239644913631070988e-01
9.224052336699049004e-01
9.233392385648773182e-01
9.214563276119622781e-01
9.211267138870613547e-01
9.225828555325097380e-01
9.221244957595462477e-01
9.238375334546009565e-01
9.277470025714639190e-01
9.284706030452970493e-01
9.316910423864176449e-01
9.360362215085293869e-01
9.371323510566176296e-01
9.387953208440924513e-01
9.416223694827997592e-01
9.420694043719058941e-01
9.418035676245174459e-01
9.410018850567203330e-01
9.404141831891754677e-01
9.392101692211829445e-01
9.371466561730690259e-01
9.368975087282072067e-01
9.369517489614187511e-01
9.366698189580224820e-01
9.387857840997915204e-01
9.388114141001002722e-01
9.383333847920161119e-01
9.404272962125892477e-01
9.386469052609092145e-01
9.403623271420391561e-01
9.404630590037177384e-01
9.385735915390958084e-01
9.380001947880023394e-01
9.389479087529073453e-01
9.381247685104332490e-01
9.368551894253718260e-01
9.358258170873900994e-01
9.325934568158932292e-01
9.324182191393636243e-01
9.308816112138761367e-01
9.292448674732288749e-01
9.258658797581053035e-01
9.257275969657416947e-01
9.225196746015160709e-01
9.212578441211991542e-01
9.217698480808553807e-01
9.198511743368118498e-01
9.191299580490539523e-01
9.188128613010480006e-01
9.184826515296282690e-01
9.166891475545343448e-01
9.185690782748554550e-01
9.190757178158424079e-01
9.180791280363951312e-01
9.205318594612907912e-01
9.195293092166554327e-01
9.219432976178285610e-01
9.228361753030032144e-01
9.237880615935398776e-01
9.226120618119313388e-01
9.228963760014028406e-01
9.234179167053599979e-01
9.258456141764658254e-01
9.246690183483383674e-01
9.271861227972654218e-01
9.281248960643883050e-01
9.275538834993700688e-01
9.293855344516676054e-01
9.328616777493569101e-01
9.335572640368060560e-01
9.365804119802012551e-01
9.394968675967296790e-01
9.446711474265035990e-01
9.476686653695899354e-01
9.506125391259836466e-01
9.546126073137053414e-01
9.576750943273418804e-01
9.607149315732635975e-01
9.637654976565238618e-01
9.668011625768140327e-01
9.683467112000836430e-01
9.703226054099327591e-01
9.696979486582217866e-01
9.704894984351990495e-01
9.705854619247271664e-01
9.719510044993167064e-01
9.713114465846355294e-01
9.702105486643968213e-01
9.685600958538169714e-01
9.650267320903220813e-01
9.627015546204512608e-01
9.635544971888657662e-01
9.579707334006707375e-01
