1.285751615256263580e+00
1.286013875724539179e+00
1.282903108942879289e+00
1.283612404300261023e+00
1.280952844733338924e+00
1.280719194497966118e+00
1.278204474235114407e+00
1.276760849566560996e+00
1.277683529577676058e+00
1.272673758587093085e+00
1.271763595552872994e+00
1.270415338327328891e+00
1.266704948747747972e+00
1.265934856645447804e+00
1.248858123881593229e+00
1.260365994020222979e+00
1.257803590035866392e+00
1.252899915325631497e+00
1.250754147857922050e+00
1.251577884146914954e+00
1.244083791265939709e+00
1.243065743811815338e+00
1.238852887016878901e+00
1.236031798843359786e+00
1.235050110226882714e+00
1.227844503861010628e+00
1.227961925025215839e+00
1.226560023612978778e+00
1.220489885865436275e+00
1.220202591443370732e+00
1.217407729316679177e+00
1.215489055572635646e+00
1.212418223907735904e+00
1.211317922034016004e+00
1.210954333657543014e+00
1.238353400034117646e+00
1.207509184778831512e+00
1.207892442690425172e+00
1.209557796663975227e+00
1.208321596183967062e+00
1.210510279001030698e+00
1.212482000885248379e+00
1.211418057849175778e+00
1.212497498094737391e+00
1.213350440663151897e+00
1.214373256489426733e+00
1.220175173303505556e+00
1.217067386754439706e+00
1.217429186991356271e+00
1.218265440257244148e+00
1.214439417653014441e+00
1.210028673413833689e+00
1.201657796103691611e+00
1.194508218110587272e+00
1.191492818771936690e+00
1.180827758410901929e+00
1.175360819740393081e+00
1.165457506830395173e+00
1.140719192113780034e+00
1.108889711962903979e+00
1.072930225483206046e+00
1.031497839867811184e+00
9.856529218736793663e-01
9.317518391313360793e-01
8.784950826758244347e-01
8.227569845625143374e-01
7.601166677614054068e-01
6.922359099669349591e-01
6.249875575289198792e-01
5.513090552460021554e-01
4.868293388878511263e-01
4.179251692205869229e-01
3.578621575668046173e-01
3.075838455657775028e-01
2.673870643838720529e-01
2.488291560207791242e-01
2.527648511844696189e-01
2.883208141709344696e-01
3.522581281969699996e-01
4.411042262439997530e-01
5.628914311994828168e-01
7.092393290089761271e-01
8.722628202751661064e-01
1.048266416581441929e+00
1.226166036864046571e+00
1.403969693657123319e+00
1.567951627725556740e+00
1.706498468696888482e+00
1.812547661369760199e+00
1.876725778189394234e+00
1.877598390292929409e+00
1.813526965800162039e+00
1.683407626558259373e+00
1.489341436546020025e+00
1.242582350085061904e+00
9.553993887185321388e-01
6.536985222933915374e-01
3.641438918285240800e-01
1.189971112009419463e-01
0.000000000000000000e+00
0.000000000000000000e+00
0.000000000000000000e+00
1.214510347188752504e-01
3.861672146519678495e-01
7.167155404943872377e-01
1.077264675767979130e+00
1.431985668180664639e+00
1.735493151604312834e+00
1.943029992941617046e+00
2.028753403276610801e+00
1.970942851417404551e+00
1.766663404305387042e+00
1.449812823511698712e+00
1.056760079474458713e+00
6.451041275386962814e-01
2.896511900009143270e-01
4.707158172983905153e-02
0.000000000000000000e+00
7.351101321113266696e-02
3.215265657337386118e-01
6.750143378990098864e-01
1.069530972186442774e+00
1.423673203429365541e+00
1.686750255435735646e+00
1.800060486800728610e+00
1.746369212433005913e+00
1.532057706362927707e+00
1.192686103902590666e+00
8.104557765073510112e-01
4.685861430866888888e-01
2.534622256114751893e-01
2.136773125740662194e-01
3.475451883727536662e-01
6.316096343528788681e-01
9.789611076070198203e-01
1.299227034953479132e+00
1.515816034771923393e+00
1.582315156735796480e+00
1.485907016504647293e+00
1.252277642759995757e+00
9.362412615109994007e-01
6.414277126106873173e-01
4.411501218259479828e-01
3.917301168120046473e-01
5.177695176326653215e-01
7.785356972856161129e-01
1.073537596885871581e+00
1.314292706762874907e+00
1.417741348474186536e+00
1.363190575026342222e+00
1.176883718595947981e+00
9.206373596951198390e-01
7.012999893784510608e-01
5.763227434543065630e-01
5.829120377197311020e-01
7.255614668800195455e-01
9.491367279454144823e-01
1.166256805212116943e+00
1.290580188105128867e+00
1.270266326697626846e+00
1.118441953473324091e+00
8.994675754866093831e-01
7.034642342882435617e-01
6.202072644480781660e-01
6.794924353948158524e-01
8.454645687895498973e-01
1.061071283944998278e+00
1.233531383696959471e+00
1.286990199922346978e+00
1.188447617107345700e+00
9.669936856023890748e-01
7.364613695694648410e-01
6.094420682718835192e-01
6.439424328735390279e-01
8.159268875034912938e-01
1.033807520128192881e+00
1.218664195378326820e+00
1.287169013877989432e+00
1.189019225718882744e+00
9.641898827779152858e-01
7.277435931853762918e-01
6.179685137234346426e-01
6.921149125236168986e-01
8.813871003850818342e-01
1.094032060388572258e+00
1.226613071753152928e+00
1.196705841625433253e+00
1.031737450568372072e+00
8.164549847191554521e-01
6.862134559408969992e-01
7.228476670798859027e-01
8.910573591062258547e-01
1.098672878584012746e+00
1.222182657978851505e+00
1.172846099477541371e+00
9.586973141070979088e-01
7.185883186564825387e-01
6.271947177880665691e-01
7.474530634228067072e-01
9.892566191263937325e-01
1.223010566593476067e+00
1.317763485641894938e+00
1.191430829933980640e+00
8.930040470366533700e-01
5.987287281428251839e-01
5.168349166911740955e-01
7.182855270249279833e-01
1.061024792316531240e+00
1.335727135625736084e+00
1.376871630772546595e+00
1.163308163083572655e+00
8.228046682840189918e-01
5.564326711216772692e-01
5.435938291065489647e-01
7.823283412847925611e-01
1.110499037563686064e+00
1.310954250211030292e+00
1.263214500333607271e+00
1.021279218349363527e+00
7.622999861597998805e-01
6.554044074302205480e-01
7.565099902760971107e-01
9.554583973238941486e-01
1.098312866486652606e+00
1.109049452429944571e+00
9.991980790135954749e-01
8.833892206417585102e-01
8.540583674977263451e-01
9.194226168897887685e-01
1.003391266273411020e+00
1.011265040786867297e+00
9.449757271976145789e-01
8.674503406823087515e-01
8.476300057923800146e-01
9.069813379027054090e-01
1.009895921933164908e+00
1.067947872632488249e+00
1.026569727250305153e+00
9.314389147089617849e-01
8.695788228009727616e-01
8.553982800720071333e-01
8.732898084270726002e-01
9.238232283381495602e-01
9.884006963253851863e-01
1.027841690521441809e+00
1.034512643159942957e+00
1.012547732895342500e+00
9.549183791778539376e-01
8.604307008303047066e-01
7.997799873089774803e-01
8.361656470496233728e-01
9.687550030654672462e-01
1.097793113922251873e+00
1.123917832841614839e+00
1.024956229323891410e+00
8.826191285394583419e-01
7.777429554156012337e-01
7.901335704485857869e-01
9.163011212707902198e-01
1.052016741277782996e+00
1.096171867391093624e+00
1.031306508935273758e+00
9.195805692172729362e-01
8.389408396411942581e-01
8.345175784251187556e-01
9.037418250729829516e-01
9.927929631224826634e-01
1.026088717709626952e+00
9.852547627991155021e-01
9.282864246709853218e-01
9.022105815661646266e-01
9.299046909695495300e-01
9.704799616908981186e-01
9.813441015892150343e-01
9.364105387223409238e-01
8.938003651857810983e-01
9.040452127510563152e-01
9.676678142151611262e-01
1.017449023419502163e+00
9.996415376235887607e-01
9.283734474627313160e-01
8.742577879736170843e-01
8.911986221311833933e-01
9.549374526664557994e-01
9.933413259197861889e-01
9.815646388011740608e-01
9.418727090206991948e-01
9.278560790844058159e-01
9.475113090886245759e-01
9.523249807745195472e-01
9.262306602276159095e-01
8.991612075759419787e-01
9.174634119824661704e-01
9.870667442162923688e-01
1.028863314254679029e+00
1.000681638798909034e+00
9.274531516376914864e-01
8.730984774945351745e-01
8.929414621521785111e-01
9.663946588509868540e-01
1.018229248312622071e+00
1.013093115460051985e+00
9.632415727664914717e-01
9.217954780811641324e-01
9.065575488278327931e-01
9.048021918299427035e-01
9.253860623104646077e-01
9.620894148456352601e-01
9.925688496314107878e-01
9.937537901108014493e-01
9.481425223520424383e-01
8.957345361393137528e-01
8.807183361909790564e-01
9.270776423308423331e-01
9.925515642823653506e-01
1.010002614260031573e+00
9.768969985123870936e-01
9.337670724114266463e-01
9.050006753207058274e-01
9.108866346939367142e-01
9.314228214529539640e-01
9.485043225889590035e-01
9.689254723698463856e-01
9.783209536458198352e-01
9.638239102153670634e-01
9.130937949530834041e-01
8.611507250250249879e-01
8.705319011845470412e-01
9.418601920438042230e-01
1.009435774020644994e+00
1.010179044029598794e+00
9.371544047778135322e-01
8.653784829829315184e-01
8.661229450849229350e-01
9.319735684363327222e-01
1.001703262532146255e+00
1.013786913607944706e+00
9.820015408994604567e-01
9.421307971633431366e-01
9.155757326574006649e-01
9.197587871263965820e-01
9.402276206287885074e-01
9.682644567804881142e-01
9.981597659778316256e-01
1.002776146266000978e+00
9.749425619772150720e-01
9.210516120256915240e-01
8.825887301669991247e-01
9.021879317984499158e-01
9.633244232326058087e-01
1.012532831732372296e+00
1.004912973035928303e+00
9.392048048025136708e-01
8.782608363939328200e-01
8.773661705692017421e-01
9.222192671560367483e-01
9.806902385580824610e-01
9.985311029590491216e-01
9.726376500889837295e-01
9.313298381960198880e-01
9.030343178551576422e-01
9.130324021616461616e-01
9.466482337293903315e-01
9.685821495750128740e-01
9.765721531596366356e-01
9.612203790212129340e-01
9.376312419928600761e-01
9.184057615287020138e-01
9.118897809850908809e-01
9.287835274676713437e-01
9.623892262445957746e-01
9.882367835327128258e-01
9.905047405367780611e-01
9.646041351084869708e-01
9.299940979473707570e-01
9.139300482189712804e-01
9.243590741585581139e-01
9.657199341916959945e-01
9.975309369004889959e-01
9.984840152840632754e-01
9.665114839686732573e-01
9.177316329159298514e-01
8.959270591648887949e-01
9.154887098656546707e-01
9.549922889461861519e-01
9.839082937131278239e-01
9.783555243439107096e-01
9.427059820539930302e-01
9.069312699951255219e-01
8.877880439505629884e-01
9.054578430006317014e-01
9.419948985570548716e-01
9.672863444431238911e-01
9.735507933557979721e-01
9.558893389569924626e-01
9.358848256927521092e-01
9.257782609198403900e-01
9.236605076385149271e-01
9.371472522195878341e-01
9.556759543032591342e-01
9.682376346871417461e-01
9.695978128430620124e-01
9.578610608412100325e-01
9.427059820539930302e-01
9.322894730913010575e-01
9.229595569323965076e-01
9.284717951383346657e-01
9.449709588254641135e-01
9.621227934506885182e-01
9.742988317369022377e-01
9.651191193007373492e-01
9.512973965760942452e-01
9.383566306062496309e-01
9.326846519332708807e-01
9.448994332432071319e-01
9.608609629703716015e-01
9.762830705980146684e-01
9.797824597099374921e-01
9.609801722741332375e-01
9.440321855583412303e-01
9.263653667408665582e-01
9.230465797241425019e-01
9.341062228806285006e-01
9.414167334338109372e-01
9.491957365507764921e-01
9.479792056058889971e-01
9.461189444206886678e-01
9.411485125003471452e-01
9.357322377839372152e-01
9.373457357103509580e-01
9.448165827770927949e-01
9.474523004832625661e-01
9.494937598101806930e-01
9.465725358215016927e-01
9.451777869674905519e-01
9.470159944314949785e-01
9.487814842202048071e-01
9.490908323634662525e-01
9.456838304619586966e-01
9.407133985416171740e-01
9.358776731345264110e-01
9.293473874744638819e-01
9.333271900805460985e-01
9.439415864874823869e-01
9.520674886783944135e-01
9.620405390310929894e-01
9.638674216112400606e-01
9.597535085384260034e-01
9.511740149467009520e-01
9.374875947818273048e-01
9.347273033532266240e-01
9.382147715347732841e-01
9.449566537090127172e-01
9.531463328774372190e-01
9.576321789779876914e-01
9.575499245583921626e-01
9.493739544599002489e-01
9.305025256279141344e-01
9.153939384691641701e-01
9.077305683768472910e-01
9.059084541688506853e-01
9.197778606149984437e-01
9.386331961909766264e-01
9.577597329330126419e-01
9.744448631340102418e-01
9.759212703610981032e-01
9.696431123784914341e-01
9.540034477714833816e-01
9.377003833890418250e-01
9.267241867451890824e-01
9.163517852248889151e-01
9.225637820439078762e-01
9.378213808323598855e-01
9.525103512418688911e-01
9.710426296046530403e-01
9.792877410993267029e-01
9.828145483511148139e-01
9.779216024782183547e-01
9.611363364620609806e-01
9.481413302590048220e-01
9.330893675195416348e-01
9.277791890834795607e-01
9.339762847395283174e-01
9.415013720394816987e-01
9.575332352558655336e-01
9.746439426712921739e-01
9.858400804805851347e-01
9.884519563260026898e-01
9.841395597624253977e-01
9.707517589034746486e-01
9.535361473007377686e-01
9.304405367899580837e-01
9.111822737672655714e-01
8.984775422188689964e-01
8.953173035761480270e-01
9.051836616019799386e-01
9.155882496342956367e-01
9.365178270957263962e-01
9.571428247860461758e-01
9.723592963647003096e-01
9.800322032013181195e-01
9.798164343615095584e-01
9.749926298847949591e-01
9.616358234448222353e-01
9.424151113528146384e-01
9.249420076539525137e-01
9.066934474341210581e-01
8.953500861346824768e-01
8.946813219405796991e-01
8.954651231128124556e-01
9.080977330324331298e-01
9.262664230187444003e-01
