9.473253425747564238e-01
9.462405379105255365e-01
9.454090530167881257e-01
9.442259006769538887e-01
9.433139495031773736e-01
9.409953285450134430e-01
9.396458792264317239e-01
9.420139720456567334e-01
9.380258247883110911e-01
9.391452001506328529e-01
9.388322757282585584e-01
9.360767526718083431e-01
9.347636621908739230e-01
9.323359647197680955e-01
9.326101461184198582e-01
9.347588938187234575e-01
9.318239607601118690e-01
9.294254695684277534e-01
9.295935546867316601e-01
9.293134128228918156e-01
9.309555209822083510e-01
9.289855872375473167e-01
9.290189658426005748e-01
9.301979458568031545e-01
9.276957425708464156e-01
9.272582444260412116e-01
9.255005032420757782e-01
9.281576786229227549e-01
9.283275518807830862e-01
9.276254090816270503e-01
9.289450560742683605e-01
9.285534535114113863e-01
9.280766162963648425e-01
9.322721877422556203e-01
9.281982097862017111e-01
9.291119490995346508e-01
9.317572035500053529e-01
9.299660837609867725e-01
9.314091123830213759e-01
9.301443016701104183e-01
9.320522465768154019e-01
9.348494928895823008e-01
9.348262470753487818e-01
9.356112403406191547e-01
9.339142959015722667e-01
9.353948754542917854e-01
9.412003685474834569e-01
9.371603652430016140e-01
9.394366668983300528e-01
9.404320645847397131e-01
9.392137455002957935e-01
9.430344036858563372e-01
9.417523076238999424e-01
9.439535074178585505e-01
9.487868486388740807e-01
9.464545186107776731e-01
9.482152400273370363e-01
9.505106151712674478e-01
9.490145384090588054e-01
9.510929526201430395e-01
9.524668398459958940e-01
9.511316956438655712e-01
9.547693675481518927e-01
9.504760444731765734e-01
9.531975928780547225e-01
9.536803905582893481e-01
9.513558091349374468e-01
9.517092647205906975e-01
9.483499465405876849e-01
9.509832800606823344e-01
9.511460007603169675e-01
9.485156474728163589e-01
9.481431183985612465e-01
9.460480148849504944e-01
9.456522399964618630e-01
9.446347885888563001e-01
9.431351355475349196e-01
9.446633988217590927e-01
9.451831513861598255e-01
9.429938725225773810e-01
9.421975543734496528e-01
9.459550316280164184e-01
9.431404999662041932e-01
9.433324269452604272e-01
9.425283601913881926e-01
9.433973960158105188e-01
9.443331890503393611e-01
9.410364557548112074e-01
9.430326155462999127e-01
9.428925446143799904e-01
9.431625536874000959e-01
9.454829627851203400e-01
9.410972524997296418e-01
9.424645832138757173e-01
9.464944537275378211e-01
9.437943629973367665e-01
9.426356485647736649e-01
9.417564799495315997e-01
9.438068799742317383e-01
9.464276965174313050e-01
9.423274925145498360e-01
9.437377385780499894e-01
9.413636852936368982e-01
9.418744971602556193e-01
9.462566311665333574e-01
9.420258929760328970e-01
9.433032206658388263e-01
9.455652172047158688e-01
9.420097997200250761e-01
9.414805104113234124e-01
9.418893983232258238e-01
9.409130741254179142e-01
9.461666281421933222e-01
9.398085999260663570e-01
9.427864483340321344e-01
9.439362220688131133e-01
9.426183632157282277e-01
9.427971771713706817e-01
9.404761720271315184e-01
9.410519529643002201e-01
9.444637232379583525e-01
9.414244820385554435e-01
9.413791825031259108e-01
9.429920843830209565e-01
9.375889226900246953e-01
9.396822380640790229e-01
9.375871345504682708e-01
9.407151866811735985e-01
9.417725732055394205e-01
9.398628401592779014e-01
9.405846524935546071e-01
9.401841092329155103e-01
9.406317401685404533e-01
9.462977583763311218e-01
9.410215545918410029e-01
9.451259309203542402e-01
9.458441669755180969e-01
9.460372860476119472e-01
9.475631651357608876e-01
9.461922581425020740e-01
9.462208683754048666e-01
9.511018933179251622e-01
9.470481809435106202e-01
9.459168846508126949e-01
9.473241504817188074e-01
9.451134139434592685e-01
9.439982109067691640e-01
9.410078455219084148e-01
9.420473506507099914e-01
9.416819741346805772e-01
9.391976522442879727e-01
9.399450945788734302e-01
9.399486708579862793e-01
9.398479389963076969e-01
9.405405450511628018e-01
9.379274771127077415e-01
9.412748743623344794e-01
9.434003762484045597e-01
9.417862822754720087e-01
9.436536960188980361e-01
9.417850901824343923e-01
9.427369764729710555e-01
9.448058539397542477e-01
9.411610294772421170e-01
9.416021039011602811e-01
9.428478411254693770e-01
9.396333622495367521e-01
9.382427857211572686e-01
9.367848559361524607e-01
9.367508812845803945e-01
9.388143943326943131e-01
9.364641829090336600e-01
9.365333243052154089e-01
9.396989273666056519e-01
9.383876250252276563e-01
9.393663334091106876e-01
9.408028055194384009e-01
9.443170957943315402e-01
9.465707476819452681e-01
9.459389383720085975e-01
9.478695330464282920e-01
9.496993958591695151e-01
9.520782175157329608e-01
9.548802322006502141e-01
9.538025800946450250e-01
9.535951559060997784e-01
9.562654443103604240e-01
9.540499393999504196e-01
9.547568505712569209e-01
9.531731549707835871e-01
9.522463026340368675e-01
9.553666061599976889e-01
9.530527535739843348e-01
9.514750184386990828e-01
9.486974416610528538e-01
9.491039453868800324e-01
9.531683865986331217e-01
9.468693669878681662e-01
9.480805335140863876e-01
9.502000749349683861e-01
9.474564728088942234e-01
9.486938653819400047e-01
9.465433295420800919e-01
9.485102830541470853e-01
9.505439937763207059e-01
9.455246860414369126e-01
9.471828874567612688e-01
9.483010707260454142e-01
9.470577176878115511e-01
9.450210267330440006e-01
9.445227318433203623e-01
9.444726639357404752e-01
9.467739995448588575e-01
9.437490634619073449e-01
9.436781339261691715e-01
9.407467771466704320e-01
9.397907185305021116e-01
9.440464906747926266e-01
9.380347654860932138e-01
9.372646733837930455e-01
9.392828868964775424e-01
9.360892696487033149e-01
9.368718787278984550e-01
9.340096633445815755e-01
9.371025487306772206e-01
9.374291822229841031e-01
9.321142354147714526e-01
9.325892844902615719e-01
9.343106668365797063e-01
9.323139109985721928e-01
9.319044270401509733e-01
9.290136014239313011e-01
9.292752658456880921e-01
9.317548193639301202e-01
9.278149518746080515e-01
9.274090441952996811e-01
9.265870960458632011e-01
9.264619262769134833e-01
9.312237419156720319e-01
9.255374581262418854e-01
9.274811658240754708e-01
9.262550981348870449e-01
9.269667776783440116e-01
9.300256884128675905e-01
9.271867188437842300e-01
9.306461728389469057e-01
9.337801854348404262e-01
9.308500207483793032e-01
9.326375642582850345e-01
9.329075733313051400e-01
9.349895638215022231e-01
9.387386964248056742e-01
9.373737498967349424e-01
9.395874666675885223e-01
9.443474941667907574e-01
9.434468678768715977e-01
9.448523455682212857e-01
9.429598978710053148e-01
9.445167713781322805e-01
9.513254107624782296e-01
9.469897683846674186e-01
9.475965437408141456e-01
9.477389988588093006e-01
9.498263537676756574e-01
9.525061789162372339e-01
9.486569104977738975e-01
9.501941144697803043e-01
9.526677075228342506e-01
9.503008067966469685e-01
9.522248449593597730e-01
9.499413907458056361e-01
9.521115961207862188e-01
9.532667342742364713e-01
9.513647498327195695e-01
9.510661305267966714e-01
9.532649461346800468e-01
9.508610905243266576e-01
9.525002184510491521e-01
9.518827142575638778e-01
9.520841779809210426e-01
9.550733512727440644e-01
9.497631728366819903e-01
9.513409079719672423e-01
9.552313036002282320e-01
9.531195107840908509e-01
9.527392331050912322e-01
9.512175263425739491e-01
9.531099740397899200e-01
9.559340424459030761e-01
9.515131654159028063e-01
9.526921454301053860e-01
9.555537647669034573e-01
9.546149914997805741e-01
9.549249356895608276e-01
9.527475777563545467e-01
9.550900405752706934e-01
9.560145087259421803e-01
9.542233889369236000e-01
9.541411345173280711e-01
9.541721289363060965e-01
9.558064884908781256e-01
9.601075601705980622e-01
9.528888407813120853e-01
9.548653310376800096e-01
9.569139429228237237e-01
9.552098459255511376e-01
9.549630826667645511e-01
9.550542777841422026e-01
9.566683717570747536e-01
9.587092350374740723e-01
9.544254487067995729e-01
9.553064054615980627e-01
9.590048741108029295e-01
9.548700994098304751e-01
9.557200617456509395e-01
9.565765805931782939e-01
9.570087143193142243e-01
9.585334013144256593e-01
9.554721063938267367e-01
9.560353703541004666e-01
9.573049494391620007e-01
9.575618454887683262e-01
9.560228533772054949e-01
9.570194431566527715e-01
9.561343140762226245e-01
9.586937378279850597e-01
9.556825108149660242e-01
9.554381317422546704e-01
9.545869773133965897e-01
9.556020445349269199e-01
9.594709824885109262e-01
9.548593705724919278e-01
9.555078691849552275e-01
9.593541573708245229e-01
9.565080352435153532e-01
9.549720233645466738e-01
9.541417305638468793e-01
9.547777121994152072e-01
9.581817338683288332e-01
9.536142293947016402e-01
9.558857626778796135e-01
9.563989587305734563e-01
9.541161005635381276e-01
9.549708312715090575e-01
9.525079670557936584e-01
9.539748375385805890e-01
9.550429529002848472e-01
9.519774856540543784e-01
9.520662965853567972e-01
9.557069487222371595e-01
9.531046096211206464e-01
9.515286626253918190e-01
9.513522328558245977e-01
9.506423414519240556e-01
9.525890293823515709e-01
9.493018328311244591e-01
9.505284965668316932e-01
9.489293037568692357e-01
9.489448009663582484e-01
9.504033267978819755e-01
9.469611581517646259e-01
9.485102830541470853e-01
9.508092344771903459e-01
9.462697441899471373e-01
9.473557409472156410e-01
9.450842076640376677e-01
9.461541111652983504e-01
9.481365618868543566e-01
9.428907564748235659e-01
9.435559443898134946e-01
9.440512590469430920e-01
9.437675409039903984e-01
9.415144850628954787e-01
9.405411410976816100e-01
9.405912090052614971e-01
9.429289034520272894e-01
9.389294313108242918e-01
9.391070531734291293e-01
9.405643869119151290e-01
9.392626213148380643e-01
9.384019301416790526e-01
9.363443775587532159e-01
9.373433515242757252e-01
9.380997345566433054e-01
9.352703017318608758e-01
9.341461579973886487e-01
9.383637831644753291e-01
9.334988514779628543e-01
9.342886131153838036e-01
9.315849461060697889e-01
9.322471537884656767e-01
9.327692905389416422e-01
9.288836632828311179e-01
9.285534535114113863e-01
9.305198109769595716e-01
9.275914344300549841e-01
9.270847948890680312e-01
9.251953274244459902e-01
9.268708141888158947e-01
9.287692223512199474e-01
9.243900685775361392e-01
9.250624090507517661e-01
9.227437880925879465e-01
9.247041850929480500e-01
9.255100399863767091e-01
9.226651099521052668e-01
9.234793094967972404e-01
9.262115867390140478e-01
9.212828780749890978e-01
9.210069085367809105e-01
9.215660001714229832e-01
9.199805164313932249e-01
9.227801469302352455e-01
9.199739599196863349e-01
9.219313766874523974e-01
9.231759218187238769e-01
9.210092927228561432e-01
9.221686032019380530e-01
9.211183692357980402e-01
9.212858583075831387e-01
9.240413813640333540e-01
9.233082441458992928e-01
9.215439464502270805e-01
9.215516950549715869e-01
9.226049092537056406e-01
9.259457499916255996e-01
9.232450632149056258e-01
9.248484283504996295e-01
9.303994095801603192e-01
9.266037853483898301e-01
9.292842065434702148e-01
9.297652160841484159e-01
9.305001414418389016e-01
9.343297403251815680e-01
9.328491607724619383e-01
9.364254398853111283e-01
9.392751382917330361e-01
9.388400243330030648e-01
9.406615424944808623e-01
9.430010250808030792e-01
9.454138213889385911e-01
9.483886895643102166e-01
9.471095737349478627e-01
9.511150063413389422e-01
9.492040812020398066e-01
9.509522856417043091e-01
9.540827219584848695e-01
9.523070993789553018e-01
9.536482040462737064e-01
9.567434736184445843e-01
9.519375505372942303e-01
9.529728833404640387e-01
9.527124110117448641e-01
9.532542172973414996e-01
9.548319524326267516e-01
9.512377919242134272e-01
9.525520744981854637e-01
9.505487621484711713e-01
9.517450275117191882e-01
9.545386975453731271e-01
9.503210723782864466e-01
9.517795982098100627e-01
9.545059149868386772e-01
9.513999165773292521e-01
9.544331973115440793e-01
9.558184094212542892e-01
9.549523538294260039e-01
9.585262487561999611e-01
9.566570468732173982e-01
9.585912178267500527e-01
9.589863966687198760e-01
9.571189829252938486e-01
9.585441301517642065e-01
9.553970045324569060e-01
9.559388108180535415e-01
9.574903199065113446e-01
9.562451787287209459e-01
9.549839442949228374e-01
9.549195712708915540e-01
9.545637314991630706e-01
9.573895880448327622e-01
9.545005505681694036e-01
9.563107438457898457e-01
9.604198885464535485e-01
9.600437831930855870e-01
9.614498569309540832e-01
9.620345785659049076e-01
9.640039162640471337e-01
9.682257137567655825e-01
9.683467112000836430e-01
9.684116802706337346e-01
9.684176407358218164e-01
9.657306630290345417e-01
9.648324209251905037e-01
9.636981443998985375e-01
9.632165388127015282e-01
9.641427951029294396e-01
9.605665159900803607e-01
9.591026257398874710e-01
9.579743096797835866e-01
9.588832806209660609e-01
9.610969973918196407e-01
9.589762638779001369e-01
9.599674892386781400e-01
9.614897920477142312e-01
9.604645920353641619e-01
9.623677685699186801e-01
9.597934436551861515e-01
9.629912332285920362e-01
9.633524374189897932e-01
9.600610685421310242e-01
9.604681683144770110e-01
