9.728563991613864426e-01
9.935773603412342281e-01
8.650202590251278023e-01
8.593071531423512877e-01
9.857101423394849515e-01
1.002326727190819611e+00
8.689577423283746382e-01
8.505583823392847131e-01
9.749330252329141411e-01
9.860385639713482586e-01
8.819044687634073343e-01
8.930046430831721782e-01
9.644640641765670486e-01
9.345806759095998117e-01
9.161485333619753257e-01
9.578235099105251171e-01
9.030659083206544757e-01
8.899767267676266247e-01
1.013736845700364819e+00
9.504647195893192180e-01
7.982606647325354299e-01
9.869135602609586666e-01
1.065113671435555354e+00
7.941002600312543347e-01
8.940703742588012037e-01
1.098718178119442168e+00
8.534205977226015927e-01
8.601195645474868368e-01
1.074973472949680486e+00
8.530218426015189204e-01
8.825821736552922347e-01
1.108167899628627273e+00
7.992000340461771213e-01
8.626819685318432018e-01
1.172595759939641935e+00
8.001519203367137845e-01
7.972181793711399234e-01
1.190057538754646593e+00
8.741415589024494892e-01
7.560850091081868785e-01
1.119985117910518468e+00
9.516586007664920022e-01
7.898742902129042287e-01
1.009163976808068464e+00
1.003547430461338763e+00
8.551384037898067669e-01
9.077603707027877000e-01
1.038065080412039709e+00
9.119022979619858527e-01
8.247912913312067662e-01
1.066923864713175796e+00
9.475119051351433841e-01
7.769573661038119416e-01
1.072318085708390045e+00
9.776599380564615638e-01
7.717878546461885980e-01
1.056549079006800618e+00
9.485907493341861896e-01
8.520341935198537664e-01
1.020929339042823125e+00
8.617032601479601706e-01
9.305043137674705589e-01
1.095228921798339083e+00
7.516265811475015823e-01
8.832503418028762043e-01
1.191709183658264060e+00
8.197701954567665483e-01
7.638294415270616700e-01
1.115409268785627850e+00
9.574778029296163728e-01
8.282149825352409511e-01
9.685445986443279587e-01
9.322698035561803875e-01
9.236152081030855054e-01
1.005663395603107801e+00
8.540512149395006469e-01
8.977920887222395896e-01
1.057999856233579727e+00
8.840037446026497436e-01
8.197028422001412240e-01
1.066845782619211924e+00
9.884430156282205671e-01
7.521511020840527806e-01
9.267039211635496043e-01
1.183940909378637052e+00
8.566404410172034911e-01
6.738836376528307692e-01
9.993399380850718217e-01
1.269206555987185903e+00
8.806784010742189084e-01
5.804873204812193155e-01
8.651567536779348755e-01
1.287655983883855715e+00
1.140644090252410203e+00
6.768996330380002702e-01
6.350976985809443365e-01
9.817243792682146530e-01
1.235433964184995181e+00
1.091366540356462078e+00
7.797480559048719506e-01
7.372189446948700375e-01
8.828825811007715574e-01
1.009966851468903082e+00
1.051153069872029944e+00
9.627391055511361762e-01
8.894104825747588539e-01
8.906603921246996070e-01
9.030802134371058720e-01
9.393436836413959767e-01
1.009969831701497123e+00
1.064049132352963944e+00
1.053470498737156147e+00
9.263862283690248445e-01
7.467407878328309323e-01
6.601900649297315349e-01
7.324386516140284353e-01
9.218705799425339631e-01
1.130070225008752871e+00
1.219450380736634809e+00
1.150434154323834779e+00
9.786881183014056740e-01
8.240313320197262259e-01
7.606775475356039040e-01
8.268792422865918201e-01
9.803010201813006086e-01
1.115005149245875904e+00
1.140155928153506304e+00
1.036971931096545507e+00
8.590937684886179593e-01
6.862390859412057509e-01
5.864704354370159356e-01
5.848730307666100137e-01
6.781465623553469824e-01
8.385832117299093502e-01
1.024579527924004640e+00
1.196658157903928599e+00
1.317846932154528083e+00
1.376134321228780877e+00
1.378413603116703356e+00
1.336666504939377997e+00
1.271805914855708375e+00
1.190973066207535958e+00
1.111338867108686790e+00
1.035279158983130277e+00
9.690464698131644461e-01
9.156907696355306436e-01
8.756441921763649106e-01
8.469850834590295641e-01
8.321065702565396682e-01
8.304477727946963928e-01
8.367277189168594864e-01
8.513535083953748250e-01
8.731324521461072408e-01
9.041441564731784730e-01
9.385288880501851949e-01
9.767706366503997595e-01
1.016429783872340176e+00
1.053925878277525596e+00
1.086953411931206315e+00
1.111469997342824589e+00
1.124013200284624148e+00
1.122332349101585081e+00
1.104558837957243744e+00
1.069857605678749657e+00
1.019753935307733395e+00
9.604192924999347403e-01
8.985967515226306324e-01
8.425695708476985679e-01
8.068079718122448396e-01
7.987136600868296465e-01
8.192158721942749411e-01
8.683706365073485811e-01
9.340871493920266388e-01
9.986222980764267732e-01
1.045751100272071410e+00
1.061266787203167361e+00
1.044003491878925827e+00
9.986783264491947421e-01
9.343684833489040997e-01
8.704639518814029087e-01
8.308560646600799959e-01
8.341778319093980931e-01
8.805216408397723571e-01
9.539486114917530291e-01
1.022862913949836861e+00
1.050639873819336101e+00
1.029369357749147174e+00
9.696776830765823085e-01
9.003634334043780774e-01
8.452338987867711317e-01
8.331186572454759576e-01
8.754808754302114693e-01
9.556837029080036405e-01
1.032991532443944482e+00
1.061524875345811303e+00
1.026796820973971069e+00
9.471238788513992590e-01
8.544994419216443982e-01
7.965893502937972936e-01
8.064473636683658908e-01
8.864630325392522936e-01
9.974784848068338761e-01
1.076293715988840605e+00
1.076569685527048792e+00
1.000026583674738845e+00
8.898861276967677814e-01
8.037764792175864370e-01
7.924366941972605938e-01
8.588779996488093982e-01
9.666295011793972769e-01
1.045537715618338082e+00
1.045282607708288181e+00
9.702171051761037113e-01
8.751864284499202284e-01
8.197302603400064003e-01
8.390791224335577558e-01
9.134085075150141231e-01
9.859491569935270316e-01
1.005491734205691046e+00
9.647084432492784023e-01
9.212041999345064180e-01
9.093840014200211819e-01
9.349019449832374207e-01
9.598196697020137114e-01
9.348524731221763417e-01
8.655912715901460386e-01
8.328057328231016632e-01
8.921797147011416573e-01
1.005853534442607611e+00
1.089281569633671065e+00
1.043768053503996596e+00
8.829731801716304007e-01
7.623440936021916858e-01
7.982928512445510716e-01
9.510071219214346616e-01
1.078778037879233098e+00
1.045829182366035282e+00
8.839185099504601739e-01
8.049643999295711394e-01
8.996022819998600317e-01
1.045284395847844605e+00
1.063490040718321872e+00
8.943731658903557591e-01
7.341171186109922697e-01
8.078427085688958398e-01
1.047637587504099299e+00
1.166562577076265539e+00
9.965420957257862256e-01
7.429648331361810021e-01
7.258010775805804338e-01
9.536195938133709138e-01
1.154926556936092030e+00
1.063618190719865630e+00
7.965488191305183374e-01
7.433415345360677717e-01
9.300066149242657287e-01
1.066950686806522164e+00
9.912796010112286949e-01
8.566702433431439001e-01
8.663267929943553325e-01
1.003835916976441922e+00
1.005824924209704818e+00
8.216668154796141765e-01
7.854200345778507009e-01
1.000720977869150374e+00
1.116116776003453159e+00
9.819031932238571070e-01
7.758630246952801235e-01
7.698578560182877117e-01
1.009755254954726178e+00
1.071067580111930484e+00
9.133238689093433615e-01
8.491946279042515977e-01
9.491069256194740733e-01
9.979082343468945737e-01
8.675075611481143367e-01
8.263004811168290775e-01
1.000164866467102343e+00
1.098821890213714791e+00
8.978969929095498292e-01
7.280815515615405298e-01
9.002650857287747277e-01
1.139518754424900360e+00
1.012970329877177500e+00
7.477200922632327718e-01
8.074862727506485482e-01
1.078875193461798832e+00
1.065209038878564662e+00
8.111531509343565816e-01
8.155627030804994959e-01
1.023639562563844141e+00
1.029071930536261892e+00
8.352131647125679015e-01
8.541370456382090248e-01
1.029548171704789628e+00
1.004190564655132789e+00
8.273763450832778421e-01
8.701593721102919288e-01
1.021532538119857003e+00
9.802980399487065677e-01
8.459044511204303340e-01
9.060592539381091548e-01
9.970707889879690811e-01
9.264333160440106907e-01
8.704556072301395941e-01
9.665007551313347101e-01
9.793860887749300526e-01
8.670134385840223556e-01
8.870805367327376789e-01
1.018042089705716302e+00
9.678949079388270427e-01
8.284075055608159932e-01
9.050137883441196074e-01
1.039456849033457031e+00
9.460486109314693026e-01
8.119363560600705298e-01
9.245414643933134169e-01
1.045314794220303822e+00
9.276552114075674593e-01
8.266330750743240419e-01
9.395588564346857297e-01
1.012264014752389807e+00
9.039993171691080853e-01
8.617235257295996487e-01
9.634150223034646521e-01
9.777469608482075580e-01
8.722532835308651755e-01
8.835787634347395114e-01
9.899188268087896203e-01
9.665609558297343362e-01
8.590794633721665630e-01
8.830131152883905488e-01
9.923608293963467331e-01
9.712333644906716579e-01
8.727086630712346249e-01
8.822567322560229686e-01
9.653086620937183504e-01
9.621955111259831162e-01
9.014077069053300084e-01
9.010518671336015251e-01
9.470863279207143437e-01
9.458286697660290843e-01
9.045387392686294881e-01
9.098656070072181912e-01
9.519947710030998156e-01
9.559465594227980478e-01
9.066851027828577436e-01
8.855612141562955175e-01
9.249473720726217874e-01
9.697438442401700165e-01
9.534962121839776206e-01
8.950097435724430062e-01
8.838493685542784251e-01
9.311611570311971731e-01
9.675098618876769585e-01
9.435553483432946864e-01
9.004897952663654115e-01
9.055818206765438028e-01
9.435976676461300672e-01
9.555013126732483375e-01
9.239132313624895954e-01
9.067017920853843727e-01
9.289891635166601658e-01
9.582979629394964283e-01
9.457631046489601845e-01
9.027333143631595114e-01
8.898199665331800734e-01
9.290451918894281347e-01
9.726293054377204150e-01
9.713823761203737028e-01
9.290404235172776692e-01
8.936561219282295188e-01
8.957410926510206428e-01
9.284652386266277757e-01
9.558631129101649027e-01
9.598530483070669694e-01
9.437133006707788541e-01
9.254641444044284793e-01
9.205735827176073638e-01
9.240699915969361466e-01
9.248508125365748622e-01
9.271026762846322766e-01
9.320576109954846755e-01
9.403885531888667160e-01
9.486402211952472685e-01
9.477682051382309014e-01
9.350742024271729846e-01
9.194756650299626966e-01
9.116531505171240335e-01
9.156091112624539230e-01
9.309471763309450365e-01
9.478826460698420719e-01
9.565640636162833221e-01
9.541459028894785366e-01
9.406216073777207143e-01
9.256352097553264269e-01
9.122891321526923614e-01
9.070260413916160225e-01
9.109879626021341048e-01
9.227163699527227703e-01
9.342003982306001930e-01
9.436894588100265269e-01
9.473003086209664803e-01
9.478331742087809930e-01
9.425617387964414506e-01
9.363384170935651341e-01
9.274847421031883199e-01
9.236044792657469582e-01
9.189779661867578664e-01
9.180636308269061185e-01
9.196914338697712576e-01
9.224588778565976366e-01
9.260989339469593018e-01
9.297485267816217869e-01
9.323627868131144636e-01
9.341652314859905104e-01
9.336991231082825138e-01
9.344102066052206723e-01
9.366257115156306767e-01
9.372360631508902529e-01
9.348494928895823008e-01
9.357310456908995988e-01
9.350062531240288521e-01
9.322537103001725667e-01
9.307349837702493245e-01
9.310806907511580688e-01
9.311450637751893522e-01
9.290964518900456381e-01
9.280992660640795533e-01
9.277523669901331926e-01
9.272689732633797588e-01
9.253801018452765259e-01
9.270543965166088141e-01
9.255762011499644171e-01
9.269333990732907536e-01
9.272999676823577841e-01
9.279520425739339329e-01
9.287775670024832619e-01
9.291894351469797142e-01
9.303755677194079921e-01
9.314025558713144859e-01
9.330190340303222696e-01
9.345484893975841700e-01
9.357739610402537878e-01
9.370953961724515224e-01
9.385539220039751385e-01
9.389514850320201944e-01
9.394050764328332193e-01
9.385503457248622894e-01
9.370125457063371854e-01
9.341854970676299885e-01
9.322018542530362550e-01
9.265680225572613393e-01
9.229965118165626148e-01
9.166241784839842532e-01
9.135986463545139324e-01
9.129352465790804283e-01
9.140331642667250955e-01
9.217770006390810789e-01
9.300024425986340715e-01
9.381700680458626707e-01
9.439636402086782896e-01
9.461529190722607341e-01
9.430123499646604346e-01
9.347326677718958976e-01
9.231902269351752732e-01
9.139211075211891577e-01
9.052188283465896212e-01
9.099526297989641854e-01
9.210140610950066087e-01
9.374601766419621285e-01
9.460557634896950008e-01
9.485299525892677552e-01
9.382374213024879950e-01
9.203506613195731045e-01
9.063566811509944365e-01
9.037245397239375144e-01
9.197271966608997484e-01
9.382105992091416269e-01
9.484286246810703647e-01
9.458978111622108331e-01
9.325696149551409020e-01
9.204466248091012215e-01
9.217078592428993300e-01
9.253538757984489660e-01
9.260035665039499930e-01
9.258146197574878000e-01
9.331191698454820438e-01
9.461558993048547750e-01
9.522719326343456192e-01
9.346033256773145226e-01
9.022678020319702119e-01
8.979422924449792509e-01
9.328378358886045829e-01
9.689755402774262727e-01
9.604043913369645358e-01
9.171033998851060298e-01
8.994127392068790305e-01
9.310300267970593735e-01
9.620518639149503448e-01
9.421868255361111055e-01
9.081990609406305204e-01
9.230811504222333763e-01
9.601522636595086757e-01
9.494877993449926112e-01
9.069771655770737517e-01
9.098083865414126059e-01
9.558905310500300789e-01
9.637821869590504908e-01
9.241146950858467601e-01
9.025461557562537429e-01
9.351874512657465388e-01
