6.322223701742136770e-01
8.283240590481828480e-01
1.117268933924309593e+00
1.307864941104047496e+00
1.265440138034837014e+00
1.035582546661203640e+00
7.747239797978376918e-01
6.103337538640205562e-01
6.197828793266867420e-01
7.780505154193062545e-01
1.000579714844192836e+00
1.193691038333301258e+00
1.260274798902845328e+00
1.168531318727888957e+00
9.561414666344483226e-01
7.255423933914176837e-01
5.868703826511362243e-01
5.612123681560001742e-01
6.146074074038753166e-01
7.052893287288342083e-01
8.195943617337181353e-01
9.333903710115397656e-01
1.038658742744772656e+00
1.122225060728199608e+00
1.184216878916845239e+00
1.226931360594196496e+00
1.253215223934081024e+00
1.266528518978180751e+00
1.272936019055368684e+00
1.275006684661708523e+00
1.282059703118765714e+00
1.291460548813408549e+00
1.310218132760302190e+00
1.332316557445115679e+00
1.360855264765651773e+00
1.391253637224869388e+00
1.419296433841757077e+00
1.444065146930831212e+00
1.462932403437185780e+00
1.476452526623311723e+00
1.483636675314506936e+00
1.484956322307148247e+00
1.484446106487048445e+00
1.480802474117574041e+00
1.476208743597119177e+00
1.472841080765852961e+00
1.467941578381249723e+00
1.461594875048980224e+00
1.457801038956765938e+00
1.452142769353719887e+00
1.446464830215553166e+00
1.439530425015738579e+00
1.430468729790297822e+00
1.418271233829407008e+00
1.401606965256567694e+00
1.379238531498733877e+00
1.345542829697469411e+00
1.300098454963976691e+00
1.240247039824371234e+00
1.162929673544129461e+00
1.069752701491439417e+00
9.593476008591176329e-01
8.465905006635785490e-01
7.438976459381158035e-01
6.615085198293352287e-01
6.114501489937482770e-01
6.026113751663416673e-01
6.299806392169761127e-01
6.995309233106283830e-01
8.031697038614397099e-01
9.238017706634724657e-01
1.034379724786248733e+00
1.107331646362739397e+00
1.123104825389960482e+00
1.087548266356976878e+00
1.002862573011228164e+00
8.873964413877060142e-01
7.707727874246582678e-01
6.914538969342586272e-01
6.781668279369864605e-01
7.495988308905161546e-01
8.939380519316257878e-01
1.080907116044415917e+00
1.260160954017752966e+00
1.362349553388303880e+00
1.328374901816237186e+00
1.147650617081000357e+00
8.810008622408941337e-01
6.330681601844024842e-01
5.099630963758344793e-01
5.630869344576518998e-01
7.394451784426187002e-01
9.438241653232771755e-01
1.132945553415483753e+00
1.265028269890340562e+00
1.271313580431172818e+00
1.135661141355173820e+00
9.407509494723020893e-01
8.094836246351748699e-01
7.847774964305753720e-01
8.173025628689006838e-01
8.371795221781160867e-01
8.338267605098200752e-01
8.400095510494174356e-01
8.642692404114294957e-01
9.379244968801137006e-01
1.076096424591115097e+00
1.187939189426802322e+00
1.158081431160143726e+00
1.015010001064539091e+00
8.557290858899457842e-01
7.111812485672531770e-01
6.129843727331605319e-01
6.767893644320207569e-01
9.761745901315915797e-01
1.289650951582306915e+00
1.332258740932791286e+00
1.143705981219527823e+00
8.836985687850199556e-01
6.662095387231753429e-01
5.545539324943938864e-01
6.465256984860537903e-01
9.711499179780385127e-01
1.292269979985950057e+00
1.302105939639322640e+00
1.063192017458917782e+00
7.967020030858520396e-01
6.738735048620110302e-01
7.253915936221592142e-01
9.047670250853330209e-01
1.108667386611388528e+00
1.144096391689347181e+00
9.762532682720742594e-01
8.158064861066920415e-01
8.294899260389716478e-01
9.574330994407057593e-01
1.019964339728872682e+00
9.644235330132880923e-01
8.863855464918072302e-01
8.317918576946088383e-01
8.843047480946478744e-01
1.051052338010351361e+00
1.115675105533016298e+00
9.587050627118424151e-01
7.729561058230526305e-01
7.632059768683883139e-01
9.178866050108199781e-01
1.096856724841204223e+00
1.107972396370458190e+00
9.400499987661836698e-01
7.641215043212776781e-01
7.917077293047581898e-01
9.859676344356100852e-01
1.086951623791649890e+00
1.022001626730159041e+00
8.617688252650290703e-01
7.780517075123438708e-01
9.236271290334616690e-01
1.079643497424542575e+00
1.033536318962135159e+00
8.690662227947977270e-01
7.604260159046668521e-01
9.114236726073828843e-01
1.131944195263885788e+00
1.038655166465659807e+00
8.076907167065997539e-01
7.597894382225797161e-01
9.802950597161125268e-01
1.191778921100964617e+00
9.663809497810542659e-01
7.058418638517693910e-01
8.427817634083942799e-01
1.138418452551180460e+00
1.124395862149698999e+00
7.755733460871393481e-01
6.735945550912088020e-01
1.053841835718373643e+00
1.235897092330109137e+00
9.318412461091573062e-01
6.051558977551337870e-01
8.577776977750894982e-01
1.235225347903412318e+00
1.112091673861941521e+00
7.085944066756256765e-01
6.964314814128257369e-01
1.091791521524372310e+00
1.175446054392582651e+00
8.881885872112020852e-01
7.179350516718687736e-01
9.278697881543384041e-01
1.100527775350543802e+00
9.740729301062739376e-01
8.522690358482641892e-01
8.982939598910760770e-01
9.818954446191126006e-01
9.294958030576471186e-01
9.351433438233547335e-01
9.753824443080955087e-01
9.478737053720599492e-01
8.580930063835390254e-01
9.104497325956503184e-01
1.032286409412194406e+00
1.006901384222672391e+00
8.518148484009323562e-01
8.372719093885313546e-01
9.951485389648125901e-01
1.041945343249481182e+00
9.232408908892739685e-01
8.409775305959619196e-01
9.150291579996535640e-01
9.926016321899452377e-01
9.704614842488150650e-01
9.210170413276006496e-01
9.032995585560272822e-01
9.140146868246420420e-01
9.372426196625971428e-01
9.755046338444511855e-01
9.594572734185783380e-01
8.927256933123699500e-01
8.774704787099931735e-01
9.557629770950051284e-01
1.002633095101487015e+00
9.256983906863200939e-01
8.559770412417699870e-01
9.105391395734715454e-01
9.955168957134360452e-01
9.689868651612836281e-01
8.831055024988058166e-01
8.774633261517674754e-01
9.474594530414882643e-01
9.701992237805394659e-01
9.218431618026687868e-01
9.033418778588626630e-01
9.270132693068110497e-01
9.356154126662508119e-01
9.169210096503507268e-01
9.208775664421995355e-01
9.433759383411334243e-01
9.399331736484972666e-01
8.977718231406001115e-01
8.937657944876902238e-01
9.410006929636827167e-01
9.687877856240016960e-01
9.280903253662974306e-01
8.748919814696289876e-01
8.887262211711670634e-01
9.490610300375258435e-01
9.647203641796545659e-01
9.227825311163104782e-01
8.821357348127049081e-01
8.989329217592384458e-01
9.400720524873795725e-01
9.534842912536014570e-01
9.306670344671051920e-01
9.004194617771460463e-01
8.913619388773368346e-01
9.103698623621300223e-01
9.354622287109171097e-01
9.529693070613511896e-01
9.440184764884086421e-01
9.112353219074394994e-01
8.779163215060616920e-01
8.834529976192709855e-01
9.286315356053752579e-01
9.659565646596628419e-01
9.553320354619068144e-01
9.057528860274417504e-01
8.721072521337571715e-01
8.912504781783197050e-01
9.356946868532522998e-01
9.541417305638468793e-01
9.303731835333327593e-01
8.990932582727978462e-01
8.908254970104094728e-01
9.099681270084531981e-01
9.292526160779733813e-01
9.378207847858410773e-01
9.282798681592784318e-01
9.213532115642084630e-01
9.120125665679653659e-01
9.052092916022886904e-01
9.041107778681252150e-01
9.120876684293351966e-01
9.278334293166911051e-01
9.444512062610633807e-01
9.446479016122700800e-01
9.285910044420963017e-01
9.070266374381348307e-01
8.940042130952134958e-01
9.043241625218585433e-01
9.252477795181011100e-01
9.461505348861855014e-01
9.517134370462223547e-01
9.420443704181159505e-01
9.250618130042329579e-01
9.125692740165322059e-01
9.100575339862744251e-01
9.156228203323865111e-01
9.224606659961540611e-01
9.286070976981041225e-01
9.376181289694462961e-01
9.428734711257781287e-01
9.431285790358280297e-01
9.427214792634820428e-01
9.377272054823881930e-01
9.298385298059618220e-01
9.221459534342233422e-01
9.155828852156263631e-01
9.163195987128732733e-01
9.198505782902930417e-01
9.255952746385662788e-01
9.342248361378713284e-01
9.429438046149974939e-01
9.471584495494901335e-01
9.493876635298328370e-01
9.437502555549449612e-01
9.399850296956335782e-01
9.341390054391629505e-01
9.320146956461304866e-01
9.295303737557379931e-01
9.287567053743249756e-01
9.277583274553212744e-01
9.299839651565510179e-01
9.313870586618254732e-01
9.296817695715152707e-01
9.302420532991949598e-01
9.304041779523107847e-01
9.301228439954333238e-01
9.282405290890370919e-01
9.284855042082672538e-01
9.308178342363636615e-01
9.296966707344854752e-01
9.321428456476742452e-01
9.330804268217595121e-01
9.340662877638683526e-01
9.346849840503912432e-01
9.358901901114213828e-01
9.345502775371405946e-01
9.368134661690552534e-01
9.355331582466552831e-01
9.362412615109994007e-01
9.381873533949081079e-01
9.367282315168656837e-01
9.382356331629315704e-01
9.377731010643364229e-01
9.350098294031417012e-01
9.363288803492642032e-01
9.338195245050817661e-01
9.344274919542661095e-01
9.329093614708615645e-01
9.316481270370634560e-01
9.306473649319845221e-01
9.298963463182862155e-01
9.270871790751432640e-01
9.269006165147563037e-01
9.289462481673059768e-01
9.295971309658445092e-01
9.301061546929066948e-01
9.328312793768976929e-01
9.382338450233751459e-01
9.422154357690138982e-01
9.457833702305996626e-01
9.495360791130160738e-01
9.546328728953448195e-01
9.549469894107567303e-01
9.558577484914956290e-01
9.528912249673873180e-01
9.482021270039232563e-01
9.430171183368109000e-01
9.379495308339036441e-01
9.346748512595715042e-01
9.325821319320358738e-01
9.358359498782098385e-01
9.391744064300544537e-01
9.438253574163147919e-01
9.460533793036197681e-01
9.499098002803088026e-01
9.508777798268532866e-01
9.510381163404126870e-01
9.512854756457180816e-01
9.474767383905337015e-01
9.614415122796907687e-01
9.359366817398884209e-01
9.330893675195416348e-01
9.351224821951964472e-01
9.436513118328228034e-01
9.554542249982624913e-01
9.610826922753682444e-01
9.582228610781265976e-01
9.460700686061463971e-01
9.344370286985670404e-01
9.290279065403826975e-01
9.339214484597979649e-01
9.428901604283047577e-01
9.511442126207605430e-01
9.554762787194583940e-01
9.561837859372837034e-01
9.513593854140502959e-01
9.382445738607136931e-01
9.282721195545339254e-01
9.321350970429297389e-01
9.546531384769842976e-01
9.684677086434017035e-01
9.521282854233128479e-01
9.269304188406967127e-01
9.262491376696989631e-01
9.498275458607132737e-01
9.641499476611551378e-01
9.449566537090127172e-01
9.231282380972192225e-01
9.301681435308627455e-01
9.444589548658078870e-01
9.464640553550786040e-01
9.490902363169474443e-01
9.525836649636822973e-01
9.331722179856559718e-01
9.068359025521162131e-01
9.296591198038005599e-01
9.763605566454597318e-01
9.654397923278561500e-01
9.077108988417266211e-01
9.080816397764253090e-01
9.592963408585001295e-01
9.677309951461547932e-01
9.298117077126154539e-01
9.271348627966479183e-01
9.457464153464335554e-01
9.398693966709847913e-01
9.431929520598593131e-01
9.577376792118167392e-01
9.365440531425539561e-01
9.161085982452151777e-01
9.495170056244142121e-01
9.682441911988486360e-01
9.221459534342233422e-01
9.210605527234736467e-01
9.658415276815328632e-01
9.428955248469740313e-01
9.201277399215388453e-01
9.629763320656218317e-01
9.480113921179046388e-01
8.978546736067144485e-01
9.562702126825108895e-01
1.000785350893181658e+00
8.998001694441043474e-01
8.789647673326453914e-01
1.009293318902649839e+00
9.785462592299293272e-01
8.644194441341691570e-01
9.263212592984747529e-01
1.010308982170698977e+00
9.428001574039647226e-01
8.963025684717379482e-01
9.359259529025498736e-01
9.670735558359093709e-01
9.590495775997135430e-01
9.167702098810922573e-01
9.132159844894390810e-01
9.598792743538945293e-01
9.575380036280159990e-01
9.213138724939671231e-01
9.221942332022468047e-01
9.461171562811322433e-01
9.572650143224018526e-01
9.347451847487908694e-01
9.026802662229855834e-01
9.470702346647065228e-01
9.647108274353536350e-01
9.152914184679291631e-01
9.248943239324478593e-01
9.372199698948824320e-01
9.287191544436400603e-01
9.753174752375454171e-01
9.281231079248318805e-01
8.478201446318799350e-01
1.001728892532455006e+00
1.023579361865444515e+00
7.834447364145202819e-01
9.050572997399926045e-01
1.113476885971651731e+00
8.715928639880257123e-01
7.637239412932326221e-01
1.075725683656416409e+00
1.025892022358420252e+00
7.654477078256258782e-01
9.090090881596908368e-01
1.052432185701392298e+00
9.618909313548721363e-01
8.314562835045198330e-01
8.943886630998447718e-01
9.889860140068548189e-01
1.036623839929561530e+00
8.486033497575938833e-01
8.134175316593088567e-01
1.036371712252105670e+00
1.079872975334283725e+00
7.714880432472280836e-01
8.083058367140097955e-01
1.086105833781461083e+00
1.074854263645918850e+00
8.078683385692045915e-01
7.907820690610490866e-01
9.905703056538469609e-01
1.017423989465712220e+00
1.017158152718323771e+00
9.422935178629777697e-01
7.755071849235516401e-01
7.614303542888586351e-01
9.923232784656618177e-01
1.298343694012605409e+00
1.082642803507185336e+00
5.466402228641775718e-01
