9.364653750020712764e-01
9.436685971818682406e-01
9.401453662091929786e-01
9.281767521115246167e-01
9.150601524186315894e-01
9.027255657584150050e-01
8.984435675672969301e-01
9.044380074069509057e-01
9.206129217878487037e-01
9.391773866626484946e-01
9.500552356308979984e-01
9.519333782116625731e-01
9.386492894469844472e-01
9.178502461731726791e-01
8.992482303676879729e-01
8.915651907402504239e-01
9.016133429543188305e-01
9.225584176252386026e-01
9.457541639511780618e-01
9.522415342618864020e-01
9.465141232626584911e-01
9.253747374266072523e-01
9.006185413144279783e-01
8.932132593647550411e-01
9.000362038655523866e-01
9.228975680944404569e-01
9.426487615881874449e-01
9.512067975052354019e-01
9.396351503890931767e-01
9.162826438287071662e-01
8.974678394160079398e-01
8.990449785047743836e-01
9.166033168558259669e-01
9.409238029627564615e-01
9.497011839987259396e-01
9.345210712577189938e-01
9.113592995833516008e-01
8.949030512455763420e-01
9.012211443449430481e-01
9.264792116259589205e-01
9.499372184201739788e-01
9.555978722092952626e-01
9.337438265971931273e-01
9.087682853660923321e-01
8.970363017363908176e-01
9.109629286483441613e-01
9.403349090021739798e-01
9.561754412860203889e-01
9.435446195059561392e-01
9.157223601010274772e-01
8.992333292047177684e-01
9.101660144526976248e-01
9.394938873641356381e-01
9.558869547709172299e-01
9.461016590716432306e-01
9.185666940887802223e-01
8.983070729144898570e-01
9.091676365336938126e-01
9.378046915298332564e-01
9.568155952472203740e-01
9.457470113929523636e-01
9.166366954608792250e-01
9.035069827445725288e-01
9.217156078476438363e-01
9.548528140607850379e-01
9.628469899710404567e-01
9.365214033748392453e-01
9.008873582944104674e-01
8.918828835347751838e-01
9.273762616367652312e-01
9.663010795475339698e-01
9.740395515012206795e-01
9.390093015443445879e-01
8.966172810336686672e-01
8.924759498209893227e-01
9.269453200036669172e-01
9.654391962813373418e-01
9.682143888729082271e-01
9.362943096511733287e-01
9.067739137141601624e-01
9.062589295219098950e-01
9.313822902896750078e-01
9.508646668034395066e-01
9.413702418053437881e-01
9.287698183977387556e-01
9.202934408537675193e-01
9.269328030267719454e-01
9.324772277447256341e-01
9.276653441983871984e-01
9.261668832501034343e-01
9.356553477830109600e-01
9.517122449531847383e-01
9.469790395473288713e-01
9.171260496528207407e-01
8.972300168550034760e-01
9.160358805699205798e-01
9.677554330534259286e-01
9.874523863139612612e-01
9.424729278651390318e-01
8.845532994929908854e-01
8.795190905951369986e-01
9.431780508968891086e-01
1.000501036703710156e+00
9.839744548767155319e-01
9.073437341861407823e-01
8.685262046487575160e-01
9.134406940270297648e-01
9.768362017674686593e-01
9.916986217139508453e-01
9.490151344555776136e-01
9.041131620542004477e-01
9.020800473785456353e-01
9.237451462441856886e-01
9.517480077443132291e-01
9.747744768589111652e-01
9.780098173630019653e-01
9.314955391282485619e-01
8.632047013288379755e-01
8.827943662159879468e-01
9.825206974173423813e-01
1.049724346366446737e+00
9.649140792982673354e-01
8.319009342075507352e-01
8.363313479818520468e-01
9.907717693772041256e-01
1.076908239949731838e+00
9.595490645824747977e-01
8.208067203529739730e-01
8.589060138351933826e-01
1.014223219659712294e+00
1.039934282295022383e+00
9.113932742349236671e-01
8.433593324851194062e-01
9.465618069841631455e-01
1.032478932437769448e+00
9.421152999538541239e-01
8.447958045954471196e-01
9.159816403367090354e-01
1.047135120288744004e+00
1.013003112435711950e+00
8.359063668139418146e-01
8.232803134060279193e-01
1.009843469839509789e+00
1.092717777814600222e+00
9.409899641263441694e-01
7.825137117521419050e-01
8.812553741044252265e-01
1.057887799488043790e+00
1.043234591869663275e+00
8.692110620988681147e-01
8.293283974323746310e-01
9.675968846794229528e-01
1.033137563841052486e+00
9.344215314890780277e-01
8.600009512902440090e-01
9.417701890194641878e-01
1.021462204630637638e+00
9.438420467188414209e-01
8.440030627254322404e-01
9.146602052045113007e-01
1.036513571323582017e+00
1.003464579995224426e+00
8.428580573628017270e-01
8.167142649548370104e-01
1.007937909118880038e+00
1.088098417293836828e+00
9.527231398490834113e-01
7.692475043830280246e-01
8.175594589185070094e-01
1.063016779782388177e+00
1.123609080744872202e+00
9.245963006730437694e-01
7.487375436708383347e-01
8.142323272505196385e-01
1.046980148193853877e+00
1.136999265789898184e+00
9.630764678807816059e-01
7.731975046631699433e-01
7.834125499025046402e-01
9.728921619525149334e-01
1.117289199505949071e+00
1.027361277027282416e+00
8.451236301807916185e-01
7.831848601323199155e-01
8.912349809688306923e-01
1.047777062389500413e+00
1.071266063602693608e+00
9.193636082844267587e-01
7.966185565732188945e-01
8.501000225663212229e-01
1.005630613044573352e+00
1.079234609512640164e+00
9.735424487045346575e-01
8.111978544232671950e-01
7.839483957229131939e-01
9.303433812073923503e-01
1.121062770016523658e+00
1.116973890897499322e+00
8.836669783195231220e-01
6.955433720998015490e-01
7.406164098520767736e-01
9.741581647584635073e-01
1.216640617446973049e+00
1.203939462177689323e+00
9.221215155269522068e-01
6.370461746509283874e-01
6.025928977242586138e-01
8.434767536493246176e-01
1.181837461213762985e+00
1.337602894020425648e+00
1.176043889050947255e+00
8.296621834829072117e-01
5.615890695558869439e-01
5.608010960580225301e-01
8.259225876239046915e-01
1.166132231489686033e+00
1.348171990891932293e+00
1.265252383381412438e+00
9.764845343213718332e-01
6.749463885958657539e-01
5.459327156463522623e-01
6.659168798824405267e-01
9.143699305498517171e-01
1.155300278103384759e+00
1.275136622802808706e+00
1.214885260449082960e+00
1.007284642134266051e+00
7.634354547781294631e-01
6.475991782664273222e-01
7.061655171114822327e-01
8.536423270275982356e-01
1.012590648244696689e+00
1.136751906484592789e+00
1.169799705719912764e+00
1.088352929157367921e+00
9.236664681037030089e-01
7.565660186488650796e-01
7.033313159145493376e-01
7.852400285291706306e-01
9.084488044320111477e-01
1.017269613417340901e+00
1.108778251263886849e+00
1.157243389754699425e+00
1.124671831687907186e+00
1.007517696323120049e+00
8.311600483846721676e-01
6.806469775017472967e-01
6.463915880193219499e-01
7.427913835992078218e-01
8.863736255614310666e-01
1.017434718303050767e+00
1.128102675450167069e+00
1.205122614517523560e+00
1.223470714505995982e+00
1.157937187902592147e+00
1.010657669384201762e+00
8.122546449011140979e-01
6.491041957264179763e-01
5.883897052275782746e-01
6.452376419589093137e-01
7.796294426476291228e-01
9.342492740451424638e-01
1.077911386240886005e+00
1.185845874052747995e+00
1.243611722423043631e+00
1.236505059779293481e+00
1.152777809235788542e+00
9.949876064047343815e-01
8.089948664897521624e-01
6.618381335542361521e-01
6.005120993270992580e-01
6.407136488811551178e-01
7.643205838585596101e-01
9.359044952278727791e-01
1.087654958683843542e+00
1.175291678344211332e+00
1.186590336154739411e+00
1.159911293972884838e+00
1.068550475663003319e+00
9.386069701441490665e-01
8.264858515841784214e-01
7.645595985126016902e-01
7.735753981560943293e-01
8.529932323686161277e-01
9.772522422375967688e-01
1.118410959054346065e+00
1.247465163167138513e+00
1.320291318928160429e+00
1.293731486050067714e+00
1.165576716134156809e+00
9.672797879314170011e-01
7.509965599771213363e-01
5.582076976546880287e-01
4.169852038604264233e-01
3.395867752536267381e-01
3.281945381396458306e-01
3.711796249365359457e-01
4.564345427077463602e-01
5.751586646030741878e-01
7.092530380789087152e-01
8.472801264858396131e-01
9.804053283220920401e-01
1.099596750688165425e+00
1.199456000263214195e+00
1.281525645437913585e+00
1.338783066127665844e+00
1.381512448967987083e+00
1.406157184381149339e+00
1.421500017821790918e+00
1.426242163925428796e+00
1.423042586212466487e+00
1.412717868413670974e+00
1.393171118875875303e+00
1.367080970654603211e+00
1.327818194367670346e+00
1.278167519350948300e+00
1.210321332254568505e+00
1.127784982655642310e+00
1.032398466157730343e+00
9.191692971192952921e-01
7.981569526382628066e-01
6.762594790768002850e-01
5.613715125765219582e-01
4.609448267155679124e-01
3.836286525283637561e-01
3.362805052137977091e-01
3.249144941466443615e-01
3.512192191146873421e-01
4.157954950088852408e-01
5.160356183094523264e-01
6.450200849795443281e-01
7.876331553021854726e-01
9.223241713433469879e-01
1.036856894118415529e+00
1.084883342371385284e+00
1.060395367192669802e+00
9.847028237226991276e-01
8.867193325423399219e-01
7.999325752177923743e-01
7.377422735383836194e-01
7.081360469026621862e-01
7.066441424660852011e-01
7.329673448762112908e-01
7.835043410664010999e-01
8.576358387036131514e-01
9.431166581054518661e-01
1.034429196647309812e+00
1.131233111766947630e+00
1.224084046373849599e+00
1.310756958813304784e+00
1.384659574587294495e+00
1.437621884062514788e+00
1.469276126536861238e+00
1.472710546578233970e+00
1.450503641426997392e+00
1.411399413514067280e+00
1.359905166614671534e+00
1.300825035670403862e+00
1.237000374436423078e+00
1.168974181291363434e+00
1.096207034135703307e+00
1.020568730898944176e+00
9.427786997292876281e-01
8.653397399592089867e-01
7.906378258034975071e-01
7.209379340336243835e-01
6.580448935085407847e-01
6.026322367944999536e-01
5.552107757581205005e-01
5.166805406428027769e-01
4.861617667867859094e-01
4.646820383884952554e-01
4.496115982069490147e-01
4.466516311945475382e-01
4.495162307639397059e-01
4.616821362593336309e-01
4.759222836401800771e-01
5.005431771925898943e-01
5.287230645088034642e-01
5.602741909353960992e-01
5.931097976100203617e-01
6.301856792194461265e-01
6.666035254721075498e-01
7.017100693833910885e-01
7.362634821252205253e-01
7.669849117976321740e-01
7.988137959019894208e-01
8.251334220330026614e-01
8.499408781457994388e-01
8.738524763408275220e-01
8.943052165872116266e-01
9.116418256332666781e-01
9.253777176592012932e-01
9.380860254867107173e-01
9.501345098178994864e-01
9.587062548048800315e-01
9.652061420924833435e-01
9.682739935247890450e-01
9.717024531009736954e-01
9.713013137938157904e-01
9.722973075267442589e-01
9.693951570266672313e-01
9.640337185899875427e-01
9.600199413323332598e-01
9.510482491312324260e-01
9.439827136972801513e-01
9.335620324089565214e-01
9.196711682881317795e-01
9.080762753577560353e-01
8.940107696069203858e-01
8.764250131160036261e-01
8.613301350271862500e-01
8.414281417641809036e-01
8.242584257433922534e-01
8.043248420148899624e-01
7.841999273538502457e-01
7.614392949866407578e-01
7.409931112519635432e-01
7.185185812137819816e-01
7.019782903168547694e-01
6.809396363424821130e-01
6.641311245120912199e-01
6.469476994213699816e-01
6.319684543572013924e-01
6.180030844215255170e-01
6.057656533438746660e-01
5.964905734647003577e-01
5.895388829158404453e-01
5.856240493803083202e-01
5.822224118974700380e-01
5.834341744702070676e-01
5.869192584656784950e-01
5.943305008805395140e-01
6.030542377298161449e-01
6.140620248391658320e-01
6.274009498835741994e-01
6.410575677225074376e-01
6.582141707198823077e-01
6.782270286353860866e-01
6.968141432779005884e-01
7.195998095989000198e-01
7.402850079876194256e-01
7.651198822402813793e-01
7.868714078511486187e-01
8.126420751383394148e-01
8.352101844799738606e-01
8.589668105801118170e-01
8.842034201864504839e-01
9.075463900025355635e-01
9.302140391128109753e-01
9.502149760979385906e-01
9.710992540239398174e-01
9.924710980023262463e-01
1.009612799836731023e+00
1.028914574255296532e+00
1.045488243757277003e+00
1.060957439059905916e+00
1.074887642250972108e+00
1.087919007291675566e+00
1.098166835089544602e+00
1.110671891054140437e+00
1.120731368152066310e+00
1.129264966161843020e+00
1.136785285089646047e+00
1.142254011899711097e+00
1.149746912687648948e+00
1.152846354585451483e+00
1.158092159997482273e+00
1.161936660043795033e+00
1.164901395428347142e+00
1.166586418937017866e+00
1.166409989167450645e+00
1.166677614054395518e+00
1.167145510571659939e+00
1.167099018943192901e+00
1.166710396612929967e+00
1.166823645451503522e+00
1.166370650097209305e+00
1.164844771009060365e+00
1.163923283090982697e+00
1.161224980500338066e+00
1.159634132341639035e+00
1.159930963508005508e+00
1.157658238131789918e+00
1.156591910909642085e+00
1.156233090905319560e+00
1.155422467639740436e+00
1.156950134867445801e+00
1.156892318355121407e+00
1.155818838574747875e+00
1.156743902771938171e+00
1.156491775094482310e+00
1.156337995092629800e+00
1.155166167636652919e+00
1.156293291603719187e+00
1.155910033692125527e+00
1.152883309469617590e+00
1.152937549702829134e+00
1.151383060381777401e+00
1.147964733596412268e+00
1.144074337968151278e+00
1.137554185098908599e+00
1.132891909228791016e+00
1.125285759602279612e+00
1.116063131816760423e+00
1.104947460287506678e+00
1.091964375014826683e+00
1.076738366691871507e+00
1.056350595516037494e+00
1.036069516667069923e+00
1.011090399156856501e+00
9.801698899471628090e-01
