8.105940592997145089e-01
8.189303659117658230e-01
8.243514090003263295e-01
8.348626893595086917e-01
8.464498336851398186e-01
8.597971033808116115e-01
8.755839914779652844e-01
8.899552690929495302e-01
9.048462992723345089e-01
9.186763666482409274e-01
9.350163859148485912e-01
9.482641158418793070e-01
9.650785881374583930e-01
9.774686071239241381e-01
9.909434307746208814e-01
1.003425836971501894e+00
1.015872480377254528e+00
1.028162959595079418e+00
1.039624934151760938e+00
1.050798422193339077e+00
1.060075290212069810e+00
1.072525509896935292e+00
1.081566343494217763e+00
1.092239152459997253e+00
1.104329360047502595e+00
1.114980711338604769e+00
1.124141946332686715e+00
1.136410371829315702e+00
1.147390144752281183e+00
1.159748573273250205e+00
1.169582744787066586e+00
1.178773782107088719e+00
1.191236518768849173e+00
1.200884723768797402e+00
1.213602568340607757e+00
1.222547438448362112e+00
1.232614068104513683e+00
1.242952494973241784e+00
1.253872663244326446e+00
1.262964160795707835e+00
1.271388086246023841e+00
1.278715882148251826e+00
1.285202060365922438e+00
1.291864072306641686e+00
1.295434390954302684e+00
1.299905335891882840e+00
1.304948485487519072e+00
1.306423104575050509e+00
1.310530461136157676e+00
1.311762489290534184e+00
1.311202801609373303e+00
1.311996139525906990e+00
1.310227073458084313e+00
1.310379065320380398e+00
1.307187832258681404e+00
1.306756294579064281e+00
1.303979909894455558e+00
1.301350748699992677e+00
1.297882354007047878e+00
1.293821489074407749e+00
1.289559756464929263e+00
1.284955893153654660e+00
1.279564056344515866e+00
1.272392424630215624e+00
1.265433581523130124e+00
1.257807762361498050e+00
1.250909119952812176e+00
1.239077596554469585e+00
1.229092029224876148e+00
1.214525844398241627e+00
1.201553487962900180e+00
1.185363076372513369e+00
1.166011830092886781e+00
1.146038311247624231e+00
1.125597491931616290e+00
1.102972758170695178e+00
1.081292758142084809e+00
1.057830579022238204e+00
1.033803347802561223e+00
1.009064437039427498e+00
9.892011868001445718e-01
9.691877328381219847e-01
9.515733661143024325e-01
9.345115345134180629e-01
9.213770534249607902e-01
9.116752042383199361e-01
9.013457180673739577e-01
8.946837061266549318e-01
8.865911825407960523e-01
8.779270503434002393e-01
8.680827460387642303e-01
8.534676853975874389e-01
8.391834305743491873e-01
8.187038682346187146e-01
7.979537007753492173e-01
7.770819398262428512e-01
7.592476319369830806e-01
7.498444020562651247e-01
7.554728693333708778e-01
7.801962828870157018e-01
8.293522392931269582e-01
8.936591021608235597e-01
9.625561192698620649e-01
1.026592377018019864e+00
1.067749985188243933e+00
1.084433327249685108e+00
1.075801977610823856e+00
1.043916469087179832e+00
9.986479280767355249e-01
9.513587893675314877e-01
9.133947984450815349e-01
9.022958162183541964e-01
9.148121970668073866e-01
9.477854904872763386e-01
9.793163513322294955e-01
9.995718001808882036e-01
9.932829133609429872e-01
9.596354913277019838e-01
9.072734006969214171e-01
8.558232612399174766e-01
8.272326978722450708e-01
8.357925219288494523e-01
8.736545888965832063e-01
9.125585451791936586e-01
9.347720068421372375e-01
9.318662800629472498e-01
9.179867408259798633e-01
9.064925797572827015e-01
9.136600391459511750e-01
9.510899723875489986e-01
1.016982318995275358e+00
1.089376937076680374e+00
1.121292843972783615e+00
1.090607177091500457e+00
9.968931671253642435e-01
8.849860292656456240e-01
8.005643845277290449e-01
7.688106022847416288e-01
7.697785818312862238e-01
7.817042805796003968e-01
8.055336243550329511e-01
8.657325346151035772e-01
9.646512227834728170e-01
1.086848507743896075e+00
1.190786503647148997e+00
1.226371672913035393e+00
1.157851953250402577e+00
1.002497196495198750e+00
8.263439925127020746e-01
6.978119251503854814e-01
6.479663429220131610e-01
6.633056000835418908e-01
7.637924866428955628e-01
9.215075876125797816e-01
1.105386746571868306e+00
1.244535594527196309e+00
1.276967677708587434e+00
1.174671789964650825e+00
9.801490283190045227e-01
7.768685551725095229e-01
6.419665386636899118e-01
6.151051062470801467e-01
7.004518151821870209e-01
8.836842636685685592e-01
1.096351277393254886e+00
1.236943153970617493e+00
1.236232666520198142e+00
1.102253926069012513e+00
9.012956501597940706e-01
7.275451096946131679e-01
6.616336895982849464e-01
7.306713736857621821e-01
8.942956798429106957e-01
1.059142477410135008e+00
1.145272391470955720e+00
1.115003361106319479e+00
9.930814496375858225e-01
8.474952992791293660e-01
7.657773215505268016e-01
8.017022373321339712e-01
9.226657059986240750e-01
1.026563766785117071e+00
1.046541457956011056e+00
9.904189098380696832e-01
9.032953862303956249e-01
8.414710571135350925e-01
8.574832507947982574e-01
9.456015760423631678e-01
1.025406244445591586e+00
1.024119976058003534e+00
9.500880181894324483e-01
8.604008985043642976e-01
8.162225265768201510e-01
8.689833723286833900e-01
9.956688875757321311e-01
1.083047519093456090e+00
1.031616453125054012e+00
8.910162318964280903e-01
7.882667527516785677e-01
8.110798372125431754e-01
9.428448608928753361e-01
1.078510412992288225e+00
1.092866193397783459e+00
9.595037650470453761e-01
7.940186016581776141e-01
7.595838021735908940e-01
8.884293900048005899e-01
1.068774589154075194e+00
1.141895191895388573e+00
1.019542934840075299e+00
7.932729474631485811e-01
7.026321533479873427e-01
8.583898375499054989e-01
1.091640125708595033e+00
1.172324558773584213e+00
1.026826027253392670e+00
7.749922007313013728e-01
6.804329968014951602e-01
8.661724169459840139e-01
1.132412687827669018e+00
1.195156120676531764e+00
9.857536537353579487e-01
7.099092852961165212e-01
6.776035639767127305e-01
9.483129916564215778e-01
1.206081057319767114e+00
1.164418001701593708e+00
8.676088890563117273e-01
6.333620111181749168e-01
7.583744237869290972e-01
1.106475127515212042e+00
1.244468837317089793e+00
1.027197960281128974e+00
7.029420975377675962e-01
6.556934899918425153e-01
9.634013132335320639e-01
1.235591916512479349e+00
1.136260764153094849e+00
7.975030896071302333e-01
6.338620941474549797e-01
8.551574772784086287e-01
1.181376121208205454e+00
1.182747624247983076e+00
8.744169323941388683e-01
6.697882020220997656e-01
8.197147631305173876e-01
1.114986075757274042e+00
1.161616583063195041e+00
9.013993622540666939e-01
7.211423779895755892e-01
8.568752833456139140e-01
1.088373194739007399e+00
1.114440097146045749e+00
8.691061579115578750e-01
7.723684039555077652e-01
9.408475090083490144e-01
1.102280152115840073e+00
1.017959835286120773e+00
7.982278821740009800e-01
8.076025018218161433e-01
1.031932357780022347e+00
1.132280961547012410e+00
9.474886593209098651e-01
7.363880558476514349e-01
8.387185142896788070e-01
1.099436414174606025e+00
1.138988273023161080e+00
8.936358563465900406e-01
7.222468521889271464e-01
8.790219877984509766e-01
1.114164723654356370e+00
1.097891461597855223e+00
8.726031628374055771e-01
7.712144578950951290e-01
9.248984962580795166e-01
1.076870092972528115e+00
1.020938875787124056e+00
8.768625112608088301e-01
8.595163654704529588e-01
9.665460546667641317e-01
1.009185434482745558e+00
9.370828791955565507e-01
8.980477926788082987e-01
9.512634219245221789e-01
9.926421633532241939e-01
9.353519601049375964e-01
8.778382394120978205e-01
9.264702709281767978e-01
1.013749362677259791e+00
1.004895091640364058e+00
8.943815105416190736e-01
8.452672773918243898e-01
9.330047289138708733e-01
1.040272836717705429e+00
1.016499521315040733e+00
8.977813598849010424e-01
8.395577477881607242e-01
9.162331719676460873e-01
1.017381074116358031e+00
1.021713140215055882e+00
9.333605686855993566e-01
8.634937838904600538e-01
8.922482600508045980e-01
9.701932633153513841e-01
1.010575414964606233e+00
9.737027852180940579e-01
9.120924368014856620e-01
8.916200270199807765e-01
9.267855795366263250e-01
9.750820368626161860e-01
9.832234362630172253e-01
9.584326694527470769e-01
9.256107718480552915e-01
9.129853144866603154e-01
9.285457049066668800e-01
9.505523384275840204e-01
9.678543767755480864e-01
9.619839146118062123e-01
9.402776885363683945e-01
9.166474242982177723e-01
9.149957793946003060e-01
9.429497650801855757e-01
9.792358850521903912e-01
9.848172646543102982e-01
9.468496974527474963e-01
9.026057604081345609e-01
9.001268029364112300e-01
9.460694725596275889e-01
9.939212791825865478e-01
9.895290123854890707e-01
9.437508516014637694e-01
8.972377654597479824e-01
9.009797455048257353e-01
9.380061552531904212e-01
9.740389554547018713e-01
9.800631976202961448e-01
9.580070922383180365e-01
9.338207165981193825e-01
9.251583725402798830e-01
9.260822446444326728e-01
9.354574603387666443e-01
9.501136481897412001e-01
9.678990802644586999e-01
9.715248312383688578e-01
9.527451935702793140e-01
9.223015215756322771e-01
9.056587106774700580e-01
9.224678185543797593e-01
9.623314097322713812e-01
9.837324599900794109e-01
9.700645172672888172e-01
9.343053024179104327e-01
9.064210541750257200e-01
9.086097369920893563e-01
9.416134287850176365e-01
9.726781812522627968e-01
9.782315466679986082e-01
9.571708389724301602e-01
9.345055740482299811e-01
9.251804262614757857e-01
9.321356930894485471e-01
9.470368560596532648e-01
9.530324879923448567e-01
9.505892933117501276e-01
9.471000369906469318e-01
9.483439860753996031e-01
9.519721212353851048e-01
9.531695786916707380e-01
9.482968984004137569e-01
9.325350442570500276e-01
9.198589229415563562e-01
9.224135783211682149e-01
9.416026999476790893e-01
9.597493362127943461e-01
9.685118160857935088e-01
9.631259397418426849e-01
9.437001876473650741e-01
9.227139857666475375e-01
9.109480274853739568e-01
9.147573607870770340e-01
9.317125000610947394e-01
9.471065935023538218e-01
9.578694054924733470e-01
9.585351894539820838e-01
9.481496749102681365e-01
9.349400919604411442e-01
9.236926941505305688e-01
9.193320178189299252e-01
9.236640839176277762e-01
9.303576863238437467e-01
9.363288803492642032e-01
9.390402959633226132e-01
9.423978260037692012e-01
9.374309703625405277e-01
9.366155787248109377e-01
9.345526617232158273e-01
9.346039217238333308e-01
9.368694945418232223e-01
9.400428462079579717e-01
9.384120629324987917e-01
9.373880550131863387e-01
9.319556870407684768e-01
9.281088028083804842e-01
9.253890425430586486e-01
9.263784797642803381e-01
9.272034081463108590e-01
9.319485344825427786e-01
9.388203547978823948e-01
9.440506630004242838e-01
9.705443347149294020e-01
9.502823293545639149e-01
9.470720228042629474e-01
9.441811971880432752e-01
9.382064268835099696e-01
9.320248284369502256e-01
9.246666341622631347e-01
9.231347946089261125e-01
9.217036869172676727e-01
9.226996806501961412e-01
9.235961346144836437e-01
9.297151481765685288e-01
9.352315587081383441e-01
9.409154583114931469e-01
9.438849620681956099e-01
9.483129916564215778e-01
9.487475095686327409e-01
9.502572954007739714e-01
9.480686125837102241e-01
9.443021946313613357e-01
9.380466864164693774e-01
9.336246172934314913e-01
9.299356853885275553e-01
9.278578672239622405e-01
9.253657967288251296e-01
9.238715081061730228e-01
9.215457345897835051e-01
9.230567125149622409e-01
9.239615111305130579e-01
9.247131257907301727e-01
9.246684223018195592e-01
9.277726325717726708e-01
9.283436451367909070e-01
9.320707240188984555e-01
9.339405219483998266e-01
9.353203696394407629e-01
9.367759152383703380e-01
9.359402580190012699e-01
9.358860177857897256e-01
9.376723692026578405e-01
9.373505040825014234e-01
9.368015452386790898e-01
9.361703319752612273e-01
9.353650731283513764e-01
9.346873682364664759e-01
9.338958184594892131e-01
9.327496210038209723e-01
9.336901824105003911e-01
9.297252809673882679e-01
9.294081842193823162e-01
9.286225949075931352e-01
9.296722328272143399e-01
9.273774537298028475e-01
9.269900234925775306e-01
9.281505260646970568e-01
9.278000507116378470e-01
9.253830820778705668e-01
9.268535288397704575e-01
9.252048641687469210e-01
9.266508730233756763e-01
9.252418190529130282e-01
9.253044039373878871e-01
9.270120772137734333e-01
9.284717951383346657e-01
9.273399027991179322e-01
9.256632239417104113e-01
9.256703764999361095e-01
9.258170039435630327e-01
9.285522614183737700e-01
9.289045249109894042e-01
9.278167400141644761e-01
9.298152839917283030e-01
9.290577088663231065e-01
9.296245491057096855e-01
9.318931021562936179e-01
9.323002019286396047e-01
9.328068414696265576e-01
9.330029407743144487e-01
9.333408991504786867e-01
9.339542310183324147e-01
9.307069695838653400e-01
9.301985419033219626e-01
9.308279670271834005e-01
9.290791665410002009e-01
9.258664758046241117e-01
9.240014462472732060e-01
9.221346285503659868e-01
9.220273401769805144e-01
9.205092096935760804e-01
9.177989861725551757e-01
9.168310066260106916e-01
9.186525247874886002e-01
9.178204438472322702e-01
9.211714173759719682e-01
9.237034229878691161e-01
9.269715460504944771e-01
9.295440828256705812e-01
9.336746852010113784e-01
9.373862668736299142e-01
9.417743613450958451e-01
9.445155792850946641e-01
9.465308125651851201e-01
9.421832492569982564e-01
