9.358133001104951276e-01
9.339500586927007575e-01
9.322191396020816923e-01
9.311027444723539714e-01
9.277100476872978119e-01
9.276409062911160630e-01
9.262771518560829476e-01
9.244407325316348345e-01
9.226496127426162541e-01
9.215695764505358323e-01
9.198440217785861517e-01
9.174252650052624469e-01
9.179915091981303288e-01
9.168888231383350851e-01
9.155673880061373504e-01
9.137273924025764993e-01
9.144438403181839314e-01
9.126121893658863948e-01
9.133316175140878679e-01
9.132964507694781853e-01
9.114510907472480605e-01
9.114981784222339067e-01
9.124411240149884472e-01
9.110994233011512344e-01
9.128076926240554778e-01
9.131140605347228822e-01
9.116644754009813889e-01
9.141964810128785368e-01
9.147424596241068295e-01
9.156871933564177946e-01
9.168047805791831317e-01
9.159822363832278436e-01
9.187830589751075916e-01
9.198022985222695791e-01
9.198839568953462997e-01
9.211439992361067919e-01
9.240360169453640804e-01
9.258003146410364037e-01
9.271312865175350693e-01
9.290821467735942418e-01
9.303445733004299667e-01
9.235162643809633476e-01
9.335811058975583832e-01
9.338123719468560680e-01
9.351439398698735417e-01
9.382320568838187214e-01
9.393299745714633886e-01
9.410269190105102766e-01
9.416134287850176365e-01
9.412283827338674413e-01
9.417910506476224741e-01
9.424228599575591447e-01
9.442682199797892695e-01
9.429777792665695602e-01
9.448898964989062010e-01
9.448493653356272448e-01
9.437144927638164704e-01
9.452207023168447408e-01
9.464950497740566293e-01
9.428973129865304559e-01
9.436149529951755044e-01
9.432674578747103356e-01
9.425605467034038343e-01
9.419591357659263808e-01
9.411383797095274062e-01
9.405381608650875691e-01
9.395141529457751162e-01
9.372026845458369948e-01
9.367908164013405425e-01
9.375317022242191101e-01
9.367312117494597246e-01
9.349341314952530624e-01
9.321672835549453806e-01
9.328181663534839130e-01
9.297407781768772805e-01
9.278322372236534887e-01
9.295273935231439522e-01
9.268201502347171994e-01
9.277297172224184818e-01
9.261066825517038081e-01
9.246386199758791502e-01
9.227241185574672766e-01
9.218038227324274470e-01
9.226806071615942795e-01
9.218622352912706486e-01
9.198952817792036551e-01
9.192223452594692201e-01
9.203214550401515037e-01
9.186507366479321757e-01
9.180558822221616122e-01
9.197546148007649247e-01
9.197343492191254466e-01
9.198452138716237680e-01
9.203351641100840919e-01
9.206677580675790562e-01
9.214277173790594855e-01
9.219498541295354510e-01
9.224129822746494067e-01
9.236462025220635308e-01
9.247053771859856663e-01
9.253681809149003623e-01
9.272171172162434472e-01
9.267957123274460640e-01
9.296740209667707644e-01
9.296257411987473018e-01
9.324873605355453732e-01
9.336949507826508565e-01
9.350908917296996137e-01
9.358508510411800430e-01
9.356398505735219473e-01
9.386224673536380791e-01
9.394760059685713927e-01
9.403122592344592690e-01
9.412414957572812213e-01
9.418524434390597166e-01
9.409780431959680058e-01
9.425676992616295324e-01
9.428108862413032698e-01
9.429879120573892992e-01
9.431732825247386431e-01
9.429908922899833401e-01
9.412945438974551493e-01
9.424204757714839120e-01
9.421123197212600830e-01
9.397644924836745517e-01
9.409041334276357915e-01
9.418280055317885813e-01
9.391714261974604128e-01
9.384823964217181569e-01
9.373165294309293571e-01
9.362233801154351553e-01
9.345586221884039091e-01
9.340627114847555035e-01
9.310979761002035060e-01
9.317595877360805856e-01
9.285397444414787982e-01
9.289301549112981560e-01
9.275187167547603861e-01
9.246237188129089457e-01
9.250177055618411526e-01
9.223319199480914943e-01
9.226007369280739834e-01
9.219820406415510927e-01
9.210808183051131248e-01
9.184147022264841365e-01
9.173871180280587234e-01
9.166456361586613477e-01
9.175432822159864665e-01
9.155232805637455451e-01
9.167326589504073420e-01
9.165633817390658189e-01
9.164954324359216864e-01
9.165437122039451490e-01
9.156931538216058764e-01
9.167725940671674900e-01
9.153337377707645439e-01
9.175981184957168191e-01
9.167123933687678639e-01
9.190339945595258353e-01
9.181858203632617954e-01
9.210081006298185269e-01
9.223104622734143998e-01
9.235085157762188413e-01
9.231628087953100970e-01
9.260798604583574400e-01
9.257037551049893676e-01
9.288550530499283253e-01
9.303332484165726113e-01
9.318466105278265799e-01
9.315014995934366437e-01
9.331281105432641665e-01
9.360785408113647676e-01
9.370560571022101826e-01
9.361148996490120666e-01
9.387625382855580014e-01
9.394861387593911317e-01
9.403539824907758415e-01
9.390951322430529657e-01
9.411640097098361579e-01
9.412897755253046839e-01
9.400917220225002424e-01
9.413505722702231182e-01
9.389938043348555752e-01
9.404618669106801221e-01
9.400857615573121606e-01
9.376890585051844695e-01
9.370858594281505916e-01
9.392745422452142279e-01
9.356189889453636610e-01
9.350879114971055728e-01
9.359956903452504307e-01
9.335167328735270997e-01
9.330863872869475939e-01
9.328598896098004856e-01
9.341849010211111803e-01
9.341336410204936769e-01
9.322602668118794567e-01
9.341837089280735640e-01
9.323133149520533847e-01
9.325642505364716284e-01
9.328229347256343784e-01
9.345157068390497201e-01
9.346700828874210387e-01
9.349108856810195434e-01
9.350002926588407703e-01
9.337968747373670553e-01
9.336860100848687338e-01
9.337736289231335363e-01
9.336019675257167805e-01
9.579909989823102157e-01
9.340615193917178871e-01
9.324015298368369953e-01
9.328616777493569101e-01
9.326292196070217200e-01
9.302605307412780133e-01
9.312803663349588090e-01
9.300048267847093042e-01
9.296477949199432045e-01
9.286488209544206951e-01
9.261895330178181451e-01
9.270931395403313457e-01
9.263862283690248445e-01
9.246827274182709555e-01
9.260595948767179619e-01
9.237576632210806604e-01
9.252459913785446854e-01
9.234489111243380233e-01
9.233046678667864438e-01
9.233624843791108372e-01
9.248633295134698340e-01
9.245611339284340868e-01
9.233326820531704282e-01
9.231663850744229460e-01
9.268731983748911274e-01
9.257401139426366665e-01
9.245545774167271968e-01
9.265698106968177639e-01
9.258640916185488789e-01
9.285033856038314992e-01
9.274132165209313383e-01
9.306616700484359184e-01
9.315193809890008891e-01
9.323407330919185609e-01
9.340650956708307362e-01
9.337879340395849326e-01
9.346367042823677806e-01
9.371973201271677212e-01
9.369255229145911912e-01
9.391195701503241011e-01
9.401781487677274285e-01
9.410263229639914684e-01
9.416372706457699637e-01
9.436018399717617244e-01
9.427965811248518735e-01
9.413565327354112000e-01
9.415872027381900766e-01
9.430862597329926489e-01
9.419072797187900692e-01
9.435303143895047429e-01
9.419871499523103653e-01
9.435416392733620983e-01
9.434975318309702930e-01
9.433938197366976697e-01
9.434975318309702930e-01
9.434069327601114496e-01
9.429515532197420002e-01
9.428490332185069933e-01
9.425927332154194760e-01
9.422076871642693918e-01
9.405459094698320754e-01
9.399737048117762228e-01
9.397609162045617026e-01
9.392030166629572463e-01
9.402371573730894383e-01
9.394271301540291219e-01
9.376211092020403370e-01
9.384835885147557732e-01
9.363706036055807758e-01
9.357203168535610516e-01
9.366739912836541393e-01
9.340943019502523370e-01
9.333808342672388347e-01
9.327001491427598934e-01
9.315235533146325464e-01
9.319366135521666150e-01
9.299720442261748543e-01
9.304667628367856436e-01
9.283919249048143696e-01
9.293801700329983317e-01
9.285182867668017037e-01
9.259409816194751341e-01
9.269471081432233417e-01
9.248949199789666675e-01
9.254569918462027811e-01
9.246487527666988893e-01
9.235836176375886719e-01
9.217245485454259590e-01
9.222186711095179401e-01
9.202403927135935913e-01
9.211213494683920811e-01
9.188212059523113151e-01
9.201319122471705025e-01
9.199149513143243251e-01
9.191901587474535784e-01
9.174330136100069533e-01
9.176565310545600207e-01
9.195221566584297346e-01
9.181899926888934527e-01
9.184009931565515483e-01
9.210140610950066087e-01
9.190709494436919424e-01
9.198797845697146425e-01
9.202934408537675193e-01
9.209258462102229981e-01
9.222675469240602109e-01
9.223533776227685888e-01
9.212030078414688017e-01
9.208161736507622930e-01
9.221119787826512759e-01
9.216250087767849930e-01
9.212560559816427297e-01
9.205992127179161155e-01
9.199358129424826114e-01
9.183854959470625356e-01
9.190632008389474361e-01
9.174049994236229688e-01
9.185875557169385086e-01
9.179330966392870161e-01
9.181989333866755754e-01
9.162456889445410591e-01
9.177787205909156976e-01
9.165198703431928218e-01
9.185279510650576906e-01
9.189982317683973445e-01
9.197194480561552421e-01
9.200150871294840993e-01
9.187371633931593617e-01
9.214116241230516646e-01
9.219337608735276302e-01
9.228683618150188561e-01
9.231395629810765779e-01
9.238607792688344755e-01
9.238124995008110130e-01
9.246243148594277539e-01
9.227116015805723048e-01
9.248126655593711387e-01
9.252567202158832327e-01
9.233624843791108372e-01
9.251011520744742977e-01
9.232492355405372830e-01
9.249843269567878945e-01
9.250957876558050241e-01
9.228796866988762115e-01
9.243352322978057867e-01
9.239257483393845671e-01
9.240449576431462031e-01
9.244210629965141646e-01
9.224779513451994983e-01
9.240485339222590522e-01
9.245098739278165834e-01
9.248937278859290512e-01
9.253610283566746642e-01
9.252304941690556728e-01
9.241665511329830718e-01
9.257419020821930911e-01
9.253115564956135852e-01
9.285951767677279589e-01
9.281576786229227549e-01
9.271324786105726856e-01
9.297354137582080069e-01
9.302068865545852772e-01
9.293342744510501019e-01
9.314931549421733292e-01
9.302766239972858342e-01
9.325457730943885748e-01
9.313888468013818978e-01
9.338147561329313007e-01
9.338779370639249677e-01
9.341449659043510323e-01
9.349520128908173078e-01
9.351767224284079916e-01
9.338588635753231060e-01
9.359223766234370245e-01
9.364194794201230465e-01
9.367121382608578628e-01
9.372420236160783347e-01
9.353519601049375964e-01
9.369308873332604648e-01
9.355921668520172929e-01
9.377123043194179886e-01
9.377123043194179886e-01
9.383339808385349201e-01
9.369153901237714521e-01
9.386641906099546517e-01
9.387977050301676840e-01
9.391881154999870418e-01
9.378970787402485243e-01
9.389252589851926345e-01
9.412856031996730266e-01
9.415091206442262051e-01
9.399826455095583455e-01
9.410543371503754528e-01
9.431208304310835233e-01
9.422488143740671562e-01
9.423710039104228331e-01
9.445382290528093749e-01
9.451700383627460456e-01
9.442688160263080777e-01
9.461898739564268412e-01
9.448130064979799458e-01
9.463776286098514179e-01
9.467400248932867912e-01
9.471846755963176934e-01
9.477032360676808098e-01
9.475542244379787649e-01
9.477765497894942159e-01
9.478337702552998012e-01
9.477890667663891877e-01
9.478194651388484049e-01
9.475214418794443150e-01
9.464342530291381950e-01
9.478385386274502666e-01
9.468562539644543863e-01
9.458137686030588798e-01
9.469039376859590407e-01
9.466941293113385614e-01
9.448219471957620685e-01
9.447772437068514551e-01
9.456641609268380266e-01
9.456182653448897968e-01
9.449584418485691417e-01
9.429932764760585728e-01
9.443576269576104965e-01
9.436364106698525989e-01
9.436924390426205678e-01
9.418834378580377420e-01
9.432150057810552157e-01
9.413762022705318699e-01
9.424610069347628682e-01
9.421600034427647374e-01
9.415156771559330950e-01
9.417463471587118606e-01
9.423328569332191096e-01
9.405250478416737892e-01
9.391487764297457019e-01
9.394193815492846156e-01
9.423894813525058867e-01
9.395064043410306098e-01
9.403992820262052632e-01
9.382988140939252375e-01
9.392661975939509134e-01
9.378672764143081153e-01
9.392846750360339669e-01
9.400947022550942833e-01
9.401090073715456796e-01
9.381331131616965635e-01
9.390307592190216823e-01
9.397144245760946646e-01
9.400863576038309688e-01
9.394867348059099399e-01
9.376163408298898716e-01
9.379686043225055059e-01
9.411449362212342962e-01
9.396154808539725067e-01
9.399218487646399112e-01
9.396804499245225983e-01
9.401751685351333876e-01
9.398801255083233386e-01
9.392596410822440234e-01
9.388048575883933822e-01
9.388322757282585584e-01
9.378112480415401464e-01
9.393991159676451375e-01
9.376676008305073751e-01
9.367794915174831871e-01
9.369934722177353237e-01
9.374643489675937857e-01
9.356666726668683154e-01
9.349788349841636759e-01
9.347606819582798821e-01
9.346611421896389160e-01
9.346557777709696424e-01
9.317065395959066576e-01
9.318120398297357054e-01
9.299529707375729926e-01
9.292031442169123023e-01
9.279138955967302094e-01
9.262056262738259660e-01
9.263933809272505426e-01
9.269494923292985744e-01
9.290738021223309273e-01
9.278709802473760204e-01
9.273089083801399068e-01
9.286488209544206951e-01
9.283084783921812244e-01
9.281040344362300187e-01
9.280539665286501316e-01
9.274066600092244483e-01
9.271664532621447519e-01
9.261698634826974752e-01
9.279687318764605619e-01
9.274138125674501465e-01
9.250606209111953415e-01
9.260190637134390057e-01
9.242589383433983397e-01
9.240610508991540240e-01
9.248496204435372459e-01
9.245396762537569924e-01
9.245903402078556876e-01
9.253365904494035288e-01
9.247143178837677890e-01
9.254259974272247558e-01
