9.484488902627098428e-01
9.487016139866845110e-01
9.503818691232048810e-01
9.484566388674543491e-01
9.468604262900860435e-01
9.501124560967035837e-01
9.451533490602194165e-01
9.454799825525262991e-01
9.468187030337694710e-01
9.434724978771803494e-01
9.451289111529482811e-01
9.428138664738973107e-01
9.435607127619639600e-01
9.451956683630547973e-01
9.456230337170402622e-01
9.457845623236372790e-01
9.495563446946555519e-01
9.483684239826707385e-01
9.514517726244655638e-01
9.536446277671608573e-01
9.520442428641608945e-01
9.541488831220725775e-01
9.563161082644591193e-01
9.561426587274859390e-01
9.592802476024923086e-01
9.572346159499426355e-01
9.594036292318856018e-01
9.604920101752293382e-01
9.567178436181358325e-01
9.570021578076073343e-01
9.587867210849191357e-01
9.567476459440762415e-01
9.557778782579753329e-01
9.526718798484659079e-01
9.530694428765109638e-01
9.519756975144979538e-01
9.472174581548521433e-01
9.479660925824752171e-01
9.495176016709330202e-01
9.429032734517185377e-01
9.407581020305277875e-01
9.395910429467013714e-01
9.368235989598749924e-01
9.397919106235397280e-01
9.355468673165878712e-01
9.326822677471956480e-01
9.309054530746284639e-01
9.286696825825789814e-01
9.302778160903234506e-01
9.268124016299726931e-01
9.270412834931950341e-01
9.299333012024523226e-01
9.268231304673112403e-01
9.243054299718653777e-01
9.235204367065950048e-01
9.254814297534739165e-01
9.260703237140565092e-01
9.246207385803149048e-01
9.246988206742787764e-01
9.285308037436966755e-01
9.250945955627674078e-01
9.254635483579096711e-01
9.246928602090906946e-01
9.258402497577965518e-01
9.271867188437842300e-01
9.256012351037543606e-01
9.275795134996788205e-01
9.279514465274151247e-01
9.286416683961949969e-01
9.319598593664001340e-01
9.274662646611052663e-01
9.303642428355506366e-01
9.340823810198761734e-01
9.311522163334150504e-01
9.331680456600243145e-01
9.315682568035431599e-01
9.345586221884039091e-01
9.373725578036973261e-01
9.336126963630553277e-01
9.351379794046854599e-01
9.411306311047828999e-01
9.383047745591133193e-01
9.375829622248366135e-01
9.380454943234317611e-01
9.412838150601166021e-01
9.461898739564268412e-01
9.423215320493617542e-01
9.451599055719263065e-01
9.448094302188670968e-01
9.476865467651541808e-01
9.489829479435619719e-01
9.481782851431709291e-01
9.520770254226953444e-01
9.542126600995850527e-01
9.528006258965284747e-01
9.559990115164531677e-01
9.552348798793410811e-01
9.562338538448635905e-01
9.587259243400007014e-01
9.564067073353179627e-01
9.582443187528036921e-01
9.600330543557470397e-01
9.575052210694815491e-01
9.564317412891079062e-01
9.553332275549444308e-01
9.547163194079779647e-01
9.540785496328532123e-01
9.516162814636566214e-01
9.502310693539464115e-01
9.508885086641918338e-01
9.474242862968785817e-01
9.457851583701560871e-01
9.414346148293751826e-01
9.435434274129185228e-01
9.439636402086782896e-01
9.426416090299617467e-01
9.426141908900965705e-01
9.404904771435829147e-01
9.448600941729657920e-01
9.456599886012063694e-01
9.453422958066816095e-01
9.469277795467113679e-01
9.548283761535139025e-01
9.511054695970380113e-01
9.535176698586547150e-01
9.568740078060635756e-01
9.600723934259883796e-01
9.640968995209812098e-01
9.653235632566885549e-01
9.675807914234151319e-01
9.673435649089294763e-01
9.695650302845275625e-01
9.726638761358114005e-01
9.693367444678240297e-01
9.693796598171782186e-01
9.688962660904247848e-01
9.655864197714829622e-01
9.619296743785946679e-01
9.582997510790528528e-01
9.572906443227106044e-01
9.570993133901731786e-01
9.480715928163042650e-01
9.465439255885989001e-01
9.467531379167005712e-01
9.371508284987006832e-01
9.361846370917126237e-01
9.340382735774843681e-01
9.343130510226549390e-01
9.351993721961227024e-01
9.331322828688958237e-01
9.354181212685253044e-01
9.386355803770518591e-01
9.368879719839062759e-01
9.398682045779471750e-01
9.423030546072787006e-01
9.465838607053590481e-01
9.545851891738401651e-01
9.553445524388017862e-01
9.580798099136126345e-01
9.646345334809461880e-01
9.659863669856032509e-01
9.707243407636094723e-01
9.695250951677674145e-01
9.720785584543416569e-01
9.783924792280768168e-01
9.737224547532147279e-01
9.740157096404683523e-01
9.758092136155621654e-01
9.730673996290445382e-01
9.723187652014213533e-01
9.694243633060888321e-01
9.665341337363879681e-01
9.681631288722907236e-01
9.604437304072058756e-01
9.593058776028010604e-01
9.589720915522684797e-01
9.544588273118528310e-01
9.529055300838387144e-01
9.506095588933896057e-01
9.499115884198652271e-01
9.479523835125426290e-01
9.466249879151568125e-01
9.473706421101858455e-01
9.461684162817497468e-01
9.453136855737788169e-01
9.510482491312324260e-01
9.472907718766655494e-01
9.483314690985046314e-01
9.503335893551814184e-01
9.511352719229784203e-01
9.519500675141892021e-01
9.539855663759191362e-01
9.545220082428464980e-01
9.587163875956997705e-01
9.572155424613407737e-01
9.567744680374226096e-01
9.552658742983191065e-01
9.562499471008714114e-01
9.599180173776170610e-01
9.543330614963843050e-01
9.539778177711746299e-01
9.552748149961012292e-01
9.532136861340625433e-01
9.510643423872402469e-01
9.491742788760993976e-01
9.499473512109937179e-01
9.525556507772983128e-01
9.482313332833448571e-01
9.468896325695076444e-01
9.470559295482551265e-01
9.458167488356529207e-01
9.483207402611660841e-01
9.464741881458983430e-01
9.481663642127947655e-01
9.503574312159337456e-01
9.524620714738454286e-01
9.553803152299302770e-01
9.555412477900084856e-01
9.590221594598483668e-01
9.624774411293793852e-01
9.641308741725532760e-01
9.657717902388323061e-01
9.667606314135350765e-01
9.699250423818877032e-01
9.761042566423722144e-01
9.742171733638255171e-01
9.749628275588545501e-01
9.806330180922768758e-01
9.770251485139308523e-01
9.766645403700519035e-01
9.754009217501785622e-01
9.746922224393156364e-01
9.741027324322143466e-01
9.692509137691156518e-01
9.669048746710866560e-01
9.639615969612117530e-01
9.620190813564158949e-01
9.594298552787131618e-01
9.533454124147191511e-01
9.496648251610786406e-01
9.481371579333731647e-01
9.423155715841736724e-01
9.388573096820485020e-01
9.348643940525525053e-01
9.327222028639557960e-01
9.336180607817246013e-01
9.283978853700024514e-01
9.277100476872978119e-01
9.261168153425235472e-01
9.247786909077990725e-01
9.257138878958091066e-01
9.243411927629938685e-01
9.244788795088385580e-01
9.263093383680985893e-01
9.271366509362043429e-01
9.283156309504069226e-01
9.297699844562988813e-01
9.346331280032549316e-01
9.398401903915631905e-01
9.388227389839576276e-01
9.407288957511061867e-01
9.458429748824804806e-01
9.487564502664148636e-01
9.499401986527680197e-01
9.533877317175545318e-01
9.556300587213109043e-01
9.600133848206263698e-01
9.608550025051835197e-01
9.622855141503231513e-01
9.686685763202400601e-01
9.652246195345663970e-01
9.671558102555048997e-01
9.672231635121302240e-01
9.680564365454240594e-01
9.707487786708806077e-01
9.688819609739733885e-01
9.685374460861022605e-01
9.697796070312985073e-01
9.672327002564311549e-01
9.668285807166792090e-01
9.648246723204459974e-01
9.656597334932963683e-01
9.646899658071953487e-01
9.616972162362594778e-01
9.599472236570386618e-01
9.585626075938472601e-01
9.559227175620457206e-01
9.569491096674334063e-01
9.515477361139936807e-01
9.501172244688540491e-01
9.519607963515277493e-01
9.467257197768353949e-01
9.447742634742574142e-01
9.423566987939714368e-01
9.409416843583207068e-01
9.412796427344849448e-01
9.382713959540600612e-01
9.357119722022977371e-01
9.348310154474992473e-01
9.322864928587070166e-01
9.327806154227989976e-01
9.285498772322985372e-01
9.287578974673625920e-01
9.282756958336467745e-01
9.249843269567878945e-01
9.236837534527484461e-01
9.230340627472475301e-01
9.225846436720661625e-01
9.239573388048814007e-01
9.199232959655876396e-01
9.189255140931027466e-01
9.186477564153381348e-01
9.172321459331685967e-01
9.181774757119984809e-01
9.183497331559340449e-01
9.150988954423541211e-01
9.192140006082059056e-01
9.167314668573697256e-01
9.172470470961388012e-01
9.187705419982126198e-01
9.200299882924543038e-01
9.207386876033172296e-01
9.193636082844267587e-01
9.215230848220687943e-01
9.249169737001625702e-01
9.250868469580229014e-01
9.268910797704553728e-01
9.264321239509730743e-01
9.303266919048657213e-01
9.340317170657774781e-01
9.313095726143804098e-01
9.359384698794448454e-01
9.426433971695181713e-01
9.403861690027914833e-01
9.410203624988033866e-01
9.443808727718440155e-01
9.455932313910998532e-01
9.492398439931684084e-01
9.477157530445757816e-01
9.501923263302238798e-01
9.556854910475600651e-01
9.552527612749053265e-01
9.546567147560971467e-01
9.562410064030892887e-01
9.583760450334602998e-01
9.603429985455272933e-01
9.582055757290811604e-01
9.601379585430572794e-01
9.617299987947939277e-01
9.597314548172301008e-01
9.591675948104375626e-01
9.574843594413232628e-01
9.596515845837098047e-01
9.626854613644434400e-01
9.551472610410762787e-01
9.569163271088989564e-01
9.566153236169008256e-01
9.540970270749362658e-01
9.528471175249955127e-01
9.492493807374693393e-01
9.495044886475192403e-01
9.487576423594524799e-01
9.449560576624939090e-01
9.429128101960194686e-01
9.431708983386634104e-01
9.406204152846830979e-01
9.375460073406705064e-01
9.346146505611718780e-01
9.348786991690039017e-01
9.338886659012635150e-01
9.303016579510757778e-01
9.302223837640742898e-01
9.268898876774177564e-01
9.266246469765481164e-01
9.276331576863715567e-01
9.223587420414378624e-01
9.232313541449730376e-01
9.248317390479730005e-01
9.217412378479525881e-01
9.231103567016549771e-01
9.216381218001987730e-01
9.217251445919447672e-01
9.231800941443555342e-01
9.226072934397808734e-01
9.237099794995760060e-01
9.247029929999104336e-01
9.243870883449420983e-01
9.265847118597879684e-01
9.269947918647279961e-01
9.274167928000441874e-01
9.318764128537669889e-01
9.305770314427651568e-01
9.342445056729919983e-01
9.335644165950317541e-01
9.365285559330649434e-01
9.418476750669092512e-01
9.405858445865922235e-01
9.423590829800466695e-01
9.460128481403408118e-01
9.472901758301467412e-01
9.495992600440097409e-01
9.507508219183471443e-01
9.536631052092439109e-01
9.587295006191135505e-01
9.579331824699858222e-01
9.607691718064751418e-01
9.649444776707265525e-01
9.642053799874042985e-01
9.679080209622408226e-01
9.683651886421666966e-01
9.712762798400258468e-01
9.739596812677003834e-01
9.719724621739938009e-01
9.744961231346277453e-01
9.773881408438850338e-01
9.768546792095517128e-01
9.775484773574444342e-01
9.748442143016117223e-01
9.777898761975617470e-01
9.773237678198537504e-01
9.749664038379673991e-01
9.755183429143837737e-01
9.769601794433807607e-01
9.738213984753368857e-01
9.736407963801380072e-01
9.706289733206001635e-01
9.701312744773953334e-01
9.707732165781517431e-01
9.658373553559012059e-01
9.644873099908005676e-01
9.647662597616027957e-01
9.599657010991217154e-01
9.587944696896636421e-01
9.539772217246558217e-01
9.534914438118271551e-01
9.520275535616342655e-01
9.462858374459549582e-01
9.446490937053076964e-01
9.468371804758525245e-01
9.391040729408350884e-01
9.382827208379174166e-01
9.336359421772888467e-01
9.329814830996373543e-01
9.308100856316191551e-01
9.267003448844367552e-01
9.263570220896032437e-01
9.239811806656337279e-01
9.216732885448084556e-01
9.212602283072743869e-01
9.193504952610129788e-01
9.175903698909723127e-01
9.190477036294584234e-01
9.155453342849414478e-01
9.151090282331738601e-01
9.139985935686342211e-01
9.152818817236282323e-01
9.153563875384792548e-01
9.152341980021235779e-01
9.147055047399407224e-01
9.130568400689172970e-01
9.170342584889242810e-01
9.188468359526200668e-01
9.170348545354430891e-01
9.185315273441705397e-01
9.234983829853991022e-01
9.214086438904576237e-01
9.242684750876992705e-01
9.258789927815190834e-01
9.261907251108557615e-01
9.305114663256962571e-01
9.290362511916460120e-01
9.316195168041606633e-01
9.360225124385967987e-01
9.354139489428936471e-01
9.389306234038619081e-01
9.385658429343513021e-01
9.413744141309754454e-01
9.456826383689210802e-01
9.475208458329255068e-01
9.487767158480543417e-01
9.475190576933690823e-01
9.516866149528759866e-01
9.562815375663682449e-01
9.547443335943619491e-01
9.554262108118785068e-01
9.594834994654058979e-01
9.598524522605481613e-01
9.611041499500453389e-01
9.602994871496542961e-01
9.634764150949018946e-01
9.664095600139570585e-01
9.638894753324359632e-01
9.656698662841161074e-01
9.688360653920251586e-01
9.675015172364136440e-01
9.679396114277376562e-01
9.679270944508426844e-01
9.701247179656884434e-01
9.700323307552731755e-01
9.707452023917677586e-01
9.726388421820213459e-01
9.753091305862821025e-01
9.700847828489282954e-01
9.720576968261833706e-01
9.729613033486966822e-01
9.721214738036958458e-01
9.706611598326158052e-01
9.710688556514806002e-01
9.700376951739424491e-01
9.726150003212690187e-01
9.695739709823096852e-01
9.719265665920455710e-01
