1.631342963140363977e+00
1.631050304299629161e+00
1.627908543098991245e+00
1.628773406597781914e+00
1.626947120064153651e+00
1.627689794026588643e+00
1.626796916341413990e+00
1.626500681221566325e+00
1.625601843071203589e+00
1.623637273745211829e+00
1.624524190965198400e+00
1.622085764656754137e+00
1.622445776754114277e+00
1.622411802102542211e+00
1.620067551144069640e+00
1.621104672086795873e+00
1.620437696032249519e+00
1.619952514165939661e+00
1.618889167176385868e+00
1.618748500197947138e+00
1.616679026684644915e+00
1.615144206898713852e+00
1.616406037379030769e+00
1.616157485980687758e+00
1.615628196671986094e+00
1.613553954786533629e+00
1.614541603868198782e+00
1.612634255008012607e+00
1.612419082214722854e+00
1.611787272904786184e+00
1.612020923140158990e+00
1.611734224764612255e+00
1.611611439181737770e+00
1.609665943344347872e+00
1.609248114734663337e+00
1.609907938230983993e+00
1.608341527979556096e+00
1.609680844507318076e+00
1.608519149842160934e+00
1.608235431699208240e+00
1.607412887503252952e+00
1.605881047949915930e+00
1.605060887940035874e+00
1.604995322822966974e+00
1.605614019109489865e+00
1.603452158385772597e+00
1.604671073516735325e+00
1.604148936766259359e+00
1.602180195114635941e+00
1.601021480682072617e+00
1.600325894394623472e+00
1.601533484641728844e+00
1.599722099271070785e+00
1.600150060671575059e+00
1.599666070898302817e+00
1.599003267169388121e+00
1.598595571350523326e+00
1.596374105974925239e+00
1.596952271098169174e+00
1.595707725966897694e+00
1.595696997129559147e+00
1.594832133630768478e+00
1.593991708039248945e+00
1.593402218032147655e+00
1.591292213355566698e+00
1.589886735664217010e+00
1.591118167772074710e+00
1.589043329840103436e+00
1.589233468679603245e+00
1.586882661209423784e+00
1.587217043306475173e+00
1.586097667944153411e+00
1.587129424468210370e+00
1.587341617028906082e+00
1.585598180961391934e+00
1.585042665605862711e+00
1.582644174414178595e+00
1.581683943472378617e+00
1.582919547905867974e+00
1.580775568577714951e+00
1.582335422317435958e+00
1.581519434633187560e+00
1.581311414398123505e+00
1.580911467184003216e+00
1.581111142767803956e+00
1.580417940666430043e+00
1.579784343216936948e+00
1.579572746702760044e+00
1.580193231128839360e+00
1.578620860412223381e+00
1.578612515760960067e+00
1.580475757178754437e+00
1.580279061827547737e+00
1.580314824618676228e+00
1.578840801577663600e+00
1.579345652979094128e+00
1.580485293923055368e+00
1.581157038349752186e+00
1.581631491378723497e+00
1.580625960901494098e+00
1.581769774171086995e+00
1.582705567205615838e+00
1.581728646961289231e+00
1.583353469771560329e+00
1.583590696286045985e+00
1.582061240918784195e+00
1.583655665356596076e+00
1.582760403485346190e+00
1.584540794437026223e+00
1.583143661396939850e+00
1.583124587908337988e+00
1.583588908146489560e+00
1.585167239328293620e+00
1.583517978610751387e+00
1.583261082561145061e+00
1.584731529323044841e+00
1.583845804196095886e+00
1.585409830261448549e+00
1.583464930470577459e+00
1.584820936300866068e+00
1.584978292581831427e+00
1.584939549558108896e+00
1.584122369780822881e+00
1.582744906275857177e+00
1.582510659993965563e+00
1.584332774201962168e+00
1.583875606522036295e+00
1.582244823246577115e+00
1.583614538146798312e+00
1.581685731611935042e+00
1.582780073020466860e+00
1.581171343466203583e+00
1.582035610918475443e+00
1.581035444859915318e+00
1.579784343216936948e+00
1.579194853209835658e+00
1.580446550899332836e+00
1.580038259033949233e+00
1.579233596233558190e+00
1.578753182739398797e+00
1.578588673900207739e+00
1.576123425498417108e+00
1.576919743647544836e+00
1.576477477130589167e+00
1.575196573161670388e+00
1.576048323637047277e+00
1.575868317588367207e+00
1.575561353631180994e+00
1.573594996165632809e+00
1.573368498488485701e+00
1.574127861753447322e+00
1.571716257538349426e+00
1.573209354067963917e+00
1.573385783837531138e+00
1.572460123593822034e+00
1.572476216849829855e+00
1.570738145200985203e+00
1.572188922427764313e+00
1.570403763103933814e+00
1.572202631497696901e+00
1.569410153557080356e+00
1.569246240764408107e+00
1.570349522870722270e+00
1.570272036823276984e+00
1.569986530540767866e+00
1.568348594707082988e+00
1.569364854021650935e+00
1.569212266112836041e+00
1.568983980296132508e+00
1.567262597949814484e+00
1.566741653292376135e+00
1.568074413308431225e+00
1.566331573287436107e+00
1.565895267235668520e+00
1.565520950021856983e+00
1.565546580022165735e+00
1.565014310480870030e+00
1.566007323981204458e+00
1.587504933775059524e+00
1.564682312569893874e+00
1.564352102798474142e+00
1.562624759986968037e+00
1.563458033020261873e+00
1.560476012286664549e+00
1.562344022076609384e+00
1.561596579742023927e+00
1.559698171579619874e+00
1.560564823217966968e+00
1.557840294580494778e+00
1.558885164127965517e+00
1.558429188541077259e+00
1.558075136908905201e+00
1.557173914572467233e+00
1.555201596641730966e+00
1.555891818510510838e+00
1.554750389426993173e+00
1.552678531727615718e+00
1.553629225925114765e+00
1.552946752661079399e+00
1.550986951707238104e+00
1.551460808689690607e+00
1.551037019614817991e+00
1.550425475886520799e+00
1.548361962838406880e+00
1.548973506566704073e+00
1.548606341911118234e+00
1.547620480969009504e+00
1.546493357001943236e+00
1.546151226300147341e+00
1.545161193032406954e+00
1.544778531167332103e+00
1.542749588817309059e+00
1.543637102083814439e+00
1.543042843704562683e+00
1.542100494158326951e+00
1.539291922961702808e+00
1.539893333899180261e+00
1.539252583891461468e+00
1.538901512491883228e+00
1.537923996201037813e+00
1.535766307802952202e+00
1.536402289438520530e+00
1.534177843830328403e+00
1.534598652672606978e+00
1.533950750106662486e+00
1.531104031932834619e+00
1.530386987970708379e+00
1.531137410537887877e+00
1.528660837252239890e+00
1.528798523998084580e+00
1.527565899797189264e+00
1.526889386998341980e+00
1.525950017684700288e+00
1.523065748580187284e+00
1.522986474393185796e+00
1.521924915543188428e+00
1.521020116927637611e+00
1.519966306682384749e+00
1.518858256203920343e+00
1.516374530360046657e+00
1.515245022206905157e+00
1.514048160797138332e+00
1.513933123819008353e+00
1.510734738199083660e+00
1.510505260289342511e+00
1.509628475860175678e+00
1.508429230264333620e+00
1.505633772091123035e+00
1.505755961627478712e+00
1.502908051360613229e+00
1.501606881810054972e+00
1.500957191104554056e+00
1.498252928048721344e+00
1.497562110133422664e+00
1.494504391491936701e+00
1.494805991030453640e+00
1.491861521227541010e+00
1.491701780760500418e+00
1.490398823070385737e+00
1.488164840717892679e+00
1.486054836041311722e+00
1.482845721584048482e+00
1.480741081326136799e+00
1.479929265967520058e+00
1.478837308745063472e+00
1.475266394050883445e+00
1.473235067514785168e+00
1.471162613768889127e+00
1.470712598647188951e+00
1.466913398136305613e+00
1.466161783476088498e+00
1.461795146679299773e+00
1.459700043165688799e+00
1.459016377808615816e+00
1.456842000108003576e+00
1.454646164732714242e+00
1.452177936098329569e+00
1.448354297680175096e+00
1.447743946044915520e+00
1.444662385542677008e+00
1.442772918078055078e+00
1.438766293378626493e+00
1.437794141506450352e+00
1.434489063559658995e+00
1.433438829593518982e+00
1.431371144219773406e+00
1.429130605355573236e+00
1.426846555095500291e+00
1.424581578324029207e+00
1.422215273644360733e+00
1.419679691753350737e+00
1.417372991725563081e+00
1.413666178425094788e+00
1.412747074693092575e+00
1.410793234204439361e+00
1.408426333478252079e+00
1.405348945301645447e+00
1.403743792026495019e+00
1.399817633607105538e+00
1.397305893576847646e+00
1.394413875867590358e+00
1.393733786789630225e+00
1.390077041396742041e+00
1.389092968594189736e+00
1.384608910633195800e+00
1.384011075974831195e+00
1.379934713832701831e+00
1.378480956373328681e+00
1.374021932366124688e+00
1.370679303488648415e+00
1.368421479275403030e+00
1.365699334824005851e+00
1.362698240601806665e+00
1.361098451745325510e+00
1.358514590086292051e+00
1.354137224452164778e+00
1.352573198386812114e+00
1.349613231374410471e+00
1.345753830165127507e+00
1.341496865927799487e+00
1.339503090322386125e+00
1.336369077726492716e+00
1.331788460229451632e+00
1.329637924389591719e+00
1.326381722257342632e+00
1.321454205686355410e+00
1.316995777725670003e+00
1.314456023509028348e+00
1.308446682506404279e+00
1.305121338977973444e+00
1.300648605900836641e+00
1.297862684471927208e+00
1.293587242792516134e+00
1.288784895990478407e+00
1.283885393605875169e+00
1.280314478911695364e+00
1.273985656974990111e+00
1.269148739474861509e+00
1.262786538933102998e+00
1.259457619125559313e+00
1.253301054632789402e+00
1.248557120389595099e+00
1.244824677088818277e+00
1.240013985635517235e+00
1.233228592065404916e+00
1.228846458059127178e+00
1.225545552437967256e+00
1.221144940989606464e+00
1.215859200460815526e+00
1.213232423452427877e+00
1.209213877822622907e+00
1.205871248945146634e+00
1.201166057725674863e+00
1.199855351430815675e+00
1.197008037210469000e+00
1.194198869967325827e+00
1.193939589731644269e+00
1.190285824571350126e+00
1.191386126445070026e+00
1.191193007372976176e+00
1.192014955522412656e+00
1.190881871090158306e+00
1.194586300204551144e+00
1.196680807671643310e+00
1.199442887239800415e+00
1.203256988913653958e+00
1.208340073626050115e+00
1.214175369045182418e+00
1.220995333313385611e+00
1.228706983173726064e+00
1.235009579063603757e+00
1.244903951275819765e+00
1.251169592281531351e+00
1.259629876569494877e+00
1.264853032213810957e+00
1.267696770155044783e+00
1.270048173671743053e+00
1.269482525525394090e+00
1.265471132453815040e+00
1.257481724915709975e+00
1.245582252214223473e+00
1.227461245949416968e+00
1.202007675410232013e+00
1.170626422241499709e+00
1.133933798543667715e+00
1.090538035695318708e+00
1.045696263992341057e+00
9.954239124565019692e-01
9.398705887640224077e-01
8.852655750829666603e-01
8.282799516057910427e-01
7.778520319285431306e-01
7.206333542625134037e-01
6.708658541281049548e-01
6.292856489760457750e-01
6.003589153717655558e-01
5.891705261672169902e-01
6.080276498827517084e-01
6.535721604314042033e-01
7.298136627451971004e-01
8.314610518766702985e-01
9.486598907303679384e-01
1.070101984751461011e+00
1.184727094736945041e+00
1.274532827679256020e+00
1.325862565739460708e+00
1.324864783866975815e+00
1.275435838155250412e+00
1.178722522106471216e+00
1.046911602844190936e+00
8.998556017703535082e-01
7.485104499471724182e-01
6.167668839415173521e-01
5.271220835592845821e-01
4.975325462260897225e-01
5.503023326757350286e-01
6.799740409820128617e-01
8.652533132139818006e-01
1.066672929128757552e+00
1.243254690558277531e+00
1.355210704232538310e+00
1.385780142042653873e+00
1.319492020546438660e+00
1.162572641679363361e+00
9.420205285573636234e-01
7.087773929568997877e-01
5.285931263677032810e-01
4.543251340776841563e-01
5.097616326524773145e-01
6.871105059517033098e-01
9.340841691594325980e-01
1.175689241372256388e+00
1.351004403949308763e+00
1.420504620135381257e+00
1.367284818564035831e+00
1.191635869936450653e+00
9.342433135799543820e-01
6.806326723852959004e-01
5.081773410054851725e-01
4.627943590634296944e-01
5.528003636360602213e-01
7.592458437974266561e-01
1.025106433046631071e+00
1.263295562660165183e+00
1.372580691883646509e+00
1.315302409565735964e+00
1.138171689292393873e+00
9.233285097275387709e-01
7.488794027423146815e-01
6.573975869891151014e-01
6.805176354071659217e-01
8.051587110947026060e-01
9.742201535964195580e-01
1.103634965853091066e+00
1.118427648356872695e+00
1.005822540023629585e+00
8.472115811361766724e-01
7.453895503746926776e-01
7.484198508763135749e-01
8.619261815459944298e-01
1.045913820971706043e+00
1.235435156278032798e+00
1.336752335638086375e+00
1.246320157804508000e+00
9.596426438859276820e-01
6.082666645367937885e-01
3.757912368525548885e-01
4.156709212864543312e-01
7.142336027900698658e-01
1.086321006574750836e+00
1.356213254477173669e+00
1.442013554813093457e+00
1.335524479809341303e+00
1.084265838177900010e+00
7.868261083157191971e-01
5.808324314156092516e-01
5.845195751809567630e-01
7.483155427355221434e-01
9.419704606497837363e-01
1.078106293452536280e+00
1.116669311126388342e+00
1.060650475102719703e+00
9.432912997354626627e-01
8.289546762650819023e-01
7.985622642710523689e-01
8.698726737347451943e-01
9.920467128809348223e-01
1.096639763908358045e+00
1.127974525448623311e+00
1.074918636669950134e+00
9.439958267206939313e-01
7.720453467423137317e-01
6.576181242010741279e-01
6.791586493442832717e-01
8.206201577925870128e-01
9.986592529605928803e-01
1.130455867106421763e+00
1.161913414229561514e+00
1.086824665883143748e+00
9.681607446862154909e-01
8.869660958011265084e-01
8.778883073196777076e-01
9.195251368910237755e-01
9.309555209822083510e-01
8.607406450200849601e-01
7.664949615591718501e-01
7.506180704376781421e-01
8.532179419062068115e-01
1.035680298290288182e+00
1.186774514529051139e+00
1.206442261510164871e+00
1.081472168144246071e+00
