9.409464527304711723e-01
9.450114899887430697e-01
9.445203476572451295e-01
9.466983016369702186e-01
9.480763611884547304e-01
9.481341777007791238e-01
9.450573855706912996e-01
9.469480451283508460e-01
9.503055751687974340e-01
9.457416469742830900e-01
9.473557409472156410e-01
9.468854602438759871e-01
9.477360186262152597e-01
9.489746032922986574e-01
9.476007160664458029e-01
9.459854300004756356e-01
9.474242862968785817e-01
9.476716456021839763e-01
9.465510781468245982e-01
9.458560879058942605e-01
9.468026097777616501e-01
9.490079818973519155e-01
9.494717060889847904e-01
9.480668244441537995e-01
9.470916923393836173e-01
9.479720530476632989e-01
9.500331819097020958e-01
9.469844039659981449e-01
9.478236374644800621e-01
9.502334535400216442e-01
9.480352339786569660e-01
9.463436539582793516e-01
9.460325176754614818e-01
9.464342530291381950e-01
9.490473209675932553e-01
9.466035302404797180e-01
9.476483997879504573e-01
9.449673825463512644e-01
9.464783604715300003e-01
9.480400023508074314e-01
9.457362825556138164e-01
9.463502104699862416e-01
9.491438805036401805e-01
9.463430579117605435e-01
9.458888704644287104e-01
9.452135497586190427e-01
9.464789565180488085e-01
9.483684239826707385e-01
9.452636176661989298e-01
9.453196460389668987e-01
9.450836116175188595e-01
9.455127651110607490e-01
9.450848037105564758e-01
9.456617767407627939e-01
9.452594453405672725e-01
9.482515988649843353e-01
9.456170732518521804e-01
9.456492597638678221e-01
9.459687406979490065e-01
9.455151492971359817e-01
9.494454800421572305e-01
9.444732599822592833e-01
9.468038018707992665e-01
9.454638892965184782e-01
9.453267985971925969e-01
9.488923488727031286e-01
9.457029039505605583e-01
9.469498332679072705e-01
9.486706195677064857e-01
9.462327893057810302e-01
9.463353093070160371e-01
9.436030320647993408e-01
9.445465737040726895e-01
9.472699102485072631e-01
9.447003537059251999e-01
9.462560351200145492e-01
9.437305860198242913e-01
9.459574158140916511e-01
9.484536586348603082e-01
9.450335437099389724e-01
9.458274776729914679e-01
9.473611053658849146e-01
9.432990483402071691e-01
9.465022023322823275e-01
9.422643115835561689e-01
9.449119502201021037e-01
9.489060579426357167e-01
9.456117088331829068e-01
9.450710946406238877e-01
9.474219021108033489e-01
9.452606374336048889e-01
9.473056730396357539e-01
9.436715774144622815e-01
9.452123576655814263e-01
9.465391572164484346e-01
9.450651341754358059e-01
9.457446272068771309e-01
9.449214869644030346e-01
9.459496672093471448e-01
9.499860942347162496e-01
9.439338378827378806e-01
9.474546846693377988e-01
9.497929751626223993e-01
9.460754330248156707e-01
9.471030172232409727e-01
9.463180239579705999e-01
9.486747918933381429e-01
9.501804053998477162e-01
9.470755990833757965e-01
9.482545790975783762e-01
9.524668398459958940e-01
9.502274930748335624e-01
9.504468381937549726e-01
9.475703176939865857e-01
9.496666133006350652e-01
9.511984528539720873e-01
9.515745582073400488e-01
9.504593551706499444e-01
9.496797263240488451e-01
9.510047377353594289e-01
9.533477966007943838e-01
9.518052282101188144e-01
9.514082612285925666e-01
9.553070015081168709e-01
9.511907042492275810e-01
9.532887879954323740e-01
9.514088572751113748e-01
9.532649461346800468e-01
9.545869773133965897e-01
9.532071296223556534e-01
9.542198126578107509e-01
9.510977209922935049e-01
9.520907344926279325e-01
9.561039157037634073e-01
9.521026554230040961e-01
9.529144707816208371e-01
9.554637617425634222e-01
9.526760521740975651e-01
9.552986568568535564e-01
9.519160928626171359e-01
9.528858605487180444e-01
9.548581784794543115e-01
9.529877845034342432e-01
9.540213291670476270e-01
9.546251242906003132e-01
9.537614528848472606e-01
9.523172321697750409e-01
9.522576275178942229e-01
9.529019538047258653e-01
9.555484003482341837e-01
9.526063147313970081e-01
9.514911116947069036e-01
9.525937977545020363e-01
9.518052282101188144e-01
9.539277498635947428e-01
9.495843588810395364e-01
9.523827972868439407e-01
9.520287456546718818e-01
9.492195784115289303e-01
9.488476453837925151e-01
9.482301411903072408e-01
9.489078460821921412e-01
9.512860716922368898e-01
9.477473435100726151e-01
9.487814842202048071e-01
9.506477058705933292e-01
9.481520590963433692e-01
9.493757425994566734e-01
9.467483695445501057e-01
9.476537642066197309e-01
9.498466193493151355e-01
9.471208986188052181e-01
9.471852716428365015e-01
9.458316499986231252e-01
9.462959702367746972e-01
9.513540209953810223e-01
9.458978111622108331e-01
9.458179409286905370e-01
9.486795602654886084e-01
9.455497199952268561e-01
9.454960758085341199e-01
9.447086983571885144e-01
9.457309181369445428e-01
9.489471851524334811e-01
9.440053634649948622e-01
9.466130669847806489e-01
9.477908549059456123e-01
9.453411037136439932e-01
9.463716681446633361e-01
9.458650286036763832e-01
9.454525644126611228e-01
9.470380481526908811e-01
9.459496672093471448e-01
9.472556051320558668e-01
9.448952609175754747e-01
9.464962418670942457e-01
9.512354077381381945e-01
9.452284509215892472e-01
9.469093021046283143e-01
9.488351284068975433e-01
9.463233883766398735e-01
9.468103583825061564e-01
9.474910435069850978e-01
9.471954044336562406e-01
9.496564805098153261e-01
9.474499162971873334e-01
9.475500521123471076e-01
9.461177523276510515e-01
9.472240146665590332e-01
9.497595965575691412e-01
9.486360488696156112e-01
9.480364260716945823e-01
9.495044886475192403e-01
9.467394288467679830e-01
9.468890365229888362e-01
9.464926655879813966e-01
9.464086230288294432e-01
9.511173905274141749e-01
9.442586832354883386e-01
9.456796581363270393e-01
9.480805335140863876e-01
9.458525116267814115e-01
9.499407946992868279e-01
9.446431332401196146e-01
9.457106525553050647e-01
9.495599209737684010e-01
9.461624558165616650e-01
9.457261497647940773e-01
9.465814765192838154e-01
9.468318160571832509e-01
9.454656774360749028e-01
9.449226790574406509e-01
9.453005725503650369e-01
9.495104491127073221e-01
9.467394288467679830e-01
9.458841020922782450e-01
9.459401304650462139e-01
9.470684465251500983e-01
9.508181751749724686e-01
9.453703099930655940e-01
9.469343360584182578e-01
9.472371276899728132e-01
9.462161000032544012e-01
9.473408397842454365e-01
9.470606979204055920e-01
9.457261497647940773e-01
9.494419037630443814e-01
9.467811521030845556e-01
9.478558239764957039e-01
9.502173602840138233e-01
9.499545037692194160e-01
9.488482414303113233e-01
9.481204686308465357e-01
9.513730944839828840e-01
9.520186128638521428e-01
9.514434279732022492e-01
9.513236226229218051e-01
9.530169907828558440e-01
9.500158965606566586e-01
9.520233812360026082e-01
9.532995168327709212e-01
9.506936014525415590e-01
9.518022479775247735e-01
9.502465665634354242e-01
9.498162209768559183e-01
9.526367131038562253e-01
9.492458044583564902e-01
9.496570765563341343e-01
9.492708384121464338e-01
9.489346681755385093e-01
9.502727926102629841e-01
9.477050242072372344e-01
9.483898816573478330e-01
9.505320728459445423e-01
9.474219021108033489e-01
9.480370221182133905e-01
9.502519309821046978e-01
9.472168621083333351e-01
9.476358828110554855e-01
9.472812351323646185e-01
9.490210949207656954e-01
9.502179563305326315e-01
9.480370221182133905e-01
9.491796432947686712e-01
9.467549260562569957e-01
9.475274023446323968e-01
9.500480830726723003e-01
9.482700763070673888e-01
9.466953214043761777e-01
9.499956309790171805e-01
9.478117165341038985e-01
9.469546016400577360e-01
9.473605093193661064e-01
9.468181069872506628e-01
9.492124258533031211e-01
9.471405681539258881e-01
9.471208986188052181e-01
9.499342381875799379e-01
9.481848416548778191e-01
9.460605318618454662e-01
9.472514328064242095e-01
9.483565030522945749e-01
9.493286549244708272e-01
9.463478262839110089e-01
9.473402437377266283e-01
9.486586986373303221e-01
9.475464758332342585e-01
9.502656400520372859e-01
9.491414963175649477e-01
9.485502181709072334e-01
9.515995921611299924e-01
9.492720305051840501e-01
9.499896705138290987e-01
9.487856565458364644e-01
9.499628484204827306e-01
9.521306696093880806e-01
9.491152702707373878e-01
9.498805940008872017e-01
9.510863961084361495e-01
9.513683261118324186e-01
9.521562996096968323e-01
9.497983395812916729e-01
9.492189823650101221e-01
9.510118902935851271e-01
9.483976302620923393e-01
9.490234791068409281e-01
9.457815820910432381e-01
9.486890970097895392e-01
9.488190351508897225e-01
9.457315141834633510e-01
9.470541414086987020e-01
9.492493807374693393e-01
9.471173223396923690e-01
9.458191330217281534e-01
9.442443781190369423e-01
9.468061860568744992e-01
9.490503012001872962e-01
9.449500971973058272e-01
9.454120332493821666e-01
9.466863807065940550e-01
9.461499388396666932e-01
9.463621314003624052e-01
9.456337625543788095e-01
9.452534848753791907e-01
9.491772591086934385e-01
9.449459248716741699e-01
9.459240372090383930e-01
9.452433520845594517e-01
9.447551899856555524e-01
9.451295071994670893e-01
9.491409002710461396e-01
9.443248443990760466e-01
9.443159037012939239e-01
9.435911111344231772e-01
9.462774927946916437e-01
9.458417827894428642e-01
9.457237655787188446e-01
9.461404020953657623e-01
9.450234109191192333e-01
9.483308730519858232e-01
9.490872560843534034e-01
9.469796355938476795e-01
9.479595360707683271e-01
9.512562693662964808e-01
9.483439860753996031e-01
9.504659116823568343e-01
9.502930581919024622e-01
9.505362451715761996e-01
9.515715779747460079e-01
9.493393837618093745e-01
9.505439937763207059e-01
9.512884558783121225e-01
9.453828269699605658e-01
9.477956232780960777e-01
9.473646816449977637e-01
9.452946120851769551e-01
9.463454420978357762e-01
9.446800881242857217e-01
9.442223243978410396e-01
9.477014479281243853e-01
9.436906509030641432e-01
9.431530169430991650e-01
9.439272813710309906e-01
9.422202041411643636e-01
9.429360560102529876e-01
9.412039448265963060e-01
9.431995085715662031e-01
9.436572722980108852e-01
9.395469355043095661e-01
9.422339132110969517e-01
9.391642736392347146e-01
9.407783676121672656e-01
9.404696155154246284e-01
9.367246552377528346e-01
9.392161296863710263e-01
9.395725655046183178e-01
9.367258473307904509e-01
9.361381454632455856e-01
9.362239761619539635e-01
9.358895940649025746e-01
9.392816948034399260e-01
9.348882359133048325e-01
9.358025712731565804e-01
9.384853766543121978e-01
9.376693889700637996e-01
9.384484217701460906e-01
9.362949056976921369e-01
9.395391868995650597e-01
9.425772360059304633e-01
9.411300350582640917e-01
9.417809178568027351e-01
9.408057857520324418e-01
9.421349694889747939e-01
9.425128629818991799e-01
9.404654431897929712e-01
9.420205285573636234e-01
9.432269267114313793e-01
9.427250555425948919e-01
9.429157904286135095e-01
9.453208381320045151e-01
9.425957134480135169e-01
9.448714190568231475e-01
9.436584643910485015e-01
9.451545411532570329e-01
9.478599963021273611e-01
9.453291827832678296e-01
9.468872483834324116e-01
9.482879577026316342e-01
9.469140704767787797e-01
9.492988525985304182e-01
9.478796658372480310e-01
9.514648856478793437e-01
9.525175038000945893e-01
9.509659947116368972e-01
9.509451330834786109e-01
9.575344273489031499e-01
9.529943410151411332e-01
9.533448163682003429e-01
9.533925000897049973e-01
9.539396707939709064e-01
9.570510336221497161e-01
9.539813940502874789e-01
9.544624035909656801e-01
9.586293648039537763e-01
9.536547605579805964e-01
9.561188168667336118e-01
9.571863361819191729e-01
9.562648482638416159e-01
9.546769803377366248e-01
9.541643803315615902e-01
9.546233361510438886e-01
9.574110457195098567e-01
9.552950805777407073e-01
9.550995773195716243e-01
9.562642522173228077e-01
9.574980685112558509e-01
9.613288594876360227e-01
9.578956315393009069e-01
9.577925154915470918e-01
9.578038403754044472e-01
9.587134073631057296e-01
9.605522108736289644e-01
9.592313717879500379e-01
9.605534029666665807e-01
9.611703111136330469e-01
9.612448169284840693e-01
9.613628341392080889e-01
9.609307004130721586e-01
9.631056741602032067e-01
9.641821341731707795e-01
9.611184550664967352e-01
9.633017734648910979e-01
9.615231706527674893e-01
9.619213297273313534e-01
9.630711034621123323e-01
9.609301043665533504e-01
9.621746494978248299e-01
9.651912409295131390e-01
9.582163045664197076e-01
9.591526936474673581e-01
9.614939643733458885e-01
9.592510413230707078e-01
9.586806248045712797e-01
9.578038403754044472e-01
9.581382224724558361e-01
9.618241741447656201e-01
9.580672929367176627e-01
9.579206654930908504e-01
9.602857780797217080e-01
9.573234268812450543e-01
9.597666215618397834e-01
9.549845403414416456e-01
9.566171117564572501e-01
9.593410443474107430e-01
9.557433075598844585e-01
9.574253508359612530e-01
9.554011768580885633e-01
9.575183340928953291e-01
9.595150899309027315e-01
9.520698728644696462e-01
9.545869773133965897e-01
9.542996828913310470e-01
9.512795151805299998e-01
9.504396856355292744e-01
9.504980981943724760e-01
9.489853321296372046e-01
9.508253277331981668e-01
9.480560956068152523e-01
9.481317935147038911e-01
9.487636028246405617e-01
9.466273721012320452e-01
9.460164244194536609e-01
