9.250886350975793260e-01
9.161664147575395711e-01
9.108484877167329907e-01
9.118152751702398584e-01
9.152461189324997415e-01
9.224707987869738002e-01
9.286190186284802861e-01
9.343058984644292408e-01
9.383268282803092220e-01
9.319574751803249013e-01
9.223694708787764096e-01
9.109074963220950005e-01
9.035093669306477615e-01
9.050006753207058274e-01
9.047181492707907502e-01
9.171588322113551905e-01
9.279913816441752727e-01
9.350920838227372300e-01
9.366370363994880321e-01
9.303880846963029638e-01
9.210730697003686185e-01
9.157479901013362289e-01
9.120519056382067058e-01
9.183318517603697995e-01
9.281076107153428678e-01
9.390903638709025003e-01
9.457356865090950082e-01
9.324444451861911842e-01
9.185374878093586215e-01
9.027541759913177977e-01
8.911068309672869336e-01
8.977247354656142653e-01
9.176332852403265017e-01
9.424019983294008584e-01
9.609950734371034420e-01
9.540469591673563787e-01
9.420920541396206049e-01
9.187145136254446509e-01
8.969015952231401689e-01
8.926881423816850347e-01
9.054703599775266731e-01
9.298915779461357500e-01
9.486080346832316268e-01
9.480543074672588277e-01
9.349776428911260595e-01
9.117252721458998233e-01
9.020550134247556917e-01
9.132118121638074237e-01
9.311087049375420532e-01
9.535254184633992214e-01
9.590668629487589802e-01
9.440119199767017522e-01
9.137124912396062948e-01
8.923930993548749857e-01
8.926851621490909938e-01
9.170277019772173910e-01
9.422225883272395963e-01
9.668112953676337717e-01
9.664667804797626438e-01
9.459311897672640912e-01
9.148241179971835502e-01
8.957583780000660800e-01
8.962805147505420456e-01
9.151286977682945301e-01
9.301609909726370473e-01
9.423441818170764650e-01
9.455848867398365387e-01
9.449566537090127172e-01
9.484637914256800473e-01
9.464372332617322359e-01
9.462381537244503038e-01
9.355969352241677583e-01
9.210885669098576312e-01
9.141964810128785368e-01
9.172142645376043513e-01
9.280420455982739680e-01
9.451259309203542402e-01
9.467137988464592313e-01
9.455443555765575825e-01
9.442068271883520270e-01
9.420658280927930450e-01
9.427006176353237565e-01
9.349222105648768988e-01
9.221841004114270657e-01
9.102411163140674555e-01
9.035194997214675006e-01
9.215707685435734486e-01
9.569741436212233499e-01
9.902985084412704309e-01
9.965003724694696530e-01
9.629012302042520011e-01
9.149755138129608278e-01
8.815003492236553884e-01
8.840305666959961117e-01
9.225608018113138353e-01
9.659780223343399364e-01
9.895945775025579705e-01
9.834290723120060473e-01
9.539724533525053562e-01
9.382380173490068032e-01
9.374953433865718111e-01
9.477193293236886307e-01
9.485567746826141233e-01
9.221787359927577921e-01
9.025449636632161265e-01
9.123618498279869593e-01
9.499372184201739788e-01
9.956486219940926530e-01
1.008073211678649495e+00
9.798396801757430774e-01
9.313816942431561996e-01
8.918089737664429695e-01
8.936543337886730942e-01
9.219874050602203663e-01
9.572906443227106044e-01
9.761185617588236108e-01
9.749395817446210311e-01
9.814847685676537647e-01
9.871299251472860359e-01
9.653986651180583856e-01
9.307141221420910382e-01
8.940715663518388201e-01
8.851094108950389172e-01
9.171659847695808887e-01
9.624834015945674670e-01
9.926522961440439330e-01
9.879167065521128333e-01
9.636152939337842005e-01
9.520585479806122908e-01
9.533305112517489466e-01
9.582818696834886074e-01
9.278876695499026495e-01
8.683199725532498858e-01
8.450825029709938541e-01
9.054340011398793742e-01
1.027075770744773298e+00
1.119816436745695754e+00
1.098979246494680151e+00
9.668410976935741807e-01
8.122868314131297396e-01
7.546544974630472469e-01
8.287138734714833976e-01
9.720666375239654933e-01
1.076193580173680830e+00
1.079872379287764916e+00
1.021577837655286425e+00
9.556497282564315743e-01
9.097428214243437061e-01
9.035826806524611676e-01
9.039754753083557581e-01
8.749146312373436984e-01
8.683795772051307038e-01
9.312583126137629064e-01
1.042227273252877451e+00
1.115819944837086686e+00
1.083009372116252367e+00
9.710807765818567638e-01
8.431769422503641032e-01
7.623077347645443869e-01
7.841194610738111415e-01
9.033782366965099619e-01
1.033361081285605554e+00
1.115367545529311277e+00
1.139325635352806509e+00
1.062461264426858953e+00
8.919061293490087028e-01
7.480514941276901197e-01
7.353038472299393558e-01
8.299822604635072043e-01
9.986348150533217449e-01
1.152678269467147576e+00
1.179856202585244596e+00
1.027859571917006054e+00
8.167100926292053531e-01
7.350785416458298638e-01
8.354646963435049534e-01
9.940416805793858002e-01
1.097031962517733827e+00
1.058767564149804663e+00
8.924121728434768475e-01
7.801074719557132831e-01
8.508736909477342403e-01
1.033958915943970158e+00
1.160445351653736967e+00
1.142220633294657839e+00
9.708834851841312563e-01
7.271690043412452065e-01
6.230361012263418985e-01
7.668233831910351572e-01
1.041844611387802599e+00
1.262787134979621806e+00
1.295109545601552226e+00
1.112768782707307613e+00
8.239645748096197098e-01
6.256610900951731224e-01
6.456244761496158224e-01
8.302516734900085016e-01
1.049967533346120474e+00
1.198339605133486474e+00
1.210858966214533483e+00
1.086751352161330342e+00
9.005434394530581477e-01
7.769692870341881052e-01
7.819486596523117505e-01
8.584375212714101533e-01
9.376842901330340041e-01
9.954942459457213344e-01
1.017730357376379624e+00
1.010437728218761544e+00
9.878094181787273609e-01
9.702475035485629284e-01
9.743381708071435776e-01
9.763969154831070307e-01
9.570361324591795116e-01
9.122295275008115434e-01
8.592272829088309916e-01
8.340753119081630862e-01
8.526928249231368051e-01
9.227026608827901821e-01
1.024759533972684711e+00
1.102303993976592400e+00
1.128717795457577111e+00
1.091658603150678086e+00
9.969843622427418950e-01
8.848960262413055888e-01
7.807291484748302146e-01
7.201469803031659289e-01
7.348133009449602238e-01
8.301658427913001237e-01
9.800983643649058275e-01
1.123254433066181335e+00
1.203431034497145946e+00
1.209823037364844867e+00
1.146310704506719569e+00
1.033284787331198107e+00
8.972461101110112969e-01
7.589299391424583208e-01
6.580699274623307282e-01
6.351322692790352109e-01
6.998504042447095674e-01
8.443273120316638902e-01
1.013291002904296301e+00
1.160217661883552243e+00
1.253246218353059049e+00
1.273216756965727336e+00
1.234982756970257389e+00
1.147837179641387317e+00
1.017520549001759145e+00
8.652896720516290996e-01
7.065291054879552224e-01
5.912334431688122116e-01
5.527967873569473722e-01
6.006772042128091238e-01
7.298458492572127421e-01
9.054286367212101005e-01
1.078603396249222302e+00
1.221692707740391182e+00
1.311927594176244050e+00
1.349656742770283469e+00
1.327437320642151919e+00
1.246833353857201843e+00
1.115801467395003632e+00
9.481621918871631083e-01
7.689244471698339911e-01
6.150764960141773541e-01
5.014193655752379186e-01
4.710943068378337650e-01
5.297840273122820243e-01
6.577581951329940502e-01
8.326662579377005491e-01
1.019379022047403049e+00
1.196007871151908875e+00
1.336197416329075960e+00
1.417740156381148919e+00
1.436718277540001587e+00
1.387949751371115648e+00
1.272387060211546350e+00
1.111209525014105415e+00
9.178019664051492166e-01
7.307518399658012864e-01
5.784416888286696423e-01
4.783779952976697780e-01
4.484010277272496015e-01
4.845667463024552202e-01
5.832142333047668492e-01
7.268685968957658838e-01
8.933068386682079254e-01
1.082260737688629293e+00
1.260985882399783486e+00
1.398924159875412077e+00
1.474216160084743432e+00
1.468970950719231450e+00
1.387472318109550296e+00
1.253734976498481757e+00
1.079539189283751144e+00
9.051753169507166241e-01
7.530207339549939149e-01
6.367094083678016547e-01
5.670518359007640230e-01
5.263531835500220302e-01
5.296588575433323065e-01
5.667764624090746439e-01
6.327546397155093816e-01
7.385582612226321286e-01
8.829952338928263034e-01
1.051238304524219513e+00
1.212986852286678907e+00
1.322605767560692813e+00
1.374446317487516112e+00
1.360067887314306168e+00
1.287835989932535785e+00
1.192004226685074109e+00
1.086377630994037613e+00
9.904403675127467777e-01
9.157742161481637888e-01
8.559979028699282733e-01
8.095426332405368797e-01
7.673943957560533935e-01
7.207507754267186151e-01
6.915963520522537822e-01
6.879121885195003117e-01
7.247079282650862320e-01
8.000136375443502867e-01
8.904410470057781968e-01
9.846050720936145861e-01
1.060264236958532003e+00
1.110935939661972460e+00
1.138086454640204304e+00
1.130541101758611333e+00
1.113419069459327337e+00
1.085047851210576342e+00
1.048040514950813629e+00
1.011350871485575675e+00
9.773631068900950902e-01
9.499837100486410169e-01
9.255195767306776400e-01
9.016318203964018840e-01
8.845813136793748699e-01
8.734239188938044407e-01
8.591140340702574374e-01
8.499903500068605178e-01
8.420611431671551905e-01
8.373738333432475534e-01
8.362222714689101499e-01
8.320833244423061492e-01
8.354748291343246924e-01
8.400262403519440646e-01
8.446169906398046656e-01
8.517665686329088937e-01
8.591784070942887208e-01
8.691437088422427903e-01
8.817536689941488648e-01
8.900613653732973862e-01
9.008349062007553476e-01
9.074790367459102391e-01
9.166116615070892815e-01
9.228200820469953936e-01
9.235293774043771275e-01
9.259689958058591186e-01
9.271932753554911200e-01
9.220213797117924326e-01
9.227193501853168112e-01
9.183622501328290166e-01
9.162945647590833298e-01
9.150112766040893186e-01
9.096623551443046019e-01
9.089220653679448425e-01
9.089918028106453995e-01
9.070409425545862270e-01
9.070051797634577362e-01
9.058309681214056219e-01
9.076393732594696395e-01
9.107465637620167920e-01
9.098387849138718231e-01
9.098846804958200529e-01
9.143913882245288116e-01
9.108770979496357834e-01
9.130097523939314508e-01
9.164632459239060447e-01
9.156407017279507565e-01
9.167266984852192602e-01
9.205467606242609957e-01
9.225417283227119736e-01
9.218044187789462551e-01
9.240330367127700395e-01
9.264273555788226089e-01
9.314681209883833857e-01
9.312720216836954945e-01
9.342093389283823157e-01
9.344686191640638739e-01
9.393979238746075211e-01
9.468413528014841818e-01
9.435237578777978529e-01
9.496654212075974488e-01
9.526873770579549205e-01
9.547836726646032890e-01
9.591777276012573017e-01
9.628803685760937148e-01
9.657443720989671299e-01
9.693874084219227250e-01
9.699327909866322095e-01
9.723467793878053378e-01
9.739686219654825061e-01
9.765822859504563747e-01
9.813888050781256478e-01
9.805680490217267842e-01
9.839786272023471891e-01
9.839446525507751229e-01
9.844840746502965256e-01
9.903229463485415662e-01
9.865326865354402397e-01
9.894628512219013627e-01
9.929407826591470920e-01
9.872413858463031655e-01
9.886617647006231691e-01
9.910095919382085894e-01
9.882415519048632913e-01
9.881396279501470925e-01
9.882040009741783759e-01
9.863818867661817702e-01
9.890879379615710176e-01
9.871853574735351966e-01
9.868754132837549431e-01
9.831572750994295173e-01
9.827519634666399551e-01
9.840126018539192554e-01
9.806604362321420520e-01
9.790618394686984027e-01
9.784985755084246728e-01
9.760738582699129973e-01
9.750355452341491480e-01
9.716047014718891539e-01
9.711213077451357201e-01
9.738994805693007573e-01
9.679419956138128889e-01
9.659070927986017630e-01
9.652425009301306424e-01
9.624965146179812470e-01
9.638811306811726487e-01
9.590448092275630776e-01
9.584612796856498695e-01
9.572399803686119091e-01
9.556771463962967506e-01
9.570105024588706488e-01
9.540499393999504196e-01
9.526307526386681435e-01
9.540547077721008851e-01
9.521127882138238352e-01
9.511281193647527221e-01
9.470171865245325948e-01
9.496940314405002415e-01
9.509385765717717209e-01
9.456582004616499448e-01
9.456349546474164258e-01
9.500701367938682029e-01
9.454197818541266729e-01
9.436626367166801588e-01
9.423841169338366131e-01
9.427173069378503856e-01
9.444416695167624498e-01
9.407539297048961302e-01
9.427983692644082980e-01
9.441227846292000736e-01
9.406824041226391486e-01
9.404117990031002350e-01
9.391612934066406737e-01
9.395415710856402924e-01
9.414280583176682926e-01
9.384245799093937634e-01
9.383268282803092220e-01
9.384460375840708579e-01
9.372855350119513318e-01
9.393460678274712095e-01
9.361470861610277083e-01
9.354479235944657134e-01
9.395773338767687832e-01
9.354449433618716725e-01
9.345854442817502772e-01
9.316922344794552613e-01
9.313918270339759387e-01
9.345401447463208555e-01
9.290267144473450811e-01
9.290708218897368864e-01
9.304721272554549172e-01
9.282578144380825291e-01
9.277821693160736016e-01
9.243698029958966611e-01
9.260345609229280184e-01
9.276635560588307738e-01
9.240902571785756248e-01
9.240044264798672469e-01
9.260446937137477574e-01
9.235240129857078539e-01
9.213347341221254094e-01
9.218842890124665512e-01
9.222049620395853520e-01
9.255893141733781970e-01
9.188945196741247212e-01
9.216631557539887165e-01
9.207744503944457204e-01
9.202523136439697549e-01
9.214372541233604164e-01
9.206731224862483298e-01
9.199191236399559823e-01
9.224219229724315294e-01
9.214134122626080892e-01
9.216601755213946756e-01
9.183396003651143058e-01
9.219939615719272563e-01
9.233541397278475227e-01
9.199417734076706932e-01
9.226132539049689552e-01
