9.855962974543925892e-01
7.867134555236644511e-01
9.781469080623278467e-01
1.015854598981690282e+00
8.183104775322053159e-01
9.578729817715861961e-01
1.037665729244438229e+00
8.603162598986935361e-01
8.296186720870342146e-01
1.054569608517838430e+00
1.010061026818874774e+00
7.923657646615224204e-01
8.663709004367471378e-01
1.105662716110076493e+00
9.767038794402932433e-01
7.601607752037972121e-01
8.832062343604843990e-01
1.115882529721561545e+00
1.000995755314320945e+00
7.832712868775471016e-01
8.229286459599310932e-01
1.070357092661511134e+00
1.057196385526226301e+00
8.773423287084494149e-01
7.947177642247396090e-01
9.110839260916622218e-01
1.054058796651219820e+00
1.011386038230185358e+00
8.892215358282966609e-01
8.754516691507898685e-01
8.712519253792674334e-01
9.230912832130531154e-01
1.006910920966973322e+00
1.023987057684309310e+00
9.997750520438017929e-01
8.518607439828805861e-01
7.362968607302737833e-01
8.355767530890408912e-01
1.063251622110798600e+00
1.232333926240673838e+00
1.101722848620754425e+00
7.559061951525444245e-01
5.758524627509669092e-01
6.881714687551818699e-01
1.034394029902700129e+00
1.393456029111865613e+00
1.351365608139706520e+00
9.010095478307661443e-01
5.110949887150512128e-01
4.405075836786727650e-01
6.903661120374335880e-01
1.185303471720632551e+00
1.567627974465843899e+00
1.472872075184830987e+00
9.775472852644068178e-01
5.030012730361548279e-01
2.974766847463470310e-01
4.335731784788582899e-01
9.048039799694991281e-01
1.441504531086031271e+00
1.673413714577402400e+00
1.445784741137593032e+00
9.556485361633939579e-01
5.390239404468465390e-01
3.524792614554478343e-01
4.272097858440620510e-01
7.459033424739053286e-01
1.176046869283541296e+00
1.490069805392003621e+00
1.504713476266083205e+00
1.219324018874647475e+00
8.434988073705205203e-01
6.202400470066126159e-01
6.046093230973866861e-01
7.267660768945308769e-01
8.941877954230064152e-01
1.015371205254936848e+00
1.060561068124898476e+00
9.704024756434530552e-01
7.744354932827345328e-01
5.908883322344222755e-01
5.586392353343052619e-01
6.991810440040878705e-01
9.426439932160369795e-01
1.201290035401586964e+00
1.395183371923371718e+00
1.479146656888324918e+00
1.453918391933249454e+00
1.348215502287805290e+00
1.195290827189782412e+00
1.015665652235228089e+00
8.368910356630129277e-01
6.742221920755138154e-01
5.473876651987630293e-01
4.599047255402476386e-01
4.103041184311054246e-01
3.899920451631599949e-01
3.885233865408165843e-01
4.035068039306168308e-01
4.226267841609459008e-01
4.395479487833915955e-01
4.558593578170964666e-01
4.551619833900908962e-01
4.651970225807455228e-01
4.591930459967906719e-01
4.525918308009899693e-01
4.434592060398109270e-01
4.362732692090594000e-01
4.411697913610686528e-01
4.583359311027444538e-01
4.922783961627955618e-01
5.524498882830010116e-01
6.361366076632269939e-01
7.417363812609173435e-01
8.689422451188856256e-01
1.000918865313394690e+00
1.126341954033607706e+00
1.236787585829208558e+00
1.331952373022123881e+00
1.409034300927436423e+00
1.449465328391233543e+00
1.432357005161882135e+00
1.335919658651311126e+00
1.164934774033400400e+00
9.554524368587060668e-01
7.455236608414245181e-01
5.724204268956692987e-01
4.679072461017663720e-01
4.432952932471386220e-01
5.042440300278699938e-01
6.257993728875366202e-01
7.744307249105840674e-01
9.261072785982226163e-01
1.049579507062376349e+00
1.133622662260849845e+00
1.165170808454848439e+00
1.140651838857154710e+00
1.072793730830398973e+00
9.745068519719662925e-01
8.667827685812435901e-01
7.656467873629078102e-01
6.883675680598697610e-01
6.453961903329122896e-01
6.506384194658302311e-01
7.048565989561794698e-01
8.117426409414578714e-01
9.528459254319578964e-01
1.118090286027227265e+00
1.280402693796478975e+00
1.427706054175621686e+00
1.545950358623308984e+00
1.622762873502120229e+00
1.653614837362150869e+00
1.637078122744336506e+00
1.575844475727614880e+00
1.474309739388196316e+00
1.345742505281270152e+00
1.194498681366286341e+00
1.031659368474408200e+00
8.667785962556119328e-01
7.085902343499940192e-01
5.627430156162995800e-01
4.301739251820951848e-01
3.195363664074380994e-01
2.259177238843111946e-01
1.512581290314351234e-01
9.791733001677155324e-02
6.455720240559606471e-02
4.737556545443123018e-02
4.606009078742155649e-02
5.841077070364603108e-02
8.068026073935756493e-02
1.151818174340507317e-01
1.545608227921513034e-01
1.970154281873021385e-01
2.425474217590596338e-01
2.879578218409802881e-01
3.325629630759910360e-01
3.719890561090774539e-01
4.049832111577047478e-01
4.336870233639506522e-01
4.580152580756256531e-01
4.745084612975670191e-01
4.839963297839557921e-01
4.863560779519174315e-01
4.854065758474559455e-01
4.777086350570481921e-01
4.656845886331306139e-01
4.493439733200041419e-01
4.286140714423741782e-01
4.048520809235669482e-01
3.794491743384807436e-01
3.505963505025327942e-01
3.234899429666928117e-01
2.956784123991027524e-01
2.677011808992840192e-01
2.421802571034737950e-01
2.174103519213619051e-01
1.984256742508023197e-01
1.812947012537361735e-01
1.687061987765072213e-01
1.588821600535106626e-01
1.584893653976160721e-01
1.914882888183938037e-01
1.713675464829857997e-01
1.896471011217953084e-01
2.178597709965433005e-01
2.534359995646476293e-01
2.962375040337448251e-01
3.519690456353480323e-01
4.133236900953877191e-01
4.874754533142391932e-01
5.678350410264779713e-01
6.537801806664682580e-01
7.477969822641590270e-01
8.470959481115278855e-01
9.475858149034755984e-01
1.047960644717293333e+00
1.146847146373646931e+00
1.240957527274790584e+00
1.333383480713782321e+00
1.418297459876234567e+00
1.495366274758133329e+00
1.565092988621352710e+00
1.623048975831148155e+00
1.671466430600456077e+00
1.713466252501756326e+00
1.743310897745001142e+00
1.763501377523109648e+00
1.774499031841639596e+00
1.775009247661739398e+00
1.767790528272453310e+00
1.752727836695651575e+00
1.730012503863871620e+00
1.701953017944457303e+00
1.665826042392974271e+00
1.625643566327520162e+00
1.577609965516324708e+00
1.528067174919506943e+00
1.476159271736058098e+00
1.418517401041674786e+00
1.360095901500690152e+00
1.302808082438478676e+00
1.243528871956929294e+00
1.182236216334845658e+00
1.124306455171877772e+00
1.064071186074159847e+00
1.008980990526794352e+00
9.527630749658435594e-01
8.990920661797602298e-01
8.464176471731241769e-01
7.950515502752721897e-01
7.504714429940513298e-01
7.062894947873943341e-01
6.629139975206849167e-01
6.255400926518550619e-01
5.893588768671603750e-01
5.543989603995037596e-01
5.235511688651047768e-01
4.891157733339993041e-01
4.706544245069532728e-01
4.479009446979695386e-01
4.278892788755034315e-01
4.094124328389683876e-01
3.922385444925480247e-01
3.801733708588326821e-01
3.683603249025731996e-01
3.568596073221692033e-01
3.505498588740657562e-01
3.421646764474721714e-01
3.393078254828245099e-01
3.337556521601262038e-01
3.317302860892160088e-01
3.300810253716737752e-01
3.313464321311035410e-01
3.313154377121255156e-01
3.327835002879500625e-01
3.337949912303675437e-01
3.349572819420435499e-01
3.389537738506524511e-01
3.416836669067939147e-01
3.455162460227305665e-01
3.472131904617775100e-01
3.531825963476414865e-01
3.567594715070094291e-01
3.619522287788664028e-01
3.700972044583802911e-01
3.754288405691195152e-01
3.848636609153343602e-01
3.928441277556571909e-01
4.053158051151997121e-01
4.169232150224703726e-01
4.309148110049737523e-01
4.463047321206011775e-01
4.651314574636766230e-01
4.862583263228328345e-01
5.105281484756646337e-01
5.386377023026588384e-01
5.714810575820276073e-01
6.071002014994861806e-01
6.511784376118704420e-01
6.984836695770823001e-01
7.498783767078371909e-01
8.108795655822236270e-01
8.758945317142643461e-01
9.458745653479773141e-01
1.019443991117953141e+00
1.099770200225138606e+00
1.184970281716618778e+00
1.269357951802963180e+00
1.352891487227855682e+00
1.429751685828171581e+00
1.501270115526928350e+00
1.558819002964377809e+00
1.598403644371467092e+00
1.618511273683461482e+00
1.616748764127345472e+00
1.589616726591196905e+00
1.536508981765387194e+00
1.462785179947040159e+00
1.372179552576488604e+00
1.265570672222456006e+00
1.152976888773070474e+00
1.040350918811669301e+00
9.350360554499692611e-01
8.356977505323589517e-01
7.516224088218699251e-01
6.757117123260154568e-01
6.121838822584011464e-01
5.578900048601632689e-01
5.112767829032877076e-01
4.774720045890813447e-01
4.696578347275059961e-01
4.948020571234294507e-01
5.633879379496500306e-01
6.788767193408870027e-01
8.336765567870804139e-01
1.007879496560036836e+00
1.170265814097620760e+00
1.286959801549887761e+00
1.336265961678738901e+00
1.312958754653782201e+00
1.243034749392837313e+00
1.154095668088873428e+00
1.077017316462673735e+00
1.006461501891791954e+00
9.318072714575852400e-01
8.365322156586904034e-01
7.309777415964295866e-01
6.488484917698492671e-01
6.310052431828073738e-01
6.970841523509206938e-01
8.250571280785952144e-01
9.674258193285250051e-01
1.064453251892715890e+00
1.106392873095616514e+00
1.116784944151037129e+00
1.114158763189168289e+00
1.081706414426137686e+00
9.951592678021511373e-01
8.720935430638245833e-01
7.790149186867378894e-01
7.567233749298304391e-01
7.984460351998847738e-01
8.572925159087796398e-01
9.197844171267053337e-01
1.001103639734225226e+00
1.086257229597238361e+00
1.111869348510426070e+00
1.043717985596416709e+00
9.121991291283523262e-01
8.181400082278261765e-01
8.017898561703987736e-01
8.240682869038923331e-01
8.763588519524159182e-01
9.668220242049723190e-01
1.062025554421610174e+00
1.107000840544800857e+00
1.046030050042873638e+00
9.024913194765233904e-01
7.858766062112577666e-01
7.723570790716504098e-01
8.374453589255045349e-01
9.390492366611047359e-01
1.057558781809661674e+00
1.128763691039525341e+00
1.057375795528387563e+00
8.925599923801412761e-01
7.801056838161568585e-01
7.596755933374873537e-01
8.332503835261325653e-01
9.926815024234655338e-01
1.113320125737205180e+00
1.069405802417493057e+00
9.576560208387400186e-01
8.433807901597965007e-01
7.566607900453555802e-01
8.233250168949385328e-01
9.893347012203576041e-01
1.074957975740191474e+00
1.065213211204196320e+00
9.528989735721318244e-01
7.842732410756636519e-01
7.645268159540672404e-01
9.009624601557802981e-01
1.048186546347921633e+00
1.123253837019662527e+00
1.014174343845170023e+00
7.975668665846427086e-01
7.132304564989156992e-01
8.459133918182124567e-01
1.070957311505950971e+00
1.189658187587045113e+00
1.033484462914998847e+00
7.526070776709410381e-01
6.692696415507366492e-01
8.865727050987129987e-01
1.164323826351622015e+00
1.231606749487727859e+00
9.346319359102173152e-01
6.468022640707807858e-01
6.947643392997192580e-01
1.040116076483258878e+00
1.270601304841197043e+00
1.060720808591939068e+00
7.215274240407256734e-01
6.720323171654125627e-01
9.670485218821194273e-01
1.201778793547009672e+00
1.045714145387905303e+00
7.891423450878077839e-01
7.916928281417879854e-01
9.807289815818049927e-01
1.043020611169411138e+00
9.287584935138814002e-01
9.020562055177933081e-01
9.861083014140488157e-01
9.433878592715095879e-01
8.260966332073966800e-01
9.002644896822559195e-01
1.108435524515572146e+00
1.058204896236049741e+00
7.478875813350178703e-01
7.341814916350235531e-01
1.087012420536568325e+00
1.208318019904854212e+00
8.682412944127672061e-01
6.131578222701337122e-01
9.477050242072372344e-01
1.223953512186230608e+00
1.004614949776524213e+00
6.674826940873496151e-01
8.366097017061354668e-01
1.145502465427215677e+00
1.038402442741685139e+00
7.634873108252657747e-01
8.350087207566166958e-01
1.065081484923539712e+00
9.999490976272937814e-01
8.159245033174160611e-01
8.824504473746356270e-01
1.035435323171058020e+00
9.538168852110964213e-01
8.220715310658849306e-01
9.113372458621556982e-01
1.031206969166632792e+00
9.403027224901583381e-01
8.230669287522945909e-01
9.127433196000241944e-01
1.017537834350804582e+00
9.490449367815180226e-01
8.481080351004642859e-01
8.995081066498883393e-01
9.845621567442603972e-01
9.554458803469991768e-01
8.910370935245863766e-01
8.984352229160336156e-01
9.470523532691422774e-01
9.497774779531333866e-01
9.249962478871640581e-01
9.195156001467228446e-01
9.301735079495320191e-01
9.267843874435887086e-01
9.321923175087353242e-01
9.452361995263337535e-01
9.360111875547394433e-01
9.013939978353974203e-01
9.117908372629687230e-01
9.617127134457484905e-01
9.668858011824847942e-01
9.034110192550444118e-01
8.827514508666337578e-01
9.495491921364298538e-01
9.877885565505690746e-01
9.303558981842873221e-01
8.737696258747131850e-01
9.230835346083086090e-01
9.811092592608046115e-01
9.591330241123466882e-01
9.083111176861664582e-01
9.055502302110469692e-01
9.377629682735166838e-01
9.529222193863653434e-01
9.468455251271158390e-01
9.312332786599729628e-01
9.168381591842363898e-01
9.169144531386438368e-01
9.457702572071858826e-01
9.630979255554587004e-01
9.367747231453327217e-01
9.050203448558264974e-01
9.119440212183024252e-01
