9.115393056320316711e-01
9.227867034419421355e-01
9.340174119493260818e-01
9.366424008181573058e-01
9.290517484011350247e-01
9.318621077373155925e-01
9.432299069440254202e-01
9.495170056244142121e-01
9.410829473832782455e-01
9.399158882994518294e-01
9.148729938117258209e-01
9.186298750197738894e-01
9.266687544189399217e-01
9.368271752389878415e-01
9.396452831799129157e-01
9.386838601450753217e-01
9.408230711010778791e-01
9.422637155370373607e-01
9.387011454941207589e-01
9.353114289416586402e-01
9.305263674886664615e-01
9.286273632797436006e-01
9.294862663133461878e-01
9.326101461184198582e-01
9.319401898312794641e-01
9.293670570095845518e-01
9.234429506591499415e-01
9.178675315222181164e-01
9.119529619160845479e-01
9.086288104806912180e-01
9.122944965713616350e-01
9.175987145422356273e-01
9.267247827917078906e-01
9.341664235790281268e-01
9.379620478107986159e-01
9.426249197274351177e-01
9.416927029720191245e-01
9.417612483216820651e-01
9.379531071130164932e-01
9.370912238468198652e-01
9.346629303291953406e-01
9.330476442632250622e-01
9.303272879513845295e-01
9.320689358793420309e-01
9.328569093772064447e-01
9.337301175272605391e-01
9.323580184409639982e-01
9.351320189394973781e-01
9.359068794139480119e-01
9.353620928957573355e-01
9.375245496659934119e-01
9.366906805861807683e-01
9.392262624771907653e-01
9.398622441127590932e-01
9.401960301632916739e-01
9.411306311047828999e-01
9.416772057625301118e-01
9.418607880903230312e-01
9.411365915699709817e-01
9.431500367105051241e-01
9.431446722918358505e-01
9.428430727533189115e-01
9.407443929605951993e-01
9.400911259759814342e-01
9.403092790018652281e-01
9.585632036403660683e-01
9.351767224284079916e-01
9.348244589357923573e-01
9.330178419372846532e-01
9.320707240188984555e-01
9.296251451522284937e-01
9.317142882006511639e-01
9.333784500811636020e-01
9.360463542993491259e-01
9.398640322523155177e-01
9.425760439128928470e-01
9.483272967728729741e-01
9.515846909981597879e-01
9.529669228752759569e-01
9.530545417135407593e-01
9.501285493527114046e-01
9.434057406670738333e-01
9.385002778172824023e-01
9.320999302983200563e-01
9.269816788413142161e-01
9.243733792750095102e-01
9.287698183977387556e-01
9.366286917482247176e-01
9.458650286036763832e-01
9.534199182295701736e-01
9.607649994808434846e-01
9.628946736925451111e-01
9.548206275487693961e-01
9.410746027320149310e-01
9.302325165548940289e-01
9.232081083307395186e-01
9.252471834715823018e-01
9.356821698763573281e-01
9.524525347295444977e-01
9.674419125845328260e-01
9.689671956261629582e-01
9.579659650285202721e-01
9.388585017750861184e-01
9.197933578244874564e-01
9.173060557015008110e-01
9.332520882191762679e-01
9.586454580599615971e-01
9.780360434098295253e-01
9.736878840551238534e-01
9.477550921148171215e-01
9.156204361463112784e-01
9.077710995401262473e-01
9.260709197605753173e-01
9.619088127504363817e-01
9.818382241533070154e-01
9.658504683793149859e-01
9.279109153641361685e-01
9.044612532211844247e-01
9.173072477945384273e-01
9.568477817592360157e-01
9.831787327741066118e-01
9.671015700222933553e-01
9.273554000086069449e-01
9.050263053210145792e-01
9.250320106782925489e-01
9.615505887926326656e-01
9.699947798245882602e-01
9.405471015628696918e-01
9.135843412380625361e-01
9.207428599289488869e-01
9.515048207646394918e-01
9.612466050680404939e-01
9.350503605664206574e-01
9.160293240582136898e-01
9.277881297812616834e-01
9.535963479991373948e-01
9.428800276374850187e-01
9.106029165509840206e-01
9.104258907348979912e-01
9.430469206627513090e-01
9.584523389878677468e-01
9.219850208741451336e-01
8.934486977396842722e-01
9.241009860159141720e-01
9.692020379545733810e-01
9.423036506537975088e-01
8.880509004653573957e-01
9.002615094496618786e-01
9.617693378650352676e-01
9.637404637027339183e-01
8.999771952601903768e-01
8.839250664621670639e-01
9.436697892749058569e-01
9.705735409943510028e-01
9.224886801825380456e-01
8.982200501227438627e-01
9.360511226714995914e-01
9.560133166329045640e-01
9.273357304734862749e-01
9.233779815885998499e-01
9.435982636926488754e-01
9.273434790782307813e-01
9.142715828742483675e-01
9.507955254072577578e-01
9.629155353207033974e-01
8.999068617709710116e-01
8.988345740836350961e-01
9.792788004015445802e-01
9.772671434005669733e-01
8.786226366308493851e-01
8.958626861408575115e-01
9.997744559972829848e-01
9.710110391391562068e-01
8.661569197364950012e-01
9.152091640483336343e-01
1.009804130769268449e+00
9.458155567426153043e-01
8.710433090976844595e-01
9.502566993542551632e-01
9.982920883050070415e-01
9.136648075181016404e-01
8.998979210731888889e-01
9.816653706628526432e-01
9.703577721545424417e-01
8.966792698716247179e-01
9.305895484196601286e-01
9.907705772841665093e-01
9.445972376581713847e-01
8.995158552546328457e-01
9.394748138755337763e-01
9.751547545379107840e-01
9.495456158573170047e-01
9.166045089488635833e-01
9.102387321279922228e-01
9.599955034250621244e-01
9.917004098535072698e-01
9.211511517943324900e-01
8.550996607660842352e-01
9.739525287094746853e-01
1.046139722602334343e+00
8.888615237309365202e-01
8.150369900509106813e-01
1.025356772584530507e+00
1.064875252828032082e+00
8.304352558178014210e-01
8.341772358628792849e-01
1.075313815511919957e+00
1.018607141805546457e+00
7.900978076574572961e-01
9.222061541326229683e-01
1.083091030489329087e+00
9.089339862983210061e-01
8.161337156455177322e-01
1.028486016808273451e+00
1.029635194496535622e+00
8.137763516636313810e-01
8.839489083229193911e-01
1.078148016708852852e+00
9.695322477259931127e-01
7.968128677383503611e-01
9.242494015990974088e-01
1.059523947182172243e+00
9.539784138176934380e-01
8.456266934426657222e-01
8.940769307705080937e-01
1.008991719364132900e+00
1.000359773678752617e+00
8.912415374805375823e-01
8.277900013673307189e-01
9.905726898399221936e-01
1.065391429113319965e+00
8.820999720215764173e-01
7.724834409336377439e-01
1.016218783404682080e+00
1.119608416510631699e+00
8.376992747425168195e-01
7.342655341941755065e-01
1.040780072305211190e+00
1.143691080056557619e+00
8.380700156772155074e-01
7.272214564349003263e-01
1.010579587290237891e+00
1.111779345486086035e+00
8.702088439713530077e-01
8.053220278408560473e-01
9.872699960792059581e-01
1.032268528016630160e+00
8.476919946303361764e-01
8.537782256338865006e-01
1.031325582423875620e+00
1.034790996884226377e+00
8.320463695581400421e-01
8.031691078149209018e-01
9.834564904518712236e-01
1.062094099771273115e+00
9.434742860167367740e-01
8.391518401088523538e-01
8.986682771048876139e-01
9.823198297405040247e-01
9.153945345156829783e-01
9.144265549691384942e-01
9.742070405730057781e-01
1.033558968729849870e+00
9.270454558188266914e-01
7.502932250849276841e-01
8.007491589485595807e-01
1.029822353103441390e+00
1.232539562289662660e+00
1.081913242568164124e+00
7.111985339162986142e-01
5.591154765028329976e-01
7.747871607288313589e-01
1.211961056227810030e+00
1.405846644144850277e+00
1.112915410150934425e+00
6.046456819350339851e-01
4.314733065930970168e-01
7.430953673237999935e-01
1.266817005493283910e+00
1.438972525474134123e+00
1.188694976412651094e+00
6.633437470607456143e-01
4.238260297567879586e-01
6.894833671430786737e-01
1.143474119123711441e+00
1.374623343303602141e+00
1.252010613919569693e+00
8.796001529216949111e-01
4.931110731495705890e-01
5.145860331757108330e-01
8.999444127016559269e-01
1.243069320090928187e+00
1.303030407789994127e+00
1.163941164486546942e+00
9.110255135328190201e-01
6.329531232062725055e-01
5.887228952315920472e-01
8.121998086213837453e-01
1.047529107037676210e+00
1.134249107152117242e+00
1.114800109243405890e+00
1.032252434760622339e+00
8.798206901336539376e-01
7.406539607827616889e-01
7.536418144275920383e-01
9.020323636570409809e-01
1.039374594613861502e+00
1.086326967039938918e+00
1.061875350698870513e+00
1.015927316656984880e+00
9.433914355506224370e-01
8.405453968698259892e-01
7.661528308573759549e-01
7.711846555691547200e-01
8.694137179152628958e-01
1.003924131861225533e+00
1.083848605614734284e+00
1.066934593550514343e+00
1.003481269297751055e+00
9.389073775896283891e-01
8.753574938008181761e-01
8.182502768338056898e-01
7.909871090635191004e-01
8.124352469963129764e-01
8.982969401236701179e-01
1.034799341535489692e+00
1.160813112355841614e+00
1.198923134675399682e+00
1.123412385393665502e+00
9.985758064479597351e-01
8.901638853745323932e-01
8.022064926870456913e-01
7.212490703164422534e-01
6.625432565859862288e-01
6.593967270131977365e-01
7.265646131711737121e-01
8.380682275376590828e-01
9.562988229154136821e-01
1.046984320519485534e+00
1.092736851303202084e+00
1.104912889589415803e+00
1.089789401267695634e+00
1.058231122282877301e+00
1.022203686500035014e+00
9.812767483325897100e-01
9.400762248130112297e-01
8.972252484828530106e-01
8.537794177269241169e-01
8.091116916074385657e-01
7.614154531258884306e-01
7.164151330489079150e-01
6.693596445750766843e-01
6.243456154281634696e-01
5.811966158386010495e-01
5.480170903226244672e-01
5.202472830113510360e-01
5.032063130386248417e-01
4.970205422664334960e-01
4.974109527362528538e-01
5.030525330367723313e-01
5.122721805896974789e-01
5.217427637270407592e-01
5.287081633458332597e-01
5.305815375544473689e-01
5.307758487195788355e-01
5.234873918875923016e-01
5.105543745224921937e-01
4.935438029222253276e-01
4.732442466311748697e-01
4.530501905739534596e-01
4.314590014766456205e-01
4.118288054262167486e-01
3.948098891746865680e-01
3.860116465105589145e-01
3.798681950412028940e-01
3.766745777934286110e-01
3.823215225126174177e-01
3.913170565744705787e-01
4.055959469790395566e-01
4.246259241850285915e-01
4.483825502851665479e-01
4.768646331864158094e-01
5.111063135989085682e-01
5.502546489542303743e-01
5.937624685481153186e-01
6.417281200561666399e-01
6.910861362321538692e-01
7.463313038744097128e-01
8.022112610591961568e-01
8.580310175455829746e-01
9.178824326851883209e-01
9.773166152616280522e-01
1.036200050854688914e+00
1.090785395000624103e+00
1.137161390443014009e+00
1.171567579694697825e+00
1.189215325023570635e+00
1.189155720371689817e+00
1.171853682023725751e+00
1.145318287052903949e+00
1.109234226850775107e+00
1.064192183517477908e+00
1.013214112903370046e+00
9.527314845003467259e-01
8.829141715662683909e-01
8.072240122823729491e-01
7.233793405746627991e-01
6.450415426542214226e-01
5.754101962340112397e-01
5.244303374803468420e-01
4.982764122815623864e-01
5.076283821616628389e-01
5.494547545259897969e-01
6.237507610023929061e-01
7.227576640555458676e-01
8.355642361121459194e-01
9.516061486728368823e-01
1.054288274560960970e+00
1.140863435371331613e+00
1.207861448271447147e+00
1.249881535754386874e+00
1.273953470462974469e+00
1.278101954233879400e+00
1.265151651519733855e+00
1.234814075805434674e+00
1.193720244612722858e+00
1.138134138361708958e+00
1.072591075014004192e+00
1.002134800211763377e+00
9.304119265570552910e-01
8.612598015379668848e-01
8.010114194168352908e-01
7.501853406650234035e-01
7.087845455151254859e-01
6.840384821937659510e-01
6.731993762492389788e-01
6.819547035640124433e-01
7.101834666947682839e-01
7.567794033025984080e-01
8.238078145751731585e-01
9.002358794493531269e-01
9.798456406409311592e-01
1.054920083870897862e+00
1.118657722313132652e+00
1.164723773565742304e+00
1.190215491082130761e+00
1.189397715258325938e+00
1.164695163332839511e+00
1.115263833435038654e+00
1.041082267890246937e+00
9.502280891213523706e-01
8.521152558464116789e-01
7.635278419885447310e-01
6.986022828343251279e-01
6.642634468392666358e-01
6.659848291855846592e-01
7.013250233322410043e-01
7.602364731116858509e-01
8.394689368568583054e-01
9.299887335287014833e-01
1.030001167059083844e+00
1.135435239724545520e+00
1.236822156527299432e+00
1.325432220152881202e+00
1.384105251324802888e+00
1.400208044076924896e+00
1.351456207210565363e+00
1.226397898959862953e+00
1.033034447793298671e+00
7.996649503308475015e-01
5.643195586585472157e-01
3.785229180482528322e-01
2.764684291444336472e-01
2.721172895571338790e-01
3.714067186602018622e-01
5.672205170655867379e-01
8.277268204363370518e-01
1.097854506713689116e+00
1.318373241230635706e+00
1.459013993622540584e+00
1.500358164353151835e+00
1.436869673355778865e+00
1.276875290498172166e+00
1.057548649018841935e+00
8.405585098932397692e-01
6.794244860916717199e-01
5.961269850882273680e-01
5.810160137434021710e-01
6.208319211997891385e-01
7.298565780945512893e-01
8.968574877807483636e-01
1.077640781121347091e+00
1.192305826223591048e+00
1.232665924151649994e+00
1.200596237253694243e+00
1.108766926380029494e+00
9.825707653249222684e-01
8.543957298273717749e-01
7.302517569365211125e-01
6.308145082967887562e-01
6.104702485168276294e-01
7.206357384485886364e-01
9.495235621361211020e-01
1.195262813003398428e+00
1.315318502821743785e+00
1.258550436323933264e+00
1.076056489474354949e+00
8.405245352416677029e-01
6.374711558188386196e-01
5.778849813801028024e-01
7.224685814939237893e-01
9.792740320293941148e-01
