9.612621022775295065e-01
8.853096825253584656e-01
8.696682297787939886e-01
8.959365959091897258e-01
9.284288797889804767e-01
9.462220604684424830e-01
9.579474875864372185e-01
9.710938896052705438e-01
9.836817960359807156e-01
9.719480242667226655e-01
9.362430496505558253e-01
9.020365359826726381e-01
8.986748336165945039e-01
9.362311287201796617e-01
9.856082183847687528e-01
1.005262852342468705e+00
9.805436111144556488e-01
9.370948001259327143e-01
9.159297842895727237e-01
9.243239074139484313e-01
9.443600111436857292e-01
9.624667122920408380e-01
9.700865709884847199e-01
9.769446822338917480e-01
9.772427054932958379e-01
9.600735855190259960e-01
9.330780426356842794e-01
9.099353444499187482e-01
9.087009321094670078e-01
9.378821775772783198e-01
9.844369869753106794e-01
1.005509019554736483e+00
9.805221534397785543e-01
9.249801546311562372e-01
9.147978919503559903e-01
8.878249988347290955e-01
9.256238848714690715e-01
9.527815524079266130e-01
9.586788366650148552e-01
9.449691706859076890e-01
9.244848399740266398e-01
9.181333682696066756e-01
9.222341683190069528e-01
9.145350354355615830e-01
9.002984643338279858e-01
8.966816540576999506e-01
9.078110346568863953e-01
9.319109835518578633e-01
9.503633916811218274e-01
9.444839888195978306e-01
9.106041086440216370e-01
8.812178231737403111e-01
8.760977835771779354e-01
8.996839403729367524e-01
9.416599204134846746e-01
9.648306327856340792e-01
9.509427488974033782e-01
9.164686103425753183e-01
8.895171749016255180e-01
8.901883232818035285e-01
9.168000122070326663e-01
9.469271835001925597e-01
9.542204087043295591e-01
9.353638810353137600e-01
9.059501774251672579e-01
8.846814494945346441e-01
8.830613950564140113e-01
9.044445639186577957e-01
9.298319732942549320e-01
9.449363881273732391e-01
9.398074078330287406e-01
9.197575950333589656e-01
9.010721327152410032e-01
8.939410321642198287e-01
8.966613884760604725e-01
9.139628307775057303e-01
9.331382433340839055e-01
9.483183560750908514e-01
9.518409910012473052e-01
9.385044501429140595e-01
9.169943233721641329e-01
8.965821142890589845e-01
8.904780018899443039e-01
9.035248641401367742e-01
9.308178342363636615e-01
9.572226950195664719e-01
9.667105635059551894e-01
9.532715026463869368e-01
9.235865978701827128e-01
8.943487279830846237e-01
8.862514360250753898e-01
9.000445485168157012e-01
9.315569319196858045e-01
9.635020450952106463e-01
9.828497150957244965e-01
9.752054184920094793e-01
9.446937971942183099e-01
9.087998758315891656e-01
8.922422995856165162e-01
9.017891766773672435e-01
9.295589839886407857e-01
9.633214430000117678e-01
9.849787932609073149e-01
9.797341799419140296e-01
9.544033949856036703e-01
9.218318369188114314e-01
8.959276552114076031e-01
8.929885498271643574e-01
9.151388305591142691e-01
9.494353472513374914e-01
9.810550190275930671e-01
9.937669031342152293e-01
9.833021144034999050e-01
9.554345554631418214e-01
9.271622809365130946e-01
9.144778149697559977e-01
9.226770308824814304e-01
9.529108945025079880e-01
9.844477158126492267e-01
1.004305005586743960e+00
1.001846909743179026e+00
9.809393860029442802e-01
9.494943558566995012e-01
9.246606736970750529e-01
9.145010607839895167e-01
9.253646046357875132e-01
9.492368637605743675e-01
9.733844963770504899e-01
9.859169704815113899e-01
9.849752169817944658e-01
9.654737669794282162e-01
9.413106371534629702e-01
9.219248201757455075e-01
9.184570215293195172e-01
9.301419174840351856e-01
9.530247393876003503e-01
9.777928564301557879e-01
9.924353352111977555e-01
9.918589582275102456e-01
9.815896727549640044e-01
9.627444699698054498e-01
9.477878746733515714e-01
9.400720524873795725e-01
9.471661981542346398e-01
9.581215331699292070e-01
9.704608882022962568e-01
9.765435429267338430e-01
9.736854998690486207e-01
9.592540215556647487e-01
9.398097920191039734e-01
9.207917357434911576e-01
9.122080698261344489e-01
9.116060628421381873e-01
9.189714096750509764e-01
9.295279895696627603e-01
9.361590070914038719e-01
9.412194420360853186e-01
9.384716675843796097e-01
9.321851649505096260e-01
9.254861981256243819e-01
9.218491222678568686e-01
9.212542678420863052e-01
9.292305623567774786e-01
9.364266319783487447e-01
9.447796278929266878e-01
9.518225135591642516e-01
9.518749656528193714e-01
9.454978639480905445e-01
9.396887945757859129e-01
9.304506695807778227e-01
9.248293548618977677e-01
9.217966701742017488e-01
9.207869673713406922e-01
9.215600397062349014e-01
9.221417811085916849e-01
9.224827197173499638e-01
9.229881671652993003e-01
9.204823876002297123e-01
9.169311424411704659e-01
9.134621517017068593e-01
9.111775053951151060e-01
9.098191153787511531e-01
9.109665049274570103e-01
9.138638870553835725e-01
9.190757178158424079e-01
9.220309164560933635e-01
9.227878955349797518e-01
9.245009332300344607e-01
9.241778760168404272e-01
9.244937806718087625e-01
9.213693048202162839e-01
9.108890188800119470e-01
9.176136157052058318e-01
9.161318440594486967e-01
9.129948512309612463e-01
9.115154637712793440e-01
9.113753928393594217e-01
9.107441795759415593e-01
9.111739291160022569e-01
9.112239970235821440e-01
9.138668672879776134e-01
9.185893438564949331e-01
9.223062899477827425e-01
9.235049394971059922e-01
9.250445276551875207e-01
9.250051885849461808e-01
9.252585083554396572e-01
9.230406192589544201e-01
9.206063652761418137e-01
9.160179991743563344e-01
9.132439986758230654e-01
9.133751289099608650e-01
9.129263058812983056e-01
9.127921954145664651e-01
9.166730542985265240e-01
9.184439085059057373e-01
9.245080857882601588e-01
9.289927397957730149e-01
9.330083051929837223e-01
9.341837089280735640e-01
9.365583582590053524e-01
9.394175934097281910e-01
9.401507306278622522e-01
9.384698794448231851e-01
9.379715845550995468e-01
9.394164013166905747e-01
9.383250401407527974e-01
9.413052727347936965e-01
9.413070608743501211e-01
9.431667260130317532e-01
9.451289111529482811e-01
9.484292207275891728e-01
9.469855960590357613e-01
9.477664169986744769e-01
9.494568049260145859e-01
9.475148853677374250e-01
9.455449516230763907e-01
9.463388855861288862e-01
9.435177974126097711e-01
9.414787222717669879e-01
9.381200001382827836e-01
9.369839354734343928e-01
9.377278015289070012e-01
9.375275298985874528e-01
9.379662201364302732e-01
9.391720222439792209e-01
9.405786920283665253e-01
9.415055443651133560e-01
9.424204757714839120e-01
9.460861618621542179e-01
9.476704535091463599e-01
9.481019911887634821e-01
9.495420395782041556e-01
9.508473814543940694e-01
9.530843440394811683e-01
9.534354154390591862e-01
9.535576049754148631e-01
9.528661910135973745e-01
9.511251391321586812e-01
9.520382823989728127e-01
9.495986639974909327e-01
9.497464835341553613e-01
9.483970342155735311e-01
9.472472604807925523e-01
9.459109241856246131e-01
9.441835813741185079e-01
9.410626818016387674e-01
9.412480522689881113e-01
9.401841092329155103e-01
9.388269113095892848e-01
9.377337619940950830e-01
9.361393375562832020e-01
9.353799742913215809e-01
9.352822226622370394e-01
9.353173894068467220e-01
9.357572717377271587e-01
9.375442192011140818e-01
9.388430045655971057e-01
9.380830452541166764e-01
9.385628627017572612e-01
9.413249422699143665e-01
9.424502780974243210e-01
9.430409601975632272e-01
9.439552955574149751e-01
9.436632327631989670e-01
9.438366823001721473e-01
9.419948985570548716e-01
9.428979090330492641e-01
9.427483013568284109e-01
9.399039673690756658e-01
9.390861915452708431e-01
9.375913068760999280e-01
9.371615573360392304e-01
9.360910577882597394e-01
9.327019372823163179e-01
9.313995756387204450e-01
9.317858137829081455e-01
9.302444374852701925e-01
9.277899179208181080e-01
9.280134353653711754e-01
9.272409590769957743e-01
9.263141067402490547e-01
9.240848927599063511e-01
9.235263971717830866e-01
9.239048867112262808e-01
9.235931543818896028e-01
9.251404911447156376e-01
9.252406269598754118e-01
9.254933506838500801e-01
9.258295209204580045e-01
9.249884992824195518e-01
9.271974476811227772e-01
9.274650725680676500e-01
9.281481418786218240e-01
9.275628241971521915e-01
9.295321618952944176e-01
9.303898728358593884e-01
9.309996284246001563e-01
9.318305172718187590e-01
9.322280802998638150e-01
9.328217426325967621e-01
9.315998472690399934e-01
9.320790686701617700e-01
9.338898579943011313e-01
9.346396845149618215e-01
9.345407407928396637e-01
9.347517412604977594e-01
9.349299591696214051e-01
9.344298761403413422e-01
9.345019977691171320e-01
9.340144317167320409e-01
9.319676079711446404e-01
9.330327431002548577e-01
9.328658500749885674e-01
9.326578298399245126e-01
9.332801024055602523e-01
9.315682568035431599e-01
9.306622660949547265e-01
9.297825014331938531e-01
9.272540721004095543e-01
9.281815204836750821e-01
9.274966630335644835e-01
9.255726248708515680e-01
9.262711913908948658e-01
9.257699162685770755e-01
9.250451237017063288e-01
9.245414643933134169e-01
9.244699388110564353e-01
9.112877740010946193e-01
9.212167169114013898e-01
9.207547808593250505e-01
9.219707157576937373e-01
9.220422413399507189e-01
9.192837380509064626e-01
9.213007594705533432e-01
9.212828780749890978e-01
9.223384764597983843e-01
9.205914641131716092e-01
9.204066896923410734e-01
9.187502764165731417e-01
9.205223227169898603e-01
9.203345680635652837e-01
9.205658341128628575e-01
9.204949045771246841e-01
9.190292261873753699e-01
9.197075271257790785e-01
9.210748578399250430e-01
9.210182334206382659e-01
9.210307503975332377e-01
9.213532115642084630e-01
9.221054222709443859e-01
9.221930411092091884e-01
9.224475529727402812e-01
9.213311578430125603e-01
9.226478246030598296e-01
9.230656532127443636e-01
9.216244127302661848e-01
9.235472587999413729e-01
9.244806676483949825e-01
9.229559806532836586e-01
9.232689050756579530e-01
9.234650043803458441e-01
9.238989262460381990e-01
9.258032948736304446e-01
9.259278685960613542e-01
9.260154874343261566e-01
9.248305469549353841e-01
9.267629297689116141e-01
9.255154044050459827e-01
9.273494395434188631e-01
9.279156837362866339e-01
9.265221269753131095e-01
9.267730625597313532e-01
9.286392842101197642e-01
9.287692223512199474e-01
9.287090216528203213e-01
9.291447316580691007e-01
9.295673286399041002e-01
9.295726930585733738e-01
9.282107267630966829e-01
9.300048267847093042e-01
9.284384165332814076e-01
9.290690337501804619e-01
9.302819884159551078e-01
9.287048493271886640e-01
9.303380167887230767e-01
9.308106816781379633e-01
9.291721497979342770e-01
9.310002244711189645e-01
9.307403481889185981e-01
9.298444902711499038e-01
9.314371265694053603e-01
9.314889826165416720e-01
9.315885223851826380e-01
9.314037479643521023e-01
9.316260733158675533e-01
9.320093312274612130e-01
9.304464972551461655e-01
9.320766844840865373e-01
9.307004130721584501e-01
9.325821319320358738e-01
9.313596405219602969e-01
9.331859270555885599e-01
9.312827505210340417e-01
9.317530312243736956e-01
9.337491910158624009e-01
9.324563661165673478e-01
9.343529861394150871e-01
9.350545328920523147e-01
9.342749040454512155e-01
9.339953582281301792e-01
9.364147110479725811e-01
9.365845843058329123e-01
9.374071285017882005e-01
9.362144394176530326e-01
9.371275826844671641e-01
9.374595805954433203e-01
9.385217354919594968e-01
9.404410052825218358e-01
9.397627043441181272e-01
9.418250252991945404e-01
9.410465885456309465e-01
9.433586529920879871e-01
9.425522020521405198e-01
9.450168544074123433e-01
9.443886213765885218e-01
9.463031227950003954e-01
9.470881160602707682e-01
9.477574763008923542e-01
9.495843588810395364e-01
9.476811823464849072e-01
9.482551751440971843e-01
9.490550695723377617e-01
9.511895121561899646e-01
9.514523686709843719e-01
9.521950426334193640e-01
9.523285570536323963e-01
9.531367961331362881e-01
9.530855361325187847e-01
9.535587970684524795e-01
9.552134222046639866e-01
9.541739170758625210e-01
9.533775989267347928e-01
9.551484531341138950e-01
9.554548210447812995e-01
9.555573410460163064e-01
9.540475552138751869e-01
9.557868189557574556e-01
9.560407347727697402e-01
9.559507317484297051e-01
9.557915873279079211e-01
9.561212010528088445e-01
9.543247168451209905e-01
9.559245057016021452e-01
9.541286175404330994e-01
9.539051000958800319e-01
9.538544361417813366e-01
9.550054019695999319e-01
9.540898745167105677e-01
9.533913079966673809e-01
9.512234868077620309e-01
9.523583593795728053e-01
9.500415265609654103e-01
9.487683711967910272e-01
9.497852265578778930e-01
9.472109016431452533e-01
9.477074083933124671e-01
9.445340567271777177e-01
9.436924390426205678e-01
9.420944383256958377e-01
9.414387871550068398e-01
9.419805934406034753e-01
9.388936685196958010e-01
9.377742931573740393e-01
9.365553780264113115e-01
9.372587129186049637e-01
9.357578677842459669e-01
9.347076338181059540e-01
9.338993947386020622e-01
9.327758470506485322e-01
9.323186793707226583e-01
9.296704446876579153e-01
9.302307284153376044e-01
9.300656235296277385e-01
9.293265258463055956e-01
9.521843137960808168e-01
9.282053623444274093e-01
9.278983983872411967e-01
9.275610360575957669e-01
9.256685883603796849e-01
9.269816788413142161e-01
9.254128844038109758e-01
