1.077695617401077444e+00
1.252402812528945475e+00
1.373543903058040527e+00
1.424900463211591584e+00
1.398660111267580053e+00
1.296803509808005073e+00
1.130799785947774083e+00
9.250373750969618225e-01
7.133055583602855299e-01
5.625165179391524717e-01
5.104601991725205012e-01
5.719435896806227548e-01
7.301784432147077064e-01
9.289128695622527188e-01
1.113712324346580962e+00
1.235863117678537071e+00
1.272189172767302034e+00
1.219106461895282489e+00
1.092045437341384595e+00
9.285409365345164145e-01
7.804782128904119709e-01
6.667710145438926483e-01
6.408078242311268102e-01
7.212496663629610616e-01
8.984477398929285874e-01
1.123924985399840537e+00
1.306091106664074353e+00
1.377731725899186799e+00
1.302627480343279798e+00
1.086186300061500187e+00
8.041943078272709711e-01
5.528945389860319137e-01
4.152346152346867436e-01
4.471523102703464092e-01
6.451673084696899485e-01
9.531212989236472755e-01
1.289426242044716231e+00
1.544641440468006222e+00
1.635505752027720527e+00
1.502118885769711198e+00
1.153522271337779959e+00
7.126898423063566801e-01
3.368288680111012345e-01
1.836759070963748797e-01
2.977234480051336174e-01
6.233132628575877021e-01
1.051121479406533110e+00
1.447800570464202297e+00
1.687362395210551647e+00
1.687284313116587775e+00
1.412314344920437836e+00
9.608240080862054944e-01
5.141932385198162425e-01
2.518868746622651145e-01
2.747756570310183610e-01
5.296153461474593094e-01
9.144623177602669850e-01
1.290457402522254382e+00
1.520099821102597781e+00
1.530331555644459218e+00
1.304293430363348660e+00
9.448749953359359965e-01
6.266719849910717954e-01
4.735637275652560541e-01
5.354405087757717618e-01
7.570106693518959817e-01
1.021102788579796306e+00
1.218963410730768526e+00
1.268811377145216079e+00
1.169668575485774964e+00
9.777642461972529953e-01
7.847107392204688558e-01
6.946701639497475655e-01
7.518459262664229925e-01
9.147794145082729367e-01
1.097989809273458572e+00
1.185156844277005739e+00
1.126236453799778658e+00
9.611649466949637732e-01
7.826406696606480473e-01
6.909412969280834815e-01
7.221139338152329223e-01
8.619249894529568135e-01
1.065650709349001524e+00
1.220653202611589716e+00
1.255793721174445210e+00
1.133539811794735508e+00
9.136212961222286433e-01
7.189215086604963112e-01
6.298012292148148505e-01
6.860978229162482123e-01
8.587343524377766268e-01
1.058830745080798330e+00
1.192669414600064037e+00
1.198800349092525197e+00
1.091664563615866168e+00
9.531552735752193417e-01
8.437789492343603648e-01
7.963318581976721600e-01
8.143372314378298782e-01
8.699531400147842986e-01
9.375638887362347518e-01
9.804005599499415746e-01
9.946120970978852283e-01
1.000452160889167885e+00
1.005309343970935743e+00
1.015199543857520093e+00
1.017394187139771811e+00
9.898329961100812424e-01
9.224785473917183065e-01
8.399487543044990012e-01
7.919205179119727100e-01
8.216322447815233021e-01
9.110118044628864320e-01
1.025051596766900719e+00
1.109728945461385896e+00
1.124341025869968647e+00
1.070066221960332520e+00
9.665871818765618961e-01
8.530158821363308386e-01
7.836414317657269812e-01
7.907558430142215267e-01
8.755827993849276680e-01
9.888596521448674848e-01
1.065371759578199296e+00
1.083094010721923128e+00
1.040462379510686430e+00
9.718741144983904512e-01
9.054202920699467860e-01
8.606941533916179221e-01
8.608294559513873789e-01
8.989800094342242920e-01
9.577335068861850820e-01
9.977866408570577050e-01
9.961701626980499213e-01
9.696192705177391069e-01
9.430135420576980509e-01
9.279192600153994830e-01
9.354413670827588234e-01
9.578169533988182272e-01
9.758801431513003388e-01
9.749920338382761509e-01
9.489400325942077830e-01
9.237630276397499340e-01
9.106762302727974268e-01
9.138424293807064780e-01
9.389526771250578108e-01
9.730751482337890446e-01
1.002588391612576402e+00
1.003843665581186428e+00
9.751237601189327586e-01
9.370900317537822488e-01
9.122676744780152669e-01
9.103823793390249941e-01
9.303111946953767086e-01
9.485299525892677552e-01
9.657688100062382652e-01
9.725345340412299144e-01
9.706879819259621733e-01
9.675927123537912955e-01
9.572101780426715001e-01
9.511871279701147319e-01
9.499258935363166234e-01
9.396411108542812585e-01
9.278668079217443632e-01
9.205807352758330619e-01
9.218073990115402960e-01
9.385551140970127548e-01
9.636278109106791723e-01
9.830684641681270985e-01
9.861577732751098946e-01
9.706844056468493243e-01
9.471036132697597809e-01
9.287745867698892210e-01
9.215850736600248450e-01
9.254295737063376048e-01
9.335542838042120151e-01
9.448946648710566665e-01
9.532673303207552795e-01
9.582699487531124438e-01
9.656293351208371512e-01
9.668351372283860989e-01
9.651215034868125819e-01
9.573472687419973814e-01
9.412784506414473285e-01
9.294040118937506589e-01
9.242046981101867953e-01
9.234250692635856961e-01
9.369398280310425875e-01
9.533525649729448492e-01
9.683264456184441649e-01
9.715599979829785404e-01
9.606201601767730969e-01
9.432918957819814709e-01
9.308881677255830267e-01
9.181643626885847009e-01
9.193171166559597207e-01
9.275115641965346880e-01
9.349502247512608832e-01
9.412802387810037530e-01
9.375621005966783272e-01
9.423912694920623112e-01
9.499759614438965105e-01
9.549910968531485356e-01
9.519506635607080103e-01
9.360093994151830188e-01
9.201074743398993672e-01
9.076220879104242023e-01
8.979667303522503863e-01
9.076542744224398440e-01
9.221459534342233422e-01
9.375287219916250692e-01
9.488059221274759425e-01
9.451748067348965110e-01
9.381784126971259852e-01
9.278930339685719231e-01
9.175349375647231520e-01
9.171928068629272568e-01
9.155596394013928441e-01
9.165002008080721518e-01
9.153003591657112858e-01
9.053970462557132670e-01
9.032369736715524233e-01
9.081030974511024034e-01
9.207172299286401351e-01
9.394837545733158990e-01
9.574253508359612530e-01
9.652007776738140699e-01
9.595353555125422096e-01
9.290797625875190091e-01
8.954287642751651566e-01
8.663995106696499304e-01
8.594472240742712099e-01
8.736438600592446591e-01
9.052116757883639231e-01
9.473670658310729964e-01
9.839345197599553838e-01
9.971882101521742925e-01
9.897143828528384146e-01
9.555913156975883727e-01
9.175945422166039700e-01
8.870596751045793926e-01
8.703614318801679017e-01
8.819837429504088222e-01
9.070135244147210507e-01
9.438027076486000810e-01
9.730238882331715411e-01
9.838129262701185151e-01
9.804792380904243654e-01
9.660328586140702889e-01
9.463239844231586817e-01
9.334887186871431153e-01
9.304250395804690710e-01
9.463543827956178989e-01
9.665859897835242798e-01
9.766842099051725734e-01
9.801478362259669064e-01
9.724576440403036592e-01
9.581823299148476414e-01
9.430189064763673246e-01
9.293676530561033600e-01
9.318632998303532089e-01
9.519578161189337084e-01
9.786171887656675006e-01
1.010304213798548512e+00
1.032616023137095329e+00
1.038746361583037459e+00
1.026733043996458594e+00
9.947837584953019840e-01
9.618492080985555637e-01
9.321899333226600914e-01
9.128327265778454214e-01
9.136040107731832061e-01
9.320820489027558109e-01
9.687180481813011390e-01
1.007152915853609443e+00
1.032552246159582854e+00
1.043635731176821180e+00
1.033994082688579841e+00
1.014913441528492166e+00
9.904552686757169822e-01
9.598715257491500230e-01
9.411109615696622299e-01
9.374422952463978831e-01
9.425402811217643562e-01
9.591473292287980845e-01
9.738023249867350239e-01
9.856892807113266652e-01
9.925724259105236369e-01
9.830601195168637840e-01
9.733034340504925774e-01
9.593601178360126047e-01
9.536738340465824582e-01
9.538007919550886005e-01
9.538508598626684876e-01
9.687389098094594253e-01
9.848047476774153264e-01
9.893162237782745505e-01
9.887922988882421604e-01
9.734560219593074715e-01
9.546990340589325275e-01
9.319759526224079549e-01
9.043152218240764206e-01
8.916373123690262137e-01
8.908523191037558409e-01
8.980132219807174243e-01
9.225220587875913036e-01
9.496928393474626251e-01
9.800596213411832958e-01
1.001325369039221869e+00
1.005088210712457908e+00
9.992165564556785284e-01
9.835441092901360260e-01
9.544933980099437054e-01
9.249282985840199256e-01
8.958859319550910305e-01
8.794261073382029226e-01
8.753461689169608206e-01
8.774657103378427081e-01
8.924282660994846683e-01
9.109915388812469539e-01
9.314240135459915804e-01
9.480924544444625512e-01
9.571887203679944056e-01
9.620119287981901968e-01
9.622199490332542515e-01
9.537090007911921408e-01
9.466488297759091397e-01
9.408057857520324418e-01
9.332204977536794344e-01
9.321130433217338362e-01
9.346015375377580980e-01
9.420682122788682777e-01
9.505511463345464040e-01
9.499765574904153187e-01
9.512997807621694779e-01
9.493739544599002489e-01
9.373177215239669735e-01
9.225160983224032218e-01
9.071619399979042875e-01
8.937592379759833339e-01
8.856434685758910463e-01
8.760679812512375264e-01
8.759887070642360385e-01
8.813984252689391896e-01
8.967710610355211776e-01
9.173436066321857263e-01
9.354044121985927163e-01
9.574605175805709356e-01
9.803373790189479076e-01
9.914959658975560641e-01
1.000937342755477744e+00
1.004189968608613981e+00
1.000341892283188372e+00
9.925920954456443068e-01
9.737945763819905176e-01
9.588010262013705320e-01
9.424979618189289754e-01
9.211577083060393800e-01
9.081835637311415077e-01
8.946384065912255101e-01
8.862770660253841415e-01
8.857072455534035216e-01
8.859867913707245579e-01
8.910794128274217574e-01
8.974147912758340118e-01
9.067917951097244078e-01
9.187514685096107581e-01
9.265561016268851757e-01
9.340960900898087615e-01
9.430844715934362243e-01
9.459466869767531039e-01
9.495146214383389793e-01
9.503210723782864466e-01
9.544624035909656801e-01
9.544069712647165193e-01
9.516162814636566214e-01
9.509749354094190199e-01
9.550846761566014198e-01
9.513045491343199433e-01
9.502888858662708049e-01
9.505058467991169824e-01
9.532136861340625433e-01
9.583426664284070418e-01
9.590984534142558138e-01
9.641791539405767386e-01
9.651232916263690065e-01
9.691925012102724502e-01
9.738243787079309266e-01
9.763551922267904581e-01
9.784049962049717886e-01
9.816516615929200551e-01
9.837211351062220555e-01
9.849328976789590850e-01
9.837211351062220555e-01
9.852499944269650367e-01
9.869892581688473054e-01
9.809322334447185820e-01
9.805453992540120733e-01
9.833652953344935721e-01
9.779406759668202165e-01
9.750546187227510098e-01
9.729607073021778740e-01
9.696812593556951576e-01
9.696598016810180631e-01
9.642655806858039247e-01
9.630031541589681998e-01
9.623767092677008028e-01
9.587610910846103840e-01
9.557027763966055023e-01
9.546275084766755459e-01
9.550965970869775834e-01
9.549177831313351295e-01
9.525717440333061337e-01
9.514911116947069036e-01
9.495897232997088100e-01
9.489376484081325502e-01
9.522582235644130311e-01
9.473295149003880811e-01
9.495223700430834857e-01
9.527499619424297794e-01
9.488315521277846942e-01
9.490884481773910197e-01
9.491885839925507939e-01
9.520019235613255137e-01
9.541566317268170838e-01
9.533209745074480157e-01
9.554947561615414475e-01
9.565694280349525958e-01
9.564949222201015733e-01
9.604824734309284073e-01
9.618170215865399220e-01
9.632439569525667045e-01
9.673638304905689544e-01
9.676463565404840317e-01
9.710801805353379557e-01
9.715576137969033077e-01
9.747136801139927309e-01
9.805072522768083498e-01
9.803802943683020965e-01
9.827442148618954487e-01
9.882051930672159923e-01
9.863407595563840058e-01
9.879995570182271702e-01
9.899516093673240702e-01
9.899569737859933438e-01
9.936971656915146722e-01
9.908891905414093371e-01
9.924848070722588345e-01
9.891260849387747411e-01
9.892309891260849808e-01
9.889180647037106864e-01
9.845091086040864692e-01
9.807212329770604864e-01
9.806210971619007122e-01
9.732676712593640866e-01
9.681786260817797363e-01
9.627820209004903651e-01
9.600694131933943387e-01
9.575785347912949552e-01
9.481139121191396457e-01
9.448809558011240783e-01
9.436852864843948696e-01
9.348637980060336972e-01
9.315247454076701628e-01
9.276927623382523747e-01
9.241802602029156599e-01
9.242499976456162170e-01
9.199405813146330768e-01
9.202564859696014121e-01
9.181852243167429872e-01
9.189189575813958566e-01
9.229398873972758377e-01
9.194017552616304823e-01
9.212512876094922643e-01
9.252811581231543681e-01
9.261692674361786670e-01
9.291524802628136070e-01
9.284908686269365274e-01
9.310890354024213833e-01
9.331543365900917264e-01
9.315962709899271443e-01
9.335369984551665778e-01
9.330238024024727350e-01
9.335119645013766343e-01
9.357656163889904732e-01
9.324283519301833634e-01
9.328753868192894982e-01
9.337998549699610962e-01
9.330458561236686377e-01
9.338016431095175207e-01
9.328819433309963882e-01
9.351767224284079916e-01
9.401805329538026612e-01
9.404070306309497695e-01
9.431428841522794260e-01
9.483201442146472759e-01
9.481913981665847091e-01
9.519172849556547522e-01
9.510279835495929479e-01
9.525198879861698220e-01
9.547932094089042199e-01
9.493811070181259471e-01
9.477735695569001750e-01
9.471435483865199290e-01
9.350068491705476603e-01
9.299404537606780208e-01
9.220046904092658036e-01
9.117610349370283140e-01
9.021831634262994504e-01
8.932889572726436800e-01
8.849359613580657369e-01
