9.105433118991032027e-01
9.656859595401239282e-01
9.527213517095269868e-01
8.873934611551119733e-01
8.662350018304588728e-01
9.223796036695961487e-01
9.986741541235630848e-01
1.027594331216136414e+00
1.004377723262038558e+00
9.437365464850123731e-01
8.689613186074874873e-01
8.330477277097377842e-01
8.667446216040398665e-01
9.545649235922006870e-01
1.035130743399947040e+00
1.023419621398403700e+00
9.208674336513797964e-01
8.376903340447346968e-01
8.666456778819177087e-01
9.561897464024717852e-01
1.029527906123150149e+00
1.026819470741685780e+00
9.265465648825842448e-01
7.943362944527023739e-01
7.802254891664373027e-01
9.284014616491153005e-01
1.102282536301915306e+00
1.148733633605675042e+00
1.000741839497308661e+00
7.730145183818958321e-01
6.933773390504526235e-01
8.458746487944899251e-01
1.069788464282567908e+00
1.154411572743841763e+00
1.021381738350598534e+00
8.020801308250583572e-01
7.488734422771265997e-01
9.112561835355977857e-01
1.095047723656621397e+00
1.087196002864361244e+00
8.762467952068799804e-01
7.109273327502408923e-01
8.266312869347676173e-01
1.082285771642419236e+00
1.167603870344623429e+00
1.004516006054402055e+00
7.564259477169451573e-01
7.057947761767835448e-01
9.108431232980637171e-01
1.110087765465708420e+00
1.093531977359292195e+00
9.295756732911674147e-01
8.055312401689577184e-01
8.329750100344431862e-01
9.431786469434079168e-01
9.852362853570324486e-01
9.778232548026150051e-01
9.973086115489735448e-01
9.318597235512403598e-01
8.339131872550472613e-01
8.283407483507094771e-01
9.443767004462123582e-01
1.104787123773947277e+00
1.031556848473173194e+00
8.103705418551614414e-01
7.432723931398860229e-01
9.176165959377998727e-01
1.137017147185462429e+00
1.035186175726196200e+00
8.094770681234679799e-01
7.707048381215141353e-01
9.336526314798154758e-01
1.065869458421404126e+00
9.769440861873729398e-01
8.822328903952706414e-01
8.784688566289968747e-01
9.099866044505362517e-01
9.189278982791779793e-01
9.677602014255763940e-01
1.017556907839406444e+00
9.272236737279503371e-01
7.845492106138718391e-01
8.495766937228076410e-01
1.077462563212223445e+00
1.099112760914893183e+00
8.181870959028120227e-01
6.997896074997911331e-01
9.590507696927511594e-01
1.171445390158342148e+00
9.911746968239184552e-01
7.067478545603578244e-01
8.103246462732132116e-01
1.089010368467613343e+00
1.086535583321521781e+00
8.237112550391262333e-01
7.790792917107691729e-01
9.786493752776831423e-01
1.050515300096905191e+00
9.063227064994223703e-01
8.420516064228542596e-01
9.410924841275791763e-01
9.969694610797716905e-01
9.136916296114480085e-01
8.770484777746769822e-01
9.502733886567817922e-01
9.847272616299702630e-01
9.092630039767031214e-01
8.716572370120569957e-01
9.323955693716489135e-01
9.795911287774000664e-01
9.454394513892473428e-01
8.937932126275554001e-01
8.991689561806864850e-01
9.391946720116939318e-01
9.525234642652826711e-01
9.390957282895717739e-01
9.208966399308013973e-01
9.085638414101411264e-01
9.043050890332566816e-01
9.353108328951398320e-01
9.678722581711123318e-01
9.462876255855113827e-01
8.954573745080679492e-01
8.879191741847007879e-01
9.328414121677174320e-01
9.648199039482955319e-01
9.552283233676341911e-01
9.166462322051801559e-01
8.951045149689335068e-01
9.096403014231086992e-01
9.385431931666365912e-01
9.580416629364089109e-01
9.523905458915884470e-01
9.231043962364668953e-01
8.957834119538560236e-01
8.987237094311367747e-01
9.322626509979546894e-01
9.659959037299041817e-01
9.600062322624006717e-01
9.171898266303332159e-01
8.836622099473726566e-01
8.897532093230735573e-01
9.323192754172414665e-01
9.620095446121149640e-01
9.614951564663835049e-01
9.263868244155436527e-01
8.930994144796626788e-01
8.888990746616214356e-01
9.182042978053448490e-01
9.533460084612379593e-01
9.662539918725481236e-01
9.464300807035065377e-01
9.143472807821370063e-01
8.985246298938548426e-01
9.061188585899899728e-01
9.258283288274203882e-01
9.416319062271006901e-01
9.447235995201587189e-01
9.373511001290202316e-01
9.349251907974709397e-01
9.313298381960198880e-01
9.282554302520072964e-01
9.207547808593250505e-01
9.070886262760908814e-01
9.008706689918838384e-01
9.106643093424212632e-01
9.329683700762235743e-01
9.570492454825932915e-01
9.666956623429849849e-01
9.587074468979176478e-01
9.356243533640329346e-01
9.071118720903244004e-01
8.880759344191473392e-01
8.878297672068795610e-01
9.061981327769914607e-01
9.276993188499592646e-01
9.511513651789862411e-01
9.611518336715499933e-01
9.621210053111320937e-01
9.500445067935594512e-01
9.357405824352005297e-01
9.209461117918624762e-01
9.092218767669053570e-01
9.030921343674820356e-01
9.055907613743259255e-01
9.111930026046041187e-01
9.185166261812003352e-01
9.255988509176791279e-01
9.305472291168247478e-01
9.328938642613725518e-01
9.337390582250426618e-01
9.328044572835513248e-01
9.324808040238384832e-01
9.316385902927625251e-01
9.306348479550895503e-01
9.307230628398731609e-01
9.304882205114627380e-01
9.328491607724619383e-01
9.341002624154404188e-01
9.340984742758839943e-01
9.370673819860675380e-01
9.366251154691118685e-01
9.396423029473188748e-01
9.408624101713192189e-01
9.418727090206991948e-01
9.424455097252738556e-01
9.426749876350150048e-01
9.416056801802731302e-01
9.411956001753329915e-01
9.411717583145806643e-01
9.398300576007434515e-01
9.400201964402432608e-01
9.385527299109375221e-01
9.360743684857331104e-01
9.338862817151882822e-01
9.296674644550638744e-01
9.283591423462799197e-01
9.250868469580229014e-01
9.228117373957320790e-01
9.214181806347585546e-01
9.193910264242919350e-01
9.213687087736974757e-01
9.229071048387413878e-01
9.256429583600709332e-01
9.287823353746337274e-01
9.309018767955156148e-01
9.327627340272347523e-01
9.338231007841946152e-01
9.316666044791465096e-01
9.332085768233032708e-01
9.337676684579454545e-01
9.342176835796456302e-01
9.372253343135517056e-01
9.411151338952938872e-01
9.385789559577650820e-01
9.354312342919390844e-01
9.253187090538392834e-01
9.148026603225064557e-01
9.086985479233917751e-01
9.164668222030188938e-01
9.368146582620928697e-01
9.587801645732122457e-01
9.708894456493193381e-01
9.601087522636356786e-01
9.307600177240392680e-01
8.976997015118243217e-01
8.846415143777744960e-01
9.035576466986712241e-01
9.476925072303422626e-01
9.798873638972477318e-01
9.739578931281439589e-01
9.398854899269926122e-01
9.004987359641475342e-01
8.955145949738735345e-01
9.269131334916512754e-01
9.567941375725432795e-01
9.559215254690081043e-01
9.336210410143186422e-01
9.217293169175764245e-01
9.336913745035380074e-01
9.419031073931584119e-01
9.293491756140203064e-01
9.188772343250792840e-01
9.283597383927987279e-01
9.522862377507970155e-01
9.451235467342790075e-01
9.082676062902934611e-01
9.002239585189769633e-01
9.401888776050659757e-01
9.720672335704843015e-01
9.448517495217024775e-01
8.881850109320892361e-01
9.007818580605814196e-01
1.001022577407667313e+00
9.859050495511352263e-01
9.081519732656446742e-01
8.697576367566152156e-01
9.405536580745765818e-01
1.000114202513003647e+00
9.375823661783178053e-01
8.611256910712350443e-01
9.154678482374963844e-01
9.935427896431433537e-01
9.486062465436752023e-01
8.755750507801831617e-01
9.171272417458583570e-01
9.737147061484702215e-01
9.320617833211163328e-01
9.066052325493374475e-01
9.425599506568850261e-01
9.323341765802116710e-01
9.076334127942815577e-01
9.570969292040979459e-01
9.549744075506219065e-01
8.745528310004271333e-01
9.045077448496514627e-01
1.012325407543827049e+00
9.446896248685866526e-01
8.234764127107158105e-01
9.323097386729405356e-01
1.043492083965788408e+00
9.040505771697255888e-01
8.110810293055807918e-01
9.642620044066910756e-01
1.047360425872853495e+00
8.726013746978491525e-01
8.153600472641047148e-01
1.009078146109360086e+00
1.032781128022805195e+00
8.250678569159337616e-01
8.609653545576756439e-01
1.054623252704531167e+00
9.575368115349783826e-01
8.042026524785342856e-01
9.771181317708649283e-01
1.012899996387958135e+00
8.357919258823306441e-01
9.451855355722350582e-01
1.025616052820212065e+00
8.257360250635177312e-01
9.165061612732602336e-01
1.093413960148568176e+00
8.424134066597708248e-01
7.929963818784215857e-01
1.121328010717393298e+00
9.932924501052439181e-01
7.068742164223451585e-01
9.946573966333146499e-01
1.108536256377250728e+00
7.847906094539891519e-01
8.848137718217100600e-01
1.070383318708338694e+00
8.866901262629182101e-01
8.343947928422442706e-01
1.088841687302790628e+00
9.111673726042953669e-01
7.419998338222305589e-01
1.083935628406480278e+00
1.097023617866470513e+00
7.086903701651537935e-01
8.093608390523003848e-01
1.210566903420317475e+00
9.937794201111102010e-01
6.682384810731984981e-01
9.068049081331381878e-01
1.173499366462155136e+00
9.276510390819358021e-01
7.470811303950704030e-01
9.551913684834680840e-01
1.052006608486963257e+00
9.117216958667869742e-01
8.648241597204399111e-01
9.910477389154123129e-01
9.629530862513883127e-01
8.459223325159945794e-01
9.226734546033685813e-01
1.101478469548042849e+00
9.487695632898286435e-01
7.657743413179327607e-01
8.416218568827935620e-01
1.095628869012459372e+00
1.136157648105341034e+00
8.484829483607946310e-01
6.962544555967397075e-01
8.581597635936455415e-01
1.139511005820155853e+00
1.160777945611231932e+00
9.054119474186834715e-01
7.096160304088628967e-01
7.561404414344360392e-01
9.909869421704938786e-01
1.156116265787633157e+00
1.098564398117589658e+00
9.172792336081544429e-01
7.440514259399683139e-01
7.509458960230226410e-01
9.268797548865980174e-01
1.060634381846711882e+00
1.081882844195704907e+00
1.044565563746161940e+00
9.198726320114889443e-01
7.750822037556414079e-01
7.832289675747117208e-01
9.330810228682783203e-01
1.046603446793967107e+00
1.037926201573157403e+00
9.833229760316581913e-01
9.431470564779110832e-01
8.803624964192505731e-01
8.030111554874367341e-01
7.898087250958353289e-01
8.765811773039313692e-01
1.015308620370461989e+00
1.119097604644013089e+00
1.136563555784649404e+00
1.066646107035411184e+00
9.658337790767883568e-01
8.780647370892449288e-01
8.211530233804015255e-01
7.889837967138048080e-01
7.691020690324388287e-01
7.581288526211801271e-01
7.573533961002106851e-01
7.751656502682745531e-01
8.085460434610894920e-01
8.564956017131331034e-01
9.127170935531966345e-01
9.742290942942016807e-01
1.034234289435659537e+00
1.089623700335466960e+00
1.142018573524781866e+00
1.184871337994496621e+00
1.220310475863275013e+00
1.247950345033448372e+00
1.268317254581124098e+00
1.286615286662016633e+00
1.298673307737506333e+00
1.306196606897903401e+00
1.310541189973496223e+00
1.312455691391908097e+00
1.308410323668756980e+00
1.296225940731279946e+00
1.279844794254874518e+00
1.252731234160808782e+00
1.215804364181085173e+00
1.166077395209955680e+00
1.106218827512124525e+00
1.034757022232654311e+00
9.533066693909966194e-01
8.674217304494059588e-01
7.770622702911221813e-01
6.893188583038876160e-01
6.122780576083728388e-01
5.525077047953254050e-01
5.243826537588421877e-01
5.343288820181943954e-01
5.907423008373142714e-01
7.003653884369598348e-01
8.526576581785271225e-01
1.024730923739781918e+00
1.185806534982506655e+00
1.297403728652444910e+00
1.332872072800644903e+00
1.279135498897492784e+00
1.157354850453716555e+00
9.947897189604900658e-01
8.253897220360901787e-01
6.752289146457808311e-01
5.804533458296472492e-01
5.822724798050499251e-01
7.011652828652004121e-01
9.150601524186315894e-01
1.143347161215205299e+00
1.277930888882981453e+00
1.267690213643337893e+00
1.145835059384710641e+00
9.720427956632131661e-01
7.823766210528160236e-01
6.287748371094270539e-01
5.912465561922259916e-01
7.233507303417600065e-01
9.769184561870641881e-01
1.188935183159730791e+00
1.252777725789275820e+00
1.182825706341946947e+00
1.015325905719507427e+00
7.975466010030032304e-01
6.368333860437138672e-01
6.477934894315587888e-01
8.315397300171529782e-01
1.057948000186443416e+00
1.199092411886741205e+00
1.193917536010448366e+00
1.032565359182996634e+00
8.027435306004918614e-01
6.805778361055655479e-01
7.446164780397984684e-01
9.203143024819258056e-01
1.104725730982510035e+00
1.176532051149851155e+00
1.055521494808375316e+00
8.231527594510029688e-01
6.831360677642902557e-01
7.716930832496980974e-01
1.001016616942479232e+00
1.188233636407093563e+00
1.163641949134105236e+00
9.229899553048557248e-01
6.709194983147976910e-01
6.459505135954038968e-01
8.880079851160032067e-01
1.191268705280864815e+00
1.282764826150515791e+00
1.058179266235740990e+00
7.073081382880376244e-01
5.599618625595406129e-01
7.629115298880970730e-01
1.132764951320284652e+00
1.332830945590847138e+00
1.138258712084139868e+00
7.266581924746265964e-01
5.595160197634720944e-01
7.816470601137948115e-01
1.128902569878407647e+00
1.278599653077084231e+00
1.060500271379980042e+00
7.181371114417447465e-01
6.670428117564691783e-01
8.975942012779952739e-01
1.124968066807754852e+00
1.122710838641028275e+00
8.980501768648835315e-01
