1.041599040222053629e+00
1.007117153062480952e+00
8.694435202412033048e-01
8.175439617090179967e-01
9.324486175118228415e-01
1.031757120103492742e+00
1.000073075303205883e+00
8.867032392863319901e-01
8.371711775268527722e-01
9.224553015774847875e-01
9.912277449640923832e-01
9.774811241008191098e-01
9.198028945687883873e-01
8.995474457201296792e-01
9.315444149427908327e-01
9.327531972829338214e-01
9.133155242580800470e-01
9.333397070574410703e-01
9.813053585654925026e-01
9.658659655888039985e-01
8.912689556204027586e-01
8.461232001928329360e-01
9.663642604785276369e-01
1.038453702742302642e+00
9.991986750601142830e-01
8.644826250651628241e-01
8.114726318684377659e-01
9.361888094173442809e-01
1.049775606367064240e+00
9.980286357436938260e-01
8.610666824658730345e-01
8.311117686166487051e-01
9.476638969974394699e-01
1.019888641820984043e+00
9.679819307305730369e-01
8.864791257952601145e-01
8.870322569647142164e-01
9.445537262622983876e-01
9.561229891923652691e-01
9.359933061591751979e-01
9.406514097036611233e-01
9.426004818201639823e-01
9.162635703401053044e-01
8.901132214204336979e-01
9.360809249974400004e-01
1.000100493443071059e+00
9.666187723420587297e-01
8.676684937081925453e-01
8.538682286582265357e-01
9.661109407080341605e-01
1.035120014562608493e+00
9.527457896167981222e-01
8.305014169813891289e-01
8.561695642673450291e-01
9.970266815455772758e-01
1.036791925047865437e+00
9.200198555016345647e-01
8.270103725207296197e-01
8.873755797595477279e-01
1.001330733457891142e+00
9.985978601691556378e-01
9.011764408560324346e-01
8.553625172808786425e-01
9.142256872923001376e-01
9.741337268511923719e-01
9.597457599336814971e-01
9.103376758501143806e-01
8.975316163935204150e-01
9.215874578461000777e-01
9.326375642582850345e-01
9.339560191578888393e-01
9.377540275757345611e-01
9.323949733251301053e-01
9.066749699920380046e-01
8.964301224267628987e-01
9.290046607261491785e-01
9.644527392927096932e-01
9.468246634989575528e-01
8.909757007331491341e-01
8.776606175494929829e-01
9.287573014208437838e-01
9.717090096126805854e-01
9.493787228320507143e-01
8.943195217036630229e-01
8.832944492452680096e-01
9.231860546095436160e-01
9.576452920014014714e-01
9.428621462419207733e-01
9.067786820863106279e-01
8.923621049358969604e-01
9.133804933286301386e-01
9.373421594312381089e-01
9.454311067379840283e-01
9.325416007687569175e-01
9.108258379490182799e-01
9.028173569223114647e-01
9.160752196401619196e-01
9.368158503551304861e-01
9.494842230658797622e-01
9.333367268248470294e-01
9.065015204550648242e-01
9.010548473661955660e-01
9.211583043525581882e-01
9.423412015844824241e-01
9.420580794880485387e-01
9.231336025158884961e-01
9.073496946513288641e-01
9.117467298205769177e-01
9.283049021130683753e-01
9.395368027134898270e-01
9.332199017071606262e-01
9.205008650423127659e-01
9.127415314604677699e-01
9.109635246948629694e-01
9.167469640668587383e-01
9.262002618551566924e-01
9.346498173057815606e-01
9.316803135490790977e-01
9.177340171020050841e-01
9.068215974356648168e-01
9.099573981711146509e-01
9.259689958058591186e-01
9.386439250283151736e-01
9.359396619724824617e-01
9.219480659899790265e-01
9.078199753546685180e-01
9.102554214305188518e-01
9.235609678698739611e-01
9.355891866194232520e-01
9.352631491736351776e-01
9.301878130659834154e-01
9.232373146101611194e-01
9.264637144164699079e-01
9.320444979720708956e-01
9.334976593849252380e-01
9.304572260924847127e-01
9.260959537143652609e-01
9.261847646456676797e-01
9.318960823888876588e-01
9.351642054515130198e-01
9.306229270247133867e-01
9.223289397154974534e-01
9.203250313192643528e-01
9.251470476564225276e-01
9.357143563883729698e-01
9.429306915915837140e-01
9.388894961940641437e-01
9.250409513760746716e-01
9.133745328634420568e-01
9.119958772654387369e-01
9.236992506622374588e-01
9.383900092113028890e-01
9.464163716335739496e-01
9.428943327539364150e-01
9.283949051374084105e-01
9.168739219753648806e-01
9.106136453883225679e-01
9.166587491820751277e-01
9.310020126106753890e-01
9.386546538656537209e-01
9.392864631755903915e-01
9.342331807891346429e-01
9.253133446351700098e-01
9.188295506035746296e-01
9.219224359896702747e-01
9.267378958151216706e-01
9.355790538286035130e-01
9.360278768572660724e-01
9.345961731190888244e-01
9.262545020883682367e-01
9.225608018113138353e-01
9.190477036294584234e-01
9.232933429829290883e-01
9.259636313871898450e-01
9.308959163303275330e-01
9.324492135583416497e-01
9.297854816657878940e-01
9.292597686361990794e-01
9.267039211635496043e-01
9.286094818841793552e-01
9.315777935478440908e-01
9.352506321967402059e-01
9.383697436296634109e-01
9.378368780418488981e-01
9.345627945140355664e-01
9.295887863145811947e-01
9.242899327623763650e-01
9.249616771890731837e-01
9.275669965227838487e-01
9.324474254187852251e-01
9.367800875640019953e-01
9.419305255330235882e-01
9.436018399717617244e-01
9.431446722918358505e-01
9.381462261851103435e-01
9.308971084233651494e-01
9.251840025405886347e-01
9.218425657561499786e-01
9.211904908645738299e-01
9.263778837177615300e-01
9.325588861178023548e-01
9.384335206071758861e-01
9.432722262468608010e-01
9.442753725380149676e-01
9.461618597700428568e-01
9.412867952927106430e-01
9.361894054638630891e-01
9.302384770200821107e-01
9.252865225418236417e-01
9.223253634363846043e-01
9.206802750444740280e-01
9.238536267106087774e-01
9.279717121090546028e-01
9.301788723682012927e-01
9.355862063868292111e-01
9.379268810661889333e-01
9.386957810754514853e-01
9.375054761773915502e-01
9.343315284647379926e-01
9.313018240096359035e-01
9.270776423308423331e-01
9.221823122718706411e-01
9.195871257289798262e-01
9.203280115518583937e-01
9.204060936458222653e-01
9.219629671529492310e-01
9.240074067124612878e-01
9.258819730141131243e-01
9.281517181577346731e-01
9.296466028269055881e-01
9.303797400450396493e-01
9.288693581663797216e-01
9.304089463244612501e-01
9.299869453891450588e-01
9.270788344238799494e-01
9.531421605518055618e-01
9.271479758200616983e-01
9.266669662793834972e-01
9.260184676669201975e-01
9.263814599968743790e-01
9.255332858006102281e-01
9.278596553635186650e-01
9.275503072202572197e-01
9.306789553974813556e-01
9.315736212222124335e-01
9.320015826227167066e-01
9.312142051713711011e-01
9.334398428726008445e-01
9.320260205299878420e-01
9.324271598371457470e-01
9.345592182349227173e-01
9.339071433433465685e-01
9.345294159089823083e-01
9.369177743098466848e-01
9.360290689503036887e-01
9.369106217516209867e-01
9.380937740914552236e-01
9.388430045655971057e-01
9.393705057347423448e-01
9.409351278466138169e-01
9.403021264436395299e-01
9.402609992338417655e-01
9.399075436481885149e-01
9.416336943666571146e-01
9.413016964556808475e-01
9.411550690120540352e-01
9.393669294556294957e-01
9.411562611050916516e-01
9.390814231731203776e-01
9.409470487769899805e-01
9.392536806170559416e-01
9.396703171337028593e-01
9.418017794849610214e-01
9.418667485555111130e-01
9.407288957511061867e-01
9.432781867120488828e-01
9.419239690213166982e-01
9.428102901947844616e-01
9.449518853368622517e-01
9.440059595115136704e-01
9.458745653479773141e-01
9.450007611514045225e-01
9.455670053442722933e-01
9.475589928101292303e-01
9.470696386181877147e-01
9.471101697814666709e-01
9.492177902719723948e-01
9.482200083994875017e-01
9.486247239857582558e-01
9.493036209706808837e-01
9.513748826235393086e-01
9.500147044676190422e-01
9.504373014494540417e-01
9.523523989143847235e-01
9.522552433318189902e-01
9.511984528539720873e-01
9.528131428734234465e-01
9.513337554137415442e-01
9.528101626408294056e-01
9.527732077566632984e-01
9.515769423934152815e-01
9.526939335696618105e-01
9.512526930871836317e-01
9.526838007788420715e-01
9.525628033355240110e-01
9.525783005450130236e-01
9.522695484482703865e-01
9.522051754242391031e-01
9.507675112208737733e-01
9.518439712338413461e-01
9.515381993696927498e-01
9.519441070490011203e-01
9.503043830757598176e-01
9.517724456515843645e-01
9.517408551860875310e-01
9.518284740243523334e-01
9.518046321636000062e-01
9.501547753995389645e-01
9.506494940101497537e-01
9.519804658866484193e-01
9.508527458730633430e-01
9.505022705200041333e-01
9.526039305453217754e-01
9.509671868046745136e-01
9.513206423903277642e-01
9.514082612285925666e-01
9.532756749720185940e-01
9.531534854356629172e-01
9.527457896167981222e-01
9.526170435687355553e-01
9.522170963546152667e-01
9.520043077474007465e-01
9.512532891337024399e-01
9.484834609608007172e-01
9.499455630714372933e-01
9.474725660649020442e-01
9.477664169986744769e-01
9.454275304588711792e-01
9.461290772115084069e-01
9.449602299881255663e-01
9.440935783497784728e-01
9.423113992585420151e-01
9.430129460111792428e-01
9.412116934313408123e-01
9.426213434483222686e-01
9.424353769344541165e-01
9.427882364735885590e-01
9.428597620558455406e-01
9.436864785774324860e-01
9.442747764914961595e-01
9.431810311294831495e-01
9.451879197583102910e-01
9.449763232441333871e-01
9.472848114114774676e-01
9.461016590716432306e-01
9.470434125713601548e-01
9.492636858539207356e-01
9.478439030461195403e-01
9.486974416610528538e-01
9.486902891028271556e-01
9.501327216783430618e-01
9.484268365415139401e-01
9.491254030615571269e-01
9.485388932870498779e-01
9.476197895550476646e-01
9.459603960466856920e-01
9.429938725225773810e-01
9.434909753192634030e-01
9.427363804264522473e-01
9.416444232039956619e-01
9.411759306402123215e-01
9.399105238807825558e-01
9.417797257637651187e-01
9.406341243546156861e-01
9.425533941451781361e-01
9.426553180998943349e-01
9.412283827338674413e-01
9.424711397255826073e-01
9.402681517920674636e-01
9.409601618004037604e-01
9.379608557177609995e-01
9.383190796755647156e-01
9.384013340951602444e-01
9.388734029380563229e-01
9.395892548071449468e-01
9.416229655293185674e-01
9.419335057656176291e-01
9.432841471772369646e-01
9.448350602191758485e-01
9.435094527613464566e-01
9.408701587760637253e-01
9.359080715069856282e-01
9.333510319412984257e-01
9.289432679347119359e-01
9.289933358422918230e-01
9.301729119030132109e-01
9.328426042607550484e-01
9.385092185150645250e-01
9.439356260222943051e-01
9.469689067565091323e-01
9.473575290867720655e-01
9.423936536781375439e-01
9.342814605571581055e-01
9.297801172471186204e-01
9.268988283751998791e-01
9.286720667686542141e-01
9.342003982306001930e-01
9.413165976186510520e-01
9.455962116236938941e-01
9.449012213827635565e-01
9.434033564809986006e-01
9.382386133955256113e-01
9.350378435895256857e-01
9.344149749773711378e-01
9.357423705747569542e-01
9.412474562224693031e-01
9.421784808848477910e-01
9.422482183275483481e-01
9.400547671383341353e-01
9.390110896839010124e-01
9.410543371503754528e-01
9.442509346307438323e-01
9.450561934776536832e-01
9.434492520629468304e-01
9.395362066669710188e-01
9.331442037992719873e-01
9.324688830934623196e-01
9.326655784446690189e-01
9.377623722269978757e-01
9.400237727193561099e-01
9.379566833921293423e-01
9.335846821766712322e-01
9.351916235913781961e-01
9.371502324521818750e-01
9.362358970923301271e-01
9.339691321813026192e-01
9.328437963537926647e-01
9.349615496351182387e-01
9.427298239147453573e-01
9.471369918748130390e-01
9.372539445464544983e-01
9.266145141857283773e-01
9.226710704172933486e-01
9.347761791677688947e-01
9.424496820509055128e-01
9.384257720024313798e-01
9.253759295196448686e-01
9.214706327284136744e-01
9.607047987824438584e-01
9.394044803863144111e-01
9.280611190868758298e-01
9.214140083091268973e-01
9.273744734972088066e-01
9.325731912342537511e-01
9.258569390603231808e-01
9.209985638855175960e-01
9.340114514841380000e-01
9.387148545640533470e-01
9.197212361957116666e-01
9.047062283404145866e-01
9.254581839392403975e-01
9.466059144265549508e-01
9.329004207730794418e-01
9.067786820863106279e-01
9.124941721551623752e-01
9.350408238221197266e-01
9.326304117000593363e-01
9.234518913569320642e-01
9.263075502285421647e-01
9.237546829884866195e-01
9.125120535507266206e-01
9.243513255538136075e-01
9.429879120573892992e-01
9.246952443951659273e-01
8.993692278110060334e-01
9.210045243507056778e-01
9.532083217153932697e-01
9.289879714236225494e-01
9.013266445787720960e-01
9.178758761734814309e-01
9.433115653171021409e-01
9.298921739926545582e-01
9.120435609869433913e-01
9.180833003620267885e-01
9.233416227509525509e-01
9.257669360359830346e-01
9.363962336058895275e-01
9.225608018113138353e-01
9.008986831782678228e-01
9.202737713186468493e-01
9.494848191123985703e-01
9.330148617046906123e-01
8.937151305335915286e-01
9.144897359001321613e-01
9.631408409048128894e-01
9.385175631663278395e-01
8.815253831774453319e-01
9.261102588308166572e-01
9.805185771606657053e-01
9.128267661126573396e-01
8.814031936410896551e-01
9.710348809999085340e-01
9.495843588810395364e-01
8.715267028244380043e-01
9.539408628870085227e-01
9.821678378782079388e-01
8.465809639192776181e-01
9.331942717068518744e-01
1.038587813209034483e+00
8.649648266988786416e-01
8.604032826904395304e-01
1.058882005081415834e+00
