9.306098140012996067e-01
9.303821242311148820e-01
9.410942722671356009e-01
9.510703028524283287e-01
9.599859666807611935e-01
9.631307081139931503e-01
9.585435341052453984e-01
9.510548056429393160e-01
9.376276657137472270e-01
9.359217805769182164e-01
9.448410206843639303e-01
9.499312579549858970e-01
9.583784292195355325e-01
9.599043083076844729e-01
9.516466798361158386e-01
9.400803971386428870e-01
9.358597917389621657e-01
9.397400545764034163e-01
9.562404103565704805e-01
9.667826851347309791e-01
9.685785732959000249e-01
9.557170815130568986e-01
9.318317093648563754e-01
9.157926935902468424e-01
9.205622578337500084e-01
9.369618817522384902e-01
9.671707114184751042e-01
9.851212483789024699e-01
9.825111606730414504e-01
9.558827824452855726e-01
9.179348847788434407e-01
8.927894702898824253e-01
9.008712650384026466e-01
9.346182268402847271e-01
9.894318568029233374e-01
1.021966459985549358e+00
1.007959962840075940e+00
9.605903578508326879e-01
9.039623622849419782e-01
8.685268006952763242e-01
8.772058340556423417e-01
9.258706481302557689e-01
9.962464566524573684e-01
1.038019780876610287e+00
1.026730659810383361e+00
9.730399814891793620e-01
9.024990680812678967e-01
8.623994424819281246e-01
8.717883672461947953e-01
9.182943008296848841e-01
9.872318491020022346e-01
1.031104449165397785e+00
1.027678969821807176e+00
9.838784913871874149e-01
9.184617899014699827e-01
8.806867457254822229e-01
8.751375526353779577e-01
9.067858346445363260e-01
9.611077262291581880e-01
1.000319242515473661e+00
1.013067485459743233e+00
9.870488628207281234e-01
9.435219697382414283e-01
9.081084618697716770e-01
8.945972793814277457e-01
9.069270976694938646e-01
9.375430271080764655e-01
9.675831756094903646e-01
9.903163898368346763e-01
9.937037222032215622e-01
9.794278120312466251e-01
9.524292889153109787e-01
9.147317307867682823e-01
8.965093966137643866e-01
9.031505469263252373e-01
9.251851946336262511e-01
9.608097029697540981e-01
9.951771491977153827e-01
1.016175272008809083e+00
1.001421332528749986e+00
9.526867810114361124e-01
8.994288324628868514e-01
8.700526797834252646e-01
8.708782042119745936e-01
9.112174405118752540e-01
9.790868734224883463e-01
1.040405159044880845e+00
1.047485595641803213e+00
9.884752021402362088e-01
9.070582279036316642e-01
8.485938130132929524e-01
8.449352794808482336e-01
8.978499052345639830e-01
9.798879599437665400e-01
1.061344273250612424e+00
1.079847345333974973e+00
1.006773234221128632e+00
8.974988338349859651e-01
8.170063277490530185e-01
8.209378505871117726e-01
9.055257923037758339e-01
1.015999438285760670e+00
1.095651518780174083e+00
1.090138088481198420e+00
9.940959208125973445e-01
8.668948253267795279e-01
7.806576228925732330e-01
7.996065377720042999e-01
9.124810591317485953e-01
1.044374828860143323e+00
1.123144164460201821e+00
1.100168359299702470e+00
9.878308758534044554e-01
8.430869392260240680e-01
7.553596204947973236e-01
7.864970906373370818e-01
9.186584852526766820e-01
1.062248475819644433e+00
1.137810485101996116e+00
1.105848086577425837e+00
9.887768016787531478e-01
8.458561713524068715e-01
7.543958132738844968e-01
7.785261605413151820e-01
9.056324846306424980e-01
1.051291352664393441e+00
1.134613291575109040e+00
1.115427746227710903e+00
1.011196495437204357e+00
8.742828219274070278e-01
7.686937771670552255e-01
7.647622543289964714e-01
8.661455948526376458e-01
1.009542466347511658e+00
1.115144624131277018e+00
1.128770247551232231e+00
1.054445034795407521e+00
9.362817926742783570e-01
8.109761251182705522e-01
7.581187198303603880e-01
7.947195523642960335e-01
9.111441267900618479e-01
1.044739609329653929e+00
1.123910084236870333e+00
1.120433344892662220e+00
1.044818883516655417e+00
9.195346736353247064e-01
8.093435537032549476e-01
7.515073718437399464e-01
7.825894096600305438e-01
8.856810195065759617e-01
1.012931586853454968e+00
1.053863293393050737e+00
9.406877685413084222e-01
8.358509344876926539e-01
7.663876731857863778e-01
7.570339151661295007e-01
8.222801473474677936e-01
9.337253491551100737e-01
1.041399364638252889e+00
1.117870344861787046e+00
1.139415042330627736e+00
1.105331910292137954e+00
1.028843048673039551e+00
9.228171018144013527e-01
8.289820944049470786e-01
7.675183734319654949e-01
7.450152331608811407e-01
7.863206608677698606e-01
8.733851758700819090e-01
9.781206820155002868e-01
1.075398454117590719e+00
1.138461367900534649e+00
1.153078812727786673e+00
1.128969327088514163e+00
1.061055786735509265e+00
9.776080820093252521e-01
8.835912804116344832e-01
8.027554515308680250e-01
7.491380869314774316e-01
7.281667862137300995e-01
7.519055309183038105e-01
8.184618733479825936e-01
9.095348011892796514e-01
1.010412098218452792e+00
1.096889507399738672e+00
1.155842084388981394e+00
1.185944817774870153e+00
1.169645329671541445e+00
1.130157843847017674e+00
1.067032345179598884e+00
9.889693247043281898e-01
9.065432437113813968e-01
8.267260583312581179e-01
7.609821273067148839e-01
7.169259449155265251e-01
6.970173951408141777e-01
7.117719306673920832e-01
7.554174370071217171e-01
8.246655255157382403e-01
9.101040256147414631e-01
9.949965471025165042e-01
1.075588592957090528e+00
1.139496104657185649e+00
1.180350325149336577e+00
1.198913001884579943e+00
1.191746138542430167e+00
1.169597049903517982e+00
1.136378781363818868e+00
1.080409417201211086e+00
1.024692180716059386e+00
9.637196020745756320e-01
9.004552245682745371e-01
8.390654133636251677e-01
7.822001912832488024e-01
7.347554844326358303e-01
7.038260345251601269e-01
6.811464644845085514e-01
6.788361881776080464e-01
6.924367776437733157e-01
7.171619793369745643e-01
7.568711944664948676e-01
8.053846127253309062e-01
8.619571759649724552e-01
9.206504727185336190e-01
9.734131066099532825e-01
1.026539328877845936e+00
1.076691875063404469e+00
1.113919748535126208e+00
1.106414330770293608e+00
1.172422906449187563e+00
1.185267708929504060e+00
1.193250559955902013e+00
1.192715906228531075e+00
1.186764381738231400e+00
1.174323102751148040e+00
1.155848044854169476e+00
1.137098805558539150e+00
1.117040052061087030e+00
1.092839371304437091e+00
1.070411332894722678e+00
1.045411949802869556e+00
1.022810461856181741e+00
9.984279869112953065e-01
9.714920486798344079e-01
9.481913981665847091e-01
9.263927848807317345e-01
8.994294285094056596e-01
8.770121189370296833e-01
8.561701603138638372e-01
8.318711318816103262e-01
8.097762834759096862e-01
7.869608148289698457e-01
7.687360964698906063e-01
7.531035844211082519e-01
7.301498329818049138e-01
7.141596930217376515e-01
7.014919163575072947e-01
6.897980797050093926e-01
6.816936351887744605e-01
6.719518508853734584e-01
6.681937775842878846e-01
6.689203582907150558e-01
6.666977008220792422e-01
6.711299027359369784e-01
6.799347019117715218e-01
6.852037531380359425e-01
6.970281239781527249e-01
7.104260576279232131e-01
7.278163108606708898e-01
7.491386829779962397e-01
7.669074257501871106e-01
7.915062655814010251e-01
8.117563500113904595e-01
8.380491540490572211e-01
8.674169620772554934e-01
8.895082342038433953e-01
9.193922185173295514e-01
9.475959476942953374e-01
9.736044375424907082e-01
1.000508785308454662e+00
1.027116301908052254e+00
1.055131084338555958e+00
1.085865627034381165e+00
1.105026138427989357e+00
1.129977241751818795e+00
1.155859965784545640e+00
1.175906202305102566e+00
1.196131848827820976e+00
1.213885690437041642e+00
1.232400683450780354e+00
1.248071938523285240e+00
1.257416755845159884e+00
1.268643292026912173e+00
1.281213913108576907e+00
1.285996590375493742e+00
1.290620719268407823e+00
1.291930233470229394e+00
1.294047390705036049e+00
1.291390811370707992e+00
1.288465415056397223e+00
1.284747276872071797e+00
1.279113445176296882e+00
1.271129998103379899e+00
1.263639481501517503e+00
1.250529438320331366e+00
1.237511782349560496e+00
1.227653172928473202e+00
1.207243348031443064e+00
1.193472885307417464e+00
1.176113030447129004e+00
1.157469291385327725e+00
1.137943403475690340e+00
1.117467417415072717e+00
1.096804272747549103e+00
1.077728996006130702e+00
1.053288108502400844e+00
1.029830697754704705e+00
1.005226493504821406e+00
9.835083464990075353e-01
9.601325941243880058e-01
9.384239838628749553e-01
9.150249856740219068e-01
8.953220719482984924e-01
8.705521667661865193e-01
8.505273879203066878e-01
8.279831204394245692e-01
8.092815648652988969e-01
7.904315937079898768e-01
7.675398311066425894e-01
7.492251097232234258e-01
7.319910206784034923e-01
7.118363036914233666e-01
6.960929269901426908e-01
6.809163905282485940e-01
6.643212633515910293e-01
6.526864353044552480e-01
6.363058848745685170e-01
6.274033340696494321e-01
6.180960676784595931e-01
6.041664605339122085e-01
5.978614804579592823e-01
5.921078434119038114e-01
5.849904519308152251e-01
5.812019802572703231e-01
5.784542058055646141e-01
5.805904365289731306e-01
5.827820995786309188e-01
5.846793156479973552e-01
5.910820473530349339e-01
5.954862350805085747e-01
6.051213270570429126e-01
6.173611423207691074e-01
6.263358147544639820e-01
6.393647956090922069e-01
6.565929241887240586e-01
6.725210753108352701e-01
6.909079183230302235e-01
7.074917206158305438e-01
7.307947553151554754e-01
7.572049805170274484e-01
7.722182002327681039e-01
7.990367173000236800e-01
8.235002545714681377e-01
8.487785874341234882e-01
8.732933847061854493e-01
8.986003278017434814e-01
9.257717044081335001e-01
9.549708312715090575e-01
9.783924792280768168e-01
1.007430077484855246e+00
1.035863880618081101e+00
1.058871872290596095e+00
1.085935364477081722e+00
1.108375323817172520e+00
1.134863035066489667e+00
1.158924836984257301e+00
1.177619836046676083e+00
1.200631403998303925e+00
1.223548200553441045e+00
1.240403204012298977e+00
1.256910712350691739e+00
1.271847638112024947e+00
1.288448725753870594e+00
1.303015506627023923e+00
1.312333501855552420e+00
1.323622026875260760e+00
1.336457292611276326e+00
1.342197220587399098e+00
1.350928109994901316e+00
1.354743403761792697e+00
1.359803242659955336e+00
1.367283030424479406e+00
1.367841526012602671e+00
1.367299719727006035e+00
1.370535656277615644e+00
1.367427273682030986e+00
1.367889209734107325e+00
1.367068453677708240e+00
1.361810727335301285e+00
1.359914107312453657e+00
1.353472632583693658e+00
1.349557203001642502e+00
1.348997515320481622e+00
1.329936543695514617e+00
1.332839886288629261e+00
1.328044095998298646e+00
1.320099391949104195e+00
1.314195551180309174e+00
1.303600228261974747e+00
1.296830331901351441e+00
1.291052852994543754e+00
1.280461702401840984e+00
1.273238810686923239e+00
1.266813429214171061e+00
1.258623750045746670e+00
1.248474865969999570e+00
1.239326743999331404e+00
1.232295183216951306e+00
1.227538135950343223e+00
1.216837908844698557e+00
1.208113575948903007e+00
1.203758860082490445e+00
1.193210028792623056e+00
1.185185454509908531e+00
1.196788096045028782e+00
1.172797819709517908e+00
1.164414425422480859e+00
1.156408924628367973e+00
1.150551575488039990e+00
1.148218649413424552e+00
1.140473620948031064e+00
1.134551302737152989e+00
1.126541629617408447e+00
1.122510567010708726e+00
1.119878425583651804e+00
1.112980975268003325e+00
1.110340489189683089e+00
1.106351745885818749e+00
1.098124515786709221e+00
1.096534263674528997e+00
1.095237266449602398e+00
1.090231071738132496e+00
1.088348160785217456e+00
1.084408293295895165e+00
1.081747541635935450e+00
1.094335448066645622e+00
1.076947579019973178e+00
1.076402196455263693e+00
1.076864728553858841e+00
1.074044832473377342e+00
1.073085197578096173e+00
1.070745714991774067e+00
1.072465905245054474e+00
1.073448785954569162e+00
1.072703131759540129e+00
1.073208579207489466e+00
1.075602302027023116e+00
1.075912842263322178e+00
1.079332361141724705e+00
1.078425774386617464e+00
1.082074771174761141e+00
1.087706814730979854e+00
1.090112458480889668e+00
1.092433463625128720e+00
1.099101436031035828e+00
1.102808249331504120e+00
1.107548607295585574e+00
1.110903157103438010e+00
1.115761532278243484e+00
1.124575868198379069e+00
1.125138536112133991e+00
1.129636303143060516e+00
1.133681074819693047e+00
1.138551370924874684e+00
1.140576140949266071e+00
1.141435640029387466e+00
1.140733497230231430e+00
1.143109934700719643e+00
1.135277883443580160e+00
1.132276193174861945e+00
1.125614181234142919e+00
1.113821400859522859e+00
1.101283562336392574e+00
1.086837182860038720e+00
1.070001848936301236e+00
1.051780706856334957e+00
1.024262431175998689e+00
1.001253247410446079e+00
9.768475266513260147e-01
9.446848564964361872e-01
9.147031205538654897e-01
8.854122025265934726e-01
8.563638754324764957e-01
8.298672234853772256e-01
8.002019882442936716e-01
7.779199812316872631e-01
7.585651586729477147e-01
7.400561261243970845e-01
7.275594148110645643e-01
7.147211688424549569e-01
7.090074669131597451e-01
7.029325607934666653e-01
7.021284940395944307e-01
7.060337908308256250e-01
7.133824483612117850e-01
7.248944908254731923e-01
7.406992603181911106e-01
7.631535247747331940e-01
7.989830731133309438e-01
8.436960987682460278e-01
8.852095467101986914e-01
