5.451936179630301194e-01
5.423182895562993489e-01
5.416042258267671494e-01
5.411357332629839201e-01
5.389661239345221455e-01
5.400831151107686745e-01
5.377489969431158423e-01
5.390936778895470960e-01
5.393940853350264186e-01
5.382073567160793326e-01
5.376971408959795307e-01
5.371875211223985369e-01
5.366016073944100961e-01
5.357433004073263172e-01
5.352605027270916915e-01
5.347288292323146841e-01
5.344147127169027733e-01
5.335647503810823089e-01
5.330408254910499188e-01
5.321366229220179100e-01
5.311686433754734260e-01
5.302221215036060364e-01
5.298615133597270876e-01
5.287957821840980621e-01
5.282569561310954676e-01
5.269861849529963171e-01
5.263066919215549921e-01
5.246186881802902269e-01
5.235934881679401576e-01
5.224288132701889742e-01
5.210298920905461761e-01
5.196101092827450918e-01
5.190027378800794455e-01
5.173570534416500610e-01
5.162519831957796956e-01
5.146605389905618555e-01
5.131096259486229716e-01
5.123156919855704761e-01
5.105966938253275744e-01
5.089396845030408345e-01
5.076331505338133043e-01
5.060011751653165080e-01
5.049086218963411143e-01
5.016667248805433132e-01
5.034465197857045382e-01
5.001026988151906494e-01
4.967755671472033341e-01
4.971230622676685029e-01
4.939950101369631197e-01
4.938889138566152637e-01
4.927737108199251592e-01
4.915637363867445542e-01
4.903269398602175810e-01
4.881466016944172037e-01
4.875618800594663793e-01
4.860830886463032297e-01
4.853767735215155366e-01
4.839856009466172448e-01
4.828727820960023731e-01
4.816789009188295334e-01
4.791039799575781966e-01
4.796577071735509956e-01
4.793447827511767012e-01
4.788828466991003618e-01
4.776704880798444686e-01
4.768330427209189759e-01
4.763061375982925449e-01
4.777587029646280792e-01
4.760176510831893859e-01
4.755420059611804584e-01
4.739511578024813709e-01
4.752642482834158466e-01
4.751390785144661288e-01
4.730207291866218022e-01
4.742479889688478445e-01
4.728794661616642636e-01
4.737067787297700172e-01
4.734492866336448835e-01
4.734433261684568017e-01
4.727387991832255332e-01
4.726332989493964853e-01
4.719365205689097231e-01
4.722297754561633476e-01
4.714745845168333838e-01
4.711545075362333912e-01
4.709369505568684056e-01
4.710335100929153307e-01
4.704398477601823281e-01
4.693055712348903619e-01
4.691809975124594523e-01
4.725128975525972330e-01
4.711634482340155139e-01
4.714418019582989339e-01
4.719001617312624242e-01
4.722160663862307595e-01
4.729754296511923806e-01
4.733968345399897637e-01
4.742903082716832253e-01
4.751527875843987170e-01
4.759991736411063323e-01
4.769081445822888066e-01
4.778361890120731426e-01
4.788274143728512011e-01
4.802275276455316155e-01
4.814422704508626860e-01
4.828566888399945523e-01
4.844105821145274771e-01
4.862344844620805073e-01
4.876453265720995245e-01
4.896557914800395150e-01
4.893541919415225760e-01
4.933113447798901374e-01
4.939449422293832326e-01
4.977530834380487490e-01
5.001408457923943729e-01
5.030453804785466332e-01
5.057639486508308524e-01
5.084455619389488534e-01
5.095601689291201497e-01
5.140138285176549804e-01
5.166549106424940252e-01
5.198890590535473200e-01
5.228466418798735083e-01
5.264318616905047099e-01
5.277544889157401720e-01
5.330485740957944252e-01
5.357450885468827417e-01
5.390591071914562216e-01
5.406904865134342097e-01
5.454308444775157749e-01
5.485976396319436343e-01
5.503112733735171513e-01
5.546880429611257268e-01
5.580354402107524647e-01
5.609602404785443142e-01
5.632579998085498474e-01
5.645341354053181604e-01
5.686325512686433159e-01
5.711878026947739828e-01
5.738783566806741065e-01
5.763942690365635446e-01
5.788779948804372300e-01
5.813617207243109153e-01
5.840785007570387100e-01
5.859304172909757247e-01
5.880821452238732538e-01
5.905146110671295467e-01
5.927855483037887119e-01
5.955982918260445125e-01
5.978763816209294868e-01
6.001580476949271992e-01
6.031639102892768500e-01
6.058890349732679592e-01
6.086904536116664044e-01
6.118179096958529239e-01
6.142968671675762549e-01
6.157971162554164435e-01
6.224770095916998258e-01
6.242383270547779972e-01
6.278277191910408561e-01
6.312442578368494539e-01
6.349677604398441533e-01
6.387753056019909170e-01
6.423164179702303134e-01
6.461895282494459769e-01
6.517262043626551593e-01
6.535143439190798098e-01
6.577903816450096919e-01
6.622052982098219909e-01
6.647831994036673686e-01
6.703514659823734956e-01
6.736541597430896200e-01
6.790871237620262901e-01
6.812716342534582692e-01
6.850106340659420923e-01
6.887168513198913544e-01
6.925834050874001280e-01
6.977332470099028017e-01
7.002300858771903780e-01
7.023859861357195644e-01
7.081163773675415163e-01
7.116497411310364063e-01
7.158947844379883740e-01
7.196588182042620296e-01
7.238084940682046886e-01
7.276488217888857912e-01
7.320142664926370113e-01
7.361782474730309556e-01
7.410318542756860749e-01
7.450891429292133550e-01
7.494390904234755624e-01
7.539857332689444691e-01
7.586664865811451053e-01
7.623750880211697112e-01
7.675237378506347685e-01
7.723850932580343942e-01
7.790894245015889119e-01
7.824398019838096907e-01
7.873905643690305434e-01
7.907850492936431275e-01
7.989097593915175377e-01
8.019072773346039851e-01
8.054942852847916113e-01
8.128208890939818687e-01
8.178115865959628694e-01
8.232821015455843439e-01
8.284671102126968112e-01
8.338148395794439116e-01
8.390004442930750761e-01
8.447558694786869715e-01
8.501500904739011100e-01
8.552266186745903775e-01
8.615041806106782385e-01
8.669222434666447041e-01
8.727068749316782004e-01
8.785022352340501328e-01
8.844716411199141648e-01
8.898509609521580987e-01
8.956808919526210166e-01
9.013218762066216305e-01
9.071303495324074539e-01
9.126443758779020365e-01
9.201229715493883798e-01
9.242738395063685441e-01
9.303612626029565957e-01
9.354801101064813551e-01
9.412665297110711649e-01
9.469355281514558742e-01
9.507955254072577578e-01
9.583796213125731489e-01
9.639598088216553284e-01
9.715576137969033077e-01
9.767819615342571149e-01
9.794367527290287478e-01
9.860773069950707903e-01
9.915567626424744985e-01
9.968317743339270010e-01
1.002364874168023334e+00
1.007419944694035507e+00
1.012499453127319038e+00
1.017623665049512960e+00
1.022579791853402975e+00
1.026314023293736444e+00
1.031928781500909498e+00
1.036877755746573815e+00
1.041318898358213785e+00
1.045493608175946276e+00
1.050101047766333506e+00
1.054239398746418699e+00
1.058234102515471342e+00
1.061020619990899583e+00
1.066463120754137073e+00
1.070816644527512240e+00
1.074701079690585148e+00
1.079687604866934381e+00
1.080588827203372349e+00
1.085371504470289183e+00
1.089403759170026742e+00
1.093282829914430376e+00
1.096758377165600873e+00
1.100035440926008246e+00
1.104981434939078744e+00
1.106529963794942395e+00
1.109668744762986270e+00
1.111316217340972079e+00
1.116044058328158561e+00
1.120566263266356444e+00
1.122161879797205941e+00
1.126555338687341035e+00
1.128090158473272098e+00
1.131308213628317461e+00
1.134384409711886699e+00
1.137202517652811773e+00
1.139201657676894408e+00
1.143677967033143839e+00
1.146977680561265922e+00
1.151472467359598628e+00
1.153647441106729676e+00
1.157371539756243184e+00
1.160353560489840508e+00
1.163818974950191265e+00
1.166024943116300561e+00
1.170959016198994673e+00
1.173619767858954388e+00
1.177009484411416507e+00
1.183943293564712285e+00
1.186561725921836619e+00
1.190843724112954582e+00
1.194050454384142590e+00
1.198685908160914027e+00
1.201054597026657733e+00
1.206783200118923149e+00
1.211191560172028669e+00
1.215539719526734341e+00
1.220143582838008722e+00
1.224420216610457413e+00
1.228770164104719731e+00
1.232977060434467864e+00
1.237227468160088995e+00
1.241350917977203983e+00
1.245777159425873748e+00
1.249306946910255789e+00
1.253650337892810995e+00
1.257142574446508121e+00
1.261180789611433761e+00
1.265273841056089532e+00
1.268499644815879401e+00
1.272099169742961999e+00
1.275803002810836251e+00
1.278888139592187390e+00
1.282322559633560122e+00
1.283702407324601058e+00
1.288886223898675798e+00
1.291791354631347088e+00
1.296479856548292231e+00
1.298554694480263505e+00
1.301421678235730850e+00
1.306049979454276588e+00
1.307502544820612123e+00
1.311167038818244812e+00
1.314639009790302460e+00
1.316530265394480814e+00
1.321727791038488364e+00
1.323847928505889060e+00
1.329396525549474406e+00
1.332809487916170044e+00
1.337064067967423053e+00
1.341335933367721278e+00
1.345238845972877240e+00
1.348425906708944577e+00
1.355711383308337181e+00
1.359156532187048461e+00
1.363308592237066241e+00
1.367942257874281253e+00
1.372905537236396967e+00
1.377415225197699655e+00
1.382053659207064911e+00
1.386875079497704499e+00
1.391431259087474226e+00
1.395167874713882705e+00
1.401254701763952060e+00
1.403758097142946415e+00
1.409957576985070293e+00
1.414234210757519206e+00
1.418313553132242388e+00
1.421843936663143237e+00
1.425792744850247429e+00
1.429981163737912730e+00
1.433122924938550646e+00
1.435141138451235143e+00
1.439633541063492395e+00
1.442521982493636834e+00
1.445537381832287638e+00
1.446342044632678681e+00
1.450398737239687152e+00
1.452187472842630500e+00
1.454602057290322437e+00
1.455965811725355552e+00
1.458097870123132411e+00
1.461204464579160867e+00
1.461402352023405182e+00
1.462731535760347423e+00
1.463861639960007732e+00
1.464672263225586857e+00
1.465751107424629662e+00
1.466428216269995755e+00
1.467179234883694061e+00
1.467330630699471339e+00
1.467889722334113412e+00
1.467781241867690323e+00
1.467727001634478778e+00
1.468126352802080259e+00
1.467688854657275055e+00
1.467392023490908581e+00
1.467411096979510443e+00
1.466735776273700775e+00
1.466270263942511587e+00
1.465827401379037109e+00
1.464919622530892251e+00
1.464278276476654650e+00
1.463170822044709052e+00
1.462561662502487092e+00
1.461619312956251360e+00
1.459078366646571867e+00
1.459981377122566260e+00
1.459397251534134243e+00
1.458718354549211726e+00
1.458640272455247855e+00
1.457692558490342849e+00
1.457297975694891834e+00
1.455514604510617760e+00
1.456689412199188682e+00
1.456425363591356659e+00
1.454900676596245335e+00
1.454652125197902324e+00
1.456058198935770820e+00
1.457470233138827398e+00
1.454667026360872528e+00
1.455796534514014029e+00
1.456117207541132830e+00
1.456318075217971186e+00
1.454804117060198410e+00
1.457691366397305233e+00
1.456934983364937652e+00
1.456446225219514945e+00
1.456888491736470614e+00
1.456973726388660184e+00
1.457181746623724239e+00
1.458787495945393475e+00
1.457772428723863145e+00
1.458017999889612115e+00
1.457904751051038561e+00
1.458386952684754378e+00
1.458074028262380084e+00
1.458342249195843765e+00
1.458427483848033335e+00
1.459000880599126804e+00
1.459298307812012085e+00
1.459357316417374095e+00
1.460067803867793446e+00
1.460422451546484313e+00
1.461094195973181353e+00
1.461439902954090098e+00
1.460382516429724165e+00
1.462495501338899384e+00
1.463038499717533636e+00
1.463954027170423000e+00
1.464297349965256512e+00
1.466491993247508230e+00
1.465934093705903773e+00
1.466255362779541382e+00
1.467018302323615853e+00
1.468984659789164038e+00
1.466965254183441925e+00
1.467641766982289209e+00
1.467995818614461268e+00
1.469861444218330870e+00
1.470318015851737936e+00
1.469566997238039630e+00
1.471231159118552068e+00
1.470858033997778147e+00
1.471436199121022081e+00
1.470093306314147252e+00
1.469886478172120814e+00
1.471321758189410911e+00
1.471101220977451884e+00
1.470654782134864558e+00
1.469888862358196047e+00
1.471400436329893591e+00
1.469288643513756210e+00
1.469572361656708903e+00
1.467240627675131304e+00
1.466552789992426664e+00
1.466148670452674718e+00
1.465363081140885537e+00
1.464451129967109022e+00
1.463832433680586131e+00
1.463411028791788748e+00
1.462460930640808510e+00
1.462229664591510936e+00
1.461373145743983581e+00
1.459514076651820647e+00
1.460600073409089150e+00
1.460870678528628064e+00
1.460040981774447078e+00
1.460384304569280589e+00
1.459349567812629589e+00
1.460688288293872761e+00
1.462344701569640915e+00
1.461405928302518031e+00
1.461987669704874815e+00
1.462858493668853566e+00
1.463482554374045730e+00
1.464337285082016660e+00
1.465521033468369705e+00
1.466633256272465768e+00
1.467489775119993123e+00
1.470251258641631420e+00
1.469589647005754340e+00
1.470906313765801610e+00
1.474223312642969130e+00
1.475148376840159425e+00
1.476711210812474695e+00
1.476980623838975992e+00
1.479753432244471645e+00
1.479636607126785242e+00
1.481031355980796382e+00
1.481940326921978857e+00
1.484406767416807105e+00
1.484487829743365017e+00
1.484907446492605976e+00
1.484301863229496865e+00
1.487593232106355634e+00
1.487384615824772771e+00
1.487590847920280401e+00
1.486476240930109105e+00
1.489598332595626351e+00
1.488461671884259152e+00
1.488660155375022276e+00
1.488481937465898630e+00
1.490137158648628946e+00
1.488642273979458031e+00
1.487243948846334041e+00
1.488637505607307565e+00
1.488053380018875549e+00
1.488050399786281508e+00
1.487860856993300507e+00
1.487414418150713180e+00
1.488696514212669575e+00
1.487273155125755641e+00
1.486976920005907976e+00
1.487153349775475197e+00
