1.416903307068742235e+00
1.413337756793231481e+00
1.410534550015276611e+00
1.411046553974932838e+00
1.410637666063030426e+00
1.407481599745941114e+00
1.406372357174439092e+00
1.404934096924554954e+00
1.404848266225846576e+00
1.402362156195897658e+00
1.400730180827400861e+00
1.399271654995877245e+00
1.397153305668032752e+00
1.396111416353156054e+00
1.395419406344819757e+00
1.392235921887865269e+00
1.394271420749595203e+00
1.391884254441768443e+00
1.389039920454015808e+00
1.388148234861878771e+00
1.388611363006992727e+00
1.388201879048571508e+00
1.388060616023613969e+00
1.387151645082431495e+00
1.388352082771311169e+00
1.385045812731482195e+00
1.386343406002927603e+00
1.386220620420053118e+00
1.386399434375695572e+00
1.388065980442283243e+00
1.385228202966237498e+00
1.385907099951160015e+00
1.389408277202639264e+00
1.388644145565527177e+00
1.414079834709147887e+00
1.390829848149996772e+00
1.392119692816697674e+00
1.393796967720623892e+00
1.395268010529042479e+00
1.395332383553073763e+00
1.399890351282400136e+00
1.400174069425352830e+00
1.402070689448200458e+00
1.404555607385111760e+00
1.407427359512729570e+00
1.408231426266601805e+00
1.410036255125552973e+00
1.411890555845565220e+00
1.414885093556057738e+00
1.415268351467651398e+00
1.416717936601392891e+00
1.418140699641788016e+00
1.421081593165587575e+00
1.419370343610089291e+00
1.420332362691445693e+00
1.422991326211848984e+00
1.423696449243599060e+00
1.424665620883181161e+00
1.425207427168777796e+00
1.426563432999066405e+00
1.432603172374149914e+00
1.431121400728392778e+00
1.427250674635252237e+00
1.429032853726488694e+00
1.426935962073321518e+00
1.428430250695973625e+00
1.430400184440634881e+00
1.429038218145157968e+00
1.430520585837434133e+00
1.431286505614102644e+00
1.429975203272724649e+00
1.431744865387066135e+00
1.431977323529401325e+00
1.432591251443773750e+00
1.432799271678837805e+00
1.433285645638185279e+00
1.433602146339672423e+00
1.432491115628613976e+00
1.434585027049187111e+00
1.434767417283942414e+00
1.435240082173357301e+00
1.434692315422572584e+00
1.436375550791686884e+00
1.435449294501458972e+00
1.436072759160132328e+00
1.438560657329637671e+00
1.439345054548389236e+00
1.439910106648219390e+00
1.440921001544118063e+00
1.440183692000352345e+00
1.470946844929080566e+00
1.443385057852871078e+00
1.444214754607052065e+00
1.444186144374149272e+00
1.445011072756179793e+00
1.447610431624702487e+00
1.448627286985789242e+00
1.450010710955943027e+00
1.451062137015120657e+00
1.451757723302569802e+00
1.452858621222808511e+00
1.452874118432297523e+00
1.455793554281419988e+00
1.455068165668030433e+00
1.457371885463224048e+00
1.458892996179222523e+00
1.458529407802749533e+00
1.461572821327784322e+00
1.461008365274472975e+00
1.462275560173459166e+00
1.465143139975445319e+00
1.466966446276479541e+00
1.466394837664942497e+00
1.469561036772851548e+00
1.470592793296908507e+00
1.472671207507992630e+00
1.473641571240612347e+00
1.473869857057315880e+00
1.477230963376875428e+00
1.476977047559863143e+00
1.479897675502023224e+00
1.480390605973077589e+00
1.483526406708527423e+00
1.484925923934689029e+00
1.486455975348469627e+00
1.487383423731735155e+00
1.488872347935717988e+00
1.492029606345844917e+00
1.493898212182308782e+00
1.496175705930674837e+00
1.496589958261246522e+00
1.499499857366068056e+00
1.501440584831307490e+00
1.503822982766983785e+00
1.505999744653671257e+00
1.507998884677754114e+00
1.509808481908855748e+00
1.510325254240662440e+00
1.512053193098687354e+00
1.515670003374815389e+00
1.515498341977398633e+00
1.517740072934636197e+00
1.520673813900210058e+00
1.522132339731733675e+00
1.521995249032407793e+00
1.523871007427097357e+00
1.524546328132907025e+00
1.525747957914824315e+00
1.526619973971840682e+00
1.529145423072030940e+00
1.530013862849934458e+00
1.530487123785868153e+00
1.529624048426633909e+00
1.531660739381401459e+00
1.532246057062871092e+00
1.531223837283115063e+00
1.531025353792351940e+00
1.531714979614613004e+00
1.533606235218791358e+00
1.533373181029937360e+00
1.533587757776708305e+00
1.533801142430441633e+00
1.532718721952285978e+00
1.532998863816125823e+00
1.533128205910707198e+00
1.533668820103266217e+00
1.535106484306631547e+00
1.533755246848493403e+00
1.533937637083248706e+00
1.534634415463735468e+00
1.536336128274932822e+00
1.536830250839024803e+00
1.536599580836246037e+00
1.537628357127708956e+00
1.537704651082116403e+00
1.537964527364316769e+00
1.536905948746913442e+00
1.537730281082425154e+00
1.539839093665968717e+00
1.540460174138566840e+00
1.540787403677392531e+00
1.541714852060658059e+00
1.542365734859196591e+00
1.543325369754477761e+00
1.544383948371881088e+00
1.545118873729571574e+00
1.544432228139904550e+00
1.546750253051549562e+00
1.546102946532123878e+00
1.548676079353818791e+00
1.549520081224451173e+00
1.549967712160076116e+00
1.551214045430904021e+00
1.551764792414282779e+00
1.552829927543392996e+00
1.552135533348981467e+00
1.554005927325001535e+00
1.554721183147571573e+00
1.554081625232890174e+00
1.554978079197177898e+00
1.555543131297008053e+00
1.557566709228361823e+00
1.556920594801973756e+00
1.557969040628557345e+00
1.558705158079285447e+00
1.559720821347334585e+00
1.562129445329838440e+00
1.561827249744802693e+00
1.564182229540613811e+00
1.565365381880448048e+00
1.566337533752624189e+00
1.565743275373372434e+00
1.568217464472945188e+00
1.568315216102029730e+00
1.571141072647699533e+00
1.571183391950534913e+00
1.573639103608024614e+00
1.574022361519618274e+00
1.577055046207314293e+00
1.577155778068992875e+00
1.579778978798267675e+00
1.581184456489617363e+00
1.582779476973948052e+00
1.584559271879109277e+00
1.585740040032868281e+00
1.586907099116694919e+00
1.588705967510458006e+00
1.590286682878337299e+00
1.591490696846329822e+00
1.591413806845403567e+00
1.594270061763532365e+00
1.595459174568554683e+00
1.596898626911476438e+00
1.596853923422565824e+00
1.599211883450970983e+00
1.599512886942969114e+00
1.601906609762502987e+00
1.601472091850291601e+00
1.604101253044754705e+00
1.605291557942814640e+00
1.606235099582087988e+00
1.607452822620013100e+00
1.607780052158838791e+00
1.609010292173658874e+00
1.609493685900412308e+00
1.609413815666892011e+00
1.611570908018458814e+00
1.612780286405120611e+00
1.610796643590526989e+00
1.611509515227021572e+00
1.612021519186677798e+00
1.612600280356440541e+00
1.614424182703993571e+00
1.614886714802588719e+00
1.615289046202784240e+00
1.614287688051186498e+00
1.615239574341723161e+00
1.615876152023810297e+00
1.614608957124824107e+00
1.614861084802279967e+00
1.616475774821731326e+00
1.616705252731472475e+00
1.616888239012746586e+00
1.615693165742536186e+00
1.615710451091581623e+00
1.617068245061426657e+00
1.615802242255478083e+00
1.615965559001631524e+00
1.617313816227175849e+00
1.617546274369511039e+00
1.617719127859965411e+00
1.617610647393542322e+00
1.617339446227484601e+00
1.616606309009350317e+00
1.618317558564848824e+00
1.616836979012129083e+00
1.618138148562687562e+00
1.618743731825796672e+00
1.617124869480713434e+00
1.619156196016811933e+00
1.619005992294072271e+00
1.619253351599377666e+00
1.619634225324896093e+00
1.619726016488792553e+00
1.619358255786687906e+00
1.617923571815916617e+00
1.618190600656342681e+00
1.619509651602465183e+00
1.617787077163109544e+00
1.619587733696429055e+00
1.617776348325770996e+00
1.619211032296542285e+00
1.618800356245083449e+00
1.617535545532172492e+00
1.617491438089780686e+00
1.618730022755864084e+00
1.617969467397864847e+00
1.618440344147723309e+00
1.616610481334981975e+00
1.617847277861509170e+00
1.617254807621813839e+00
1.617490842043261878e+00
1.615685417137791680e+00
1.639710860217912236e+00
1.615622236206798013e+00
1.615070297130381638e+00
1.615329577366063196e+00
1.614859892709242351e+00
1.614411069680579791e+00
1.615999533653203590e+00
1.616183115980996510e+00
1.614772273870977548e+00
1.614378883168564149e+00
1.614254905492652048e+00
1.615633561090655368e+00
1.615722372021957787e+00
1.614015890838609968e+00
1.615675284346971941e+00
1.614306761539788360e+00
1.614354445261293014e+00
1.615506603182149226e+00
1.615730120626702293e+00
1.615092946898096349e+00
1.615356995505928372e+00
1.615118576898405101e+00
1.615112020386698211e+00
1.613811446882658762e+00
1.613638593392204390e+00
1.614588691543184629e+00
1.614899231779483690e+00
1.614887310849107527e+00
1.614580346891921314e+00
1.613906814325668071e+00
1.612531735006777600e+00
1.612734390823172381e+00
1.614297224795487429e+00
1.612549020355823037e+00
1.614897443639927266e+00
1.612371398493218200e+00
1.613677336415926922e+00
1.611285401735949696e+00
1.611919595231961599e+00
1.613146258967668834e+00
1.613564683623872176e+00
1.611684752903551177e+00
1.612326695004307586e+00
1.613066984780667346e+00
1.612790419195940350e+00
1.612602664542515774e+00
1.614249541073982774e+00
1.613894893395291907e+00
1.614147617119266576e+00
1.614102913630355962e+00
1.615232421783497463e+00
1.614594652008372710e+00
1.613107515943946302e+00
1.614624454334313119e+00
1.614685251079231554e+00
1.615755154580492237e+00
1.614672734102336582e+00
1.614434911541332118e+00
1.612740351288360463e+00
1.612699224078562699e+00
1.613978339907925053e+00
1.612913204778814835e+00
1.613748265951665095e+00
1.613642169671317239e+00
1.613612963391895638e+00
1.613238050131565293e+00
1.611253215223934054e+00
1.611613823367813003e+00
1.611403418946673716e+00
1.611335469643529583e+00
1.610645843821268519e+00
1.610500408470679323e+00
1.610840154986399986e+00
1.610182119629635755e+00
1.610273314747013407e+00
1.611117316617645789e+00
1.611286593828987312e+00
1.609225464966948627e+00
1.610225631025508752e+00
1.610362721724834634e+00
1.609956814045526263e+00
1.610101653349596651e+00
1.610198212885643576e+00
1.608099533092919975e+00
1.607996417045166160e+00
1.607974363323970257e+00
1.608057809836603402e+00
1.609525872412427949e+00
1.608093572627731893e+00
1.608509017051341194e+00
1.609683824739912117e+00
1.609547330087105044e+00
1.609735680787048429e+00
1.609465075667509515e+00
1.608159733791319601e+00
1.609921647300916581e+00
1.609846545439546750e+00
1.609974695441090509e+00
1.609708262647183252e+00
1.609369708224500206e+00
1.608072710999573607e+00
1.609450174504539310e+00
1.611065460570509478e+00
1.609828067997463696e+00
1.609705878461108020e+00
1.608491135655776949e+00
1.608398748445361681e+00
1.608309937514059262e+00
1.607976151463526682e+00
1.609537793342804113e+00
1.609547330087105044e+00
1.609229041246061476e+00
1.607636404947806019e+00
1.608382059142835052e+00
1.608538223330762795e+00
1.608367157979864848e+00
1.608123374953672302e+00
1.608050061231858896e+00
1.607676936111084975e+00
1.607260895640956866e+00
1.605635476784166960e+00
1.604933930031529732e+00
1.606280399117517410e+00
1.606343580048511077e+00
1.605847669344862672e+00
1.605414343525689125e+00
1.603855681879005735e+00
1.603731108156574825e+00
1.603927803507781524e+00
1.604566169329425085e+00
1.604957771892282059e+00
1.604699087703119309e+00
1.602972340938132012e+00
1.604525638166146129e+00
1.603073072799810594e+00
1.602646303492343938e+00
1.605048967009659711e+00
1.605377984688041826e+00
1.603751373738214303e+00
1.603682828388551362e+00
1.603886676297983760e+00
1.604215097929847067e+00
1.604528022352221361e+00
1.604595375608846686e+00
1.604864788635347983e+00
1.605379772827598250e+00
1.605528784457300295e+00
1.605892968880292093e+00
1.607662034948114771e+00
1.606212449814373278e+00
1.608007145882504707e+00
1.608419014027001159e+00
1.607374144479530420e+00
1.607369972153898763e+00
1.607836676578125568e+00
1.609541369621916962e+00
1.608338547746962055e+00
1.609564019389631673e+00
1.608835650543648077e+00
1.609109831942299840e+00
1.610952807778454732e+00
1.609154535431210453e+00
1.611107183826826050e+00
1.609506202877307279e+00
1.611251427084377630e+00
1.611204339409391784e+00
1.611516071738728462e+00
1.610237551955884916e+00
1.611647798019385069e+00
1.611802174067756388e+00
1.610486103354227927e+00
1.611716343369048010e+00
1.611192418479015620e+00
1.612683726869073686e+00
1.611254407316971671e+00
1.613388253854304955e+00
1.611913038720254709e+00
1.613955094093691534e+00
1.614326431074909030e+00
1.614685251079231554e+00
1.614072515257896745e+00
1.614642931776396173e+00
1.616716577615329831e+00
1.617583229253677146e+00
1.616628958777065028e+00
1.618817045547610078e+00
1.618055298096573225e+00
1.618250205308223499e+00
1.620986654876071853e+00
1.620284512076915817e+00
1.622264578612396591e+00
1.624332860032660975e+00
1.624195173286816285e+00
1.624620154454726517e+00
1.623920991888164522e+00
1.624324515381397660e+00
1.624866917713513104e+00
1.627852514726223276e+00
1.628281072173246358e+00
1.627387598441552896e+00
1.629522041025404988e+00
1.629835561494298091e+00
1.630983547089522645e+00
1.631412700583064534e+00
1.632136301056897665e+00
1.632847384553836045e+00
1.631893114077223927e+00
1.633421973397967131e+00
1.634156898755657616e+00
