9.406514097036611233e-01
9.426022699597204069e-01
9.416474034365897028e-01
9.422655036765937853e-01
9.426994255422861402e-01
9.434236220626380787e-01
9.422964980955718106e-01
9.439797334646861104e-01
9.431679181060693695e-01
9.448648625451162575e-01
9.437335662524183322e-01
9.443361692829334020e-01
9.450859958035940922e-01
9.467352565211363258e-01
9.463645155864376379e-01
9.455944234841374696e-01
9.461034472111996552e-01
9.461225206998015169e-01
9.476376709506119100e-01
9.477097925793876998e-01
9.461553032583359668e-01
9.477652249056368605e-01
9.458602602315259178e-01
9.459609920932045002e-01
9.455199176692864471e-01
9.467739995448588575e-01
9.446717434730224072e-01
9.457261497647940773e-01
9.451950723165359891e-01
9.428383043811684461e-01
9.422905376303837288e-01
9.433228902009594963e-01
9.421516587915014229e-01
9.403229880717978162e-01
9.403533864442570334e-01
9.380341694395744057e-01
9.392721580591389952e-01
9.360713882531390695e-01
9.367479010519863536e-01
9.355182570836850786e-01
9.330637375192328831e-01
9.321476140198247107e-01
9.313012279631170953e-01
9.300751602739286694e-01
9.310365833087662635e-01
9.298975384113238318e-01
9.290147935169689175e-01
9.276039514069499559e-01
9.269935997716903797e-01
9.215218927290311779e-01
9.238905815947748845e-01
9.263480813918211210e-01
9.236563353128832699e-01
9.210712815608121939e-01
9.207523966732498177e-01
9.218491222678568686e-01
9.193761252613217305e-01
9.185160301346815270e-01
9.178031584981868329e-01
9.194041394477057150e-01
9.166760345311205649e-01
9.165478845295768062e-01
9.174675843080978277e-01
9.175075194248579757e-01
9.172083040724162695e-01
9.150863784654591493e-01
9.162963528986397543e-01
9.155614275409492686e-01
9.142805235720304902e-01
9.170372387215183219e-01
9.136284486804543414e-01
9.150559800929999321e-01
9.149039882307038463e-01
9.151835340480248826e-01
9.146900075304517097e-01
9.131581679771146876e-01
9.144861596210193122e-01
9.127397433209113453e-01
9.141601221752312378e-01
9.144611256672293687e-01
9.128482237873344340e-01
9.145713942732088819e-01
9.139729635683254694e-01
9.131760493726789329e-01
9.158123631253675123e-01
9.139145510094822678e-01
9.126741782038424455e-01
9.138984577534744469e-01
9.124947682016811834e-01
9.140462772901388755e-01
9.141571419426371969e-01
9.125198021554711270e-01
9.139354126376405540e-01
9.138364689155183962e-01
9.139878647312956739e-01
9.122074737796156407e-01
9.138960735673992142e-01
9.121025695923054011e-01
9.139336244980841295e-01
9.134842054229027619e-01
9.118164672632774748e-01
9.132815496065079808e-01
9.132600919318308863e-01
9.124005928517094910e-01
9.129465714629377837e-01
9.110475672540149228e-01
9.131259814650990458e-01
9.126950398320007318e-01
9.108925951591247960e-01
9.110541237657218128e-01
9.109498156249303813e-01
9.123016491295873331e-01
9.122068777330968326e-01
9.115738763301225456e-01
9.116531505171240335e-01
9.102589977096317009e-01
9.097446095639001307e-01
9.097201716566289953e-01
9.097595107268703352e-01
9.111864460928972287e-01
9.106941116683616722e-01
9.090907465327675574e-01
9.089852462989385096e-01
9.089751135081187705e-01
9.103776109668745287e-01
9.087724576917239894e-01
9.097607028199079515e-01
9.100396525907101797e-01
9.100259435207775915e-01
9.083450923377385244e-01
9.080345521014394627e-01
9.080035576824614374e-01
9.076727518645228976e-01
9.079421648910241949e-01
9.092856537444178322e-01
9.091479669985731427e-01
9.090937267653615983e-01
9.088314662970859992e-01
9.090752493232785447e-01
9.071142562763996331e-01
9.067649730163780397e-01
9.065486081300506704e-01
9.068055041796569959e-01
9.082527051273232566e-01
9.083462844307761408e-01
9.066916592945646336e-01
9.065498002230882868e-01
9.082133660570819167e-01
9.075809607006264379e-01
9.060741551010793593e-01
9.058482534704510591e-01
9.062338955681199515e-01
9.078861365182562260e-01
9.059114344014447262e-01
9.075446018629791389e-01
9.076912293066059512e-01
9.072424062779433918e-01
9.075487741886107962e-01
9.060431606821013339e-01
9.056229478863415672e-01
9.073097595345687161e-01
9.060175306817925822e-01
9.074730762807221573e-01
9.075773844215135888e-01
9.072745927899590335e-01
9.075344690721593999e-01
9.060759432406357838e-01
9.074158558149165721e-01
9.072734006969214171e-01
9.056831485847411933e-01
9.072465786035750490e-01
9.073556551165169459e-01
9.059173948666328080e-01
9.056712276543650297e-01
9.057427532366220113e-01
9.061874039396529135e-01
9.062207825447061715e-01
9.074289688383303520e-01
9.079248795419787577e-01
9.075726160493631234e-01
9.076906332600871430e-01
9.056831485847411933e-01
9.075922855844837933e-01
9.077728876796826718e-01
9.083766828032353580e-01
9.080566058226353654e-01
9.081722388472841523e-01
9.080589900087105981e-01
9.085829148987429882e-01
9.084184060595519306e-01
9.087092767607303223e-01
9.085894714104498782e-01
9.088266979249355337e-01
9.090192209505105758e-01
9.070904144156473059e-01
9.073157199997567979e-01
9.071881660447318474e-01
9.072936662785608952e-01
9.089786897872316196e-01
9.092802893257485586e-01
9.094501625836088898e-01
9.096349370044394256e-01
9.080405125666275445e-01
9.099925649157243335e-01
9.299422419002344453e-01
9.101713788713668984e-01
9.085709939683668246e-01
9.089608083916673742e-01
9.086913953651660769e-01
9.106213939930670742e-01
9.094418179323455753e-01
9.109569681831560795e-01
9.112353219074394994e-01
9.112478388843344712e-01
9.095640074687012522e-01
9.113229407457043019e-01
9.087945114129198920e-01
9.117538823788026159e-01
9.118194474958715157e-01
9.119046821480610854e-01
9.118367328449169529e-01
9.104884756193728501e-01
9.121758833141188072e-01
9.119154109853996326e-01
9.106434477142629769e-01
9.107930553904838300e-01
9.126717940177672128e-01
9.110493553935713473e-01
9.125686779700133977e-01
9.107942474835214464e-01
9.127880230889348079e-01
9.127218619253470999e-01
9.124262228520182427e-01
9.111101521384897817e-01
9.112633360938234839e-01
9.129960433239988626e-01
9.128291502987325723e-01
9.131843940239422475e-01
9.128529921594848995e-01
9.128756419271996103e-01
9.131009475113091023e-01
9.132267133267776282e-01
9.113891019092920098e-01
9.127933875076040815e-01
9.129370347186368528e-01
9.128869668110569657e-01
9.110493553935713473e-01
9.127391472743925371e-01
9.128255740196197232e-01
9.125835791329836022e-01
9.127701416933705625e-01
9.123338356416029749e-01
9.108353746933192108e-01
9.109748495787203248e-01
9.127504721582498926e-01
9.127731219259646034e-01
9.124858275038990607e-01
9.122223749425858452e-01
9.105242384105013409e-01
9.105510605038477090e-01
9.120286598239731868e-01
9.120352163356800768e-01
9.118051423794201193e-01
9.118456735426990756e-01
9.119571342417162052e-01
9.117002381921098797e-01
9.102244270115408264e-01
9.103943002694011577e-01
9.120280637774543786e-01
9.118671312173761700e-01
9.117264642389374396e-01
9.114993705152715231e-01
9.118331565658041038e-01
9.100122344508450034e-01
9.118379249379545692e-01
9.101558816618777747e-01
9.116209640051083918e-01
9.102482688722931536e-01
9.117848767977806412e-01
9.114391698168718969e-01
9.118945493572413463e-01
9.117884530768934903e-01
9.121281995926141528e-01
9.117556705183590404e-01
9.121383323834338919e-01
9.109778298113143657e-01
9.124715223874476644e-01
9.108413351585072926e-01
9.124899998295307180e-01
9.125180140159147024e-01
9.113306893504488082e-01
9.118415012170674183e-01
9.131349221628811685e-01
9.134573833295563938e-01
9.138495819389321762e-01
9.140134947316044256e-01
9.145809310175098128e-01
9.129865065796979318e-01
9.144831793884252713e-01
9.148986238120345726e-01
9.153081077704557922e-01
9.141100542676513507e-01
9.144325154343265760e-01
9.147734540430848549e-01
9.168739219753648806e-01
9.183366201325202649e-01
9.173644682603440126e-01
9.162707228983310026e-01
9.182543657129247361e-01
9.183533094350468939e-01
9.190757178158424079e-01
9.180296561753340523e-01
9.183878801331377684e-01
9.190059803731418508e-01
9.209151173728844508e-01
9.213555957502836957e-01
9.217060711033429055e-01
9.224719908800114165e-01
9.228743222802069379e-01
9.221447613411857258e-01
9.242964892740832550e-01
9.232104925168147513e-01
9.254331499854504539e-01
9.256447464996273577e-01
9.247447162562270062e-01
9.267510088385354505e-01
9.261978776690814597e-01
9.277493867575391517e-01
9.286011372329160407e-01
9.276838216404702520e-01
9.285695467674192072e-01
9.307391560958809817e-01
9.314526237788943730e-01
9.300298607384992478e-01
9.306801474905189719e-01
9.314186491273223067e-01
9.327037254218727425e-01
9.344721954431767230e-01
9.351522845211368562e-01
9.357274694117867497e-01
9.366525336089770448e-01
9.372897073375829891e-01
9.365279598865461352e-01
9.368104859364612125e-01
9.388871120079889110e-01
9.381217882778392081e-01
9.386099503767431074e-01
9.409714866842611158e-01
9.414006401778030053e-01
9.405721355166596354e-01
9.424878290281092363e-01
9.413869311078704172e-01
9.421981504199684609e-01
9.439970188137315477e-01
9.443242483525572384e-01
9.434081248531490660e-01
9.450478488263903687e-01
9.439564876504525914e-01
9.459878141865508683e-01
9.444273644003110535e-01
9.445495539366667304e-01
9.446288281236682183e-01
9.458858902318346695e-01
9.445537262622983876e-01
9.461272890719519824e-01
9.460158283729348527e-01
9.442324571886607787e-01
9.439582757900090160e-01
9.450454646403151360e-01
9.448821478941616947e-01
9.442408018399240932e-01
9.420187404178071988e-01
9.417838980893967760e-01
9.414095808755852390e-01
9.407175708672488312e-01
9.401739764420957712e-01
9.391106294525419784e-01
9.384657071191915279e-01
9.377766773434492720e-01
9.366215391899990195e-01
9.357608480168400078e-01
9.352804345226806149e-01
9.343225877669558699e-01
9.316558756418079623e-01
9.319288649474221087e-01
9.315134205238128073e-01
9.305764353962463487e-01
9.294725572434135996e-01
9.301186716698016665e-01
9.277028951290721137e-01
9.272940072171697024e-01
9.248824030020716958e-01
9.259320409216930114e-01
9.253127485886512016e-01
9.249890953289383599e-01
9.243596702050769220e-01
9.241987376449987135e-01
9.239340929906478816e-01
9.255326897540914199e-01
9.240765481086430366e-01
9.245843797426676058e-01
9.248907476533350103e-01
9.254820257999927247e-01
9.279663476903853292e-01
9.255475909170616244e-01
9.280736360637708016e-01
9.516258182079575523e-01
9.321404614615990125e-01
9.324098744881003098e-01
9.339715163673778520e-01
9.355873984798668275e-01
9.357680005750657060e-01
9.378058836228708728e-01
9.414364029689316071e-01
9.434397153186458995e-01
9.470809635020450701e-01
9.471292432700685326e-01
9.489692388736293838e-01
9.492845474820790219e-01
9.527147951978200968e-01
9.524263086827169378e-01
9.552485889492736693e-01
9.566951938504211217e-01
9.573281952533955197e-01
9.579623887494074230e-01
9.580196092152130083e-01
9.578753659576614288e-01
9.575707861865504489e-01
9.564460464055593025e-01
9.554572052308565322e-01
9.540272896322357088e-01
9.521479549584335178e-01
9.500278174910328222e-01
9.473533567611404083e-01
9.444845848661166388e-01
9.418780734393684684e-01
9.370888396607446325e-01
9.343875568375059615e-01
9.325004735589591531e-01
9.300072109707845369e-01
9.273291739617793850e-01
9.249974399802016745e-01
9.234137443797283407e-01
9.200758838744025336e-01
9.194238089828263849e-01
9.212989713309969186e-01
9.217096473824557545e-01
9.227199462318356193e-01
9.243501334607759912e-01
9.266711386050151544e-01
9.314424909880746339e-01
9.367413445402794636e-01
9.366710110510600984e-01
9.405298162138242546e-01
9.443653755623550028e-01
9.491373239919332905e-01
9.505302847063881178e-01
9.528620186879657172e-01
9.548462575490781479e-01
9.557045645361619268e-01
9.555305189526699383e-01
9.543974345204155885e-01
9.526718798484659079e-01
9.494055449253970824e-01
9.461463625605538441e-01
9.404350448173337540e-01
9.374613687349997448e-01
9.331650654274302736e-01
9.269745262830885180e-01
9.246600776505562447e-01
9.215218927290311779e-01
9.179605147791521924e-01
9.170741936056844290e-01
9.200025701525891275e-01
9.195006989837526401e-01
9.218479301748192523e-01
9.228367713495220226e-01
9.276707086170564720e-01
9.323812642551975172e-01
9.339095275294218013e-01
9.367049857026321646e-01
9.388716147984998983e-01
9.397215771343203627e-01
9.404809403992819838e-01
9.397537636463360045e-01
9.396953510874928028e-01
9.358925742974966155e-01
9.325934568158932292e-01
9.296466028269055881e-01
9.262169511576833214e-01
9.216327573815294993e-01
9.197599792194341983e-01
9.186453722292629021e-01
9.160978694078766305e-01
9.185541771118852505e-01
9.202582741091578367e-01
9.415556122726932431e-01
9.265185506962002604e-01
9.304298079526195364e-01
9.338117759003372598e-01
9.364343805830932510e-01
9.375305101311814937e-01
9.358079356918258540e-01
9.351999682426415106e-01
9.310872472628649588e-01
9.242643027620676133e-01
9.204853678328237532e-01
9.158230919627060596e-01
9.129304782069299629e-01
9.124184742472737364e-01
9.145225184586666112e-01
9.191567801424003203e-01
