9.281469497855842077e-01
9.224213269259127213e-01
9.267378958151216706e-01
9.329886356578630524e-01
9.414638211087967834e-01
9.438253574163147919e-01
9.426231315878786932e-01
9.399844336491147700e-01
9.405238557486361728e-01
9.360272808107472642e-01
9.286488209544206951e-01
9.225941804163670934e-01
9.263600023221972846e-01
9.342200677657208630e-01
9.433973960158105188e-01
9.462828572133609173e-01
9.444714718427028588e-01
9.344459693963491631e-01
9.271324786105726856e-01
9.224606659961540611e-01
9.274674567541428827e-01
9.321124472752150281e-01
9.388728068915375147e-01
9.390385078237661887e-01
9.360105915082206351e-01
9.315777935478440908e-01
9.260744960396881664e-01
9.282661590893458436e-01
9.267814072109946677e-01
9.274263295443451183e-01
9.245653062540657441e-01
9.193874501451790859e-01
9.190685652576167097e-01
9.178931615225268681e-01
9.227145818131663457e-01
9.248907476533350103e-01
9.294505035222176970e-01
9.268660458166654292e-01
9.244329839268903282e-01
9.159679312667764473e-01
9.109593523692313122e-01
9.081019053580647871e-01
9.082574734994737220e-01
9.114373816773154724e-01
9.161485333619753257e-01
9.211481715617384491e-01
9.257776648733215819e-01
9.258158118505254164e-01
9.260935695282900282e-01
9.208823348143500009e-01
9.169037243013052896e-01
9.155495066105731050e-01
9.142578738043157793e-01
9.134508268178495038e-01
9.165520568552084635e-01
9.188229940918677396e-01
9.192157887477623301e-01
9.211279059800989710e-01
9.231115487946925935e-01
9.222627785519097454e-01
9.244931846252899543e-01
9.253890425430586486e-01
9.261084706912602327e-01
9.271020802381134684e-01
9.275509032667760279e-01
9.264035137180702817e-01
9.266121299996531446e-01
9.284455690915071058e-01
9.281552944368475222e-01
9.266788872097596608e-01
9.285546456044490027e-01
9.287304793274974157e-01
9.292573844501238467e-01
9.298283970151420830e-01
9.304858363253875053e-01
9.299327051559335144e-01
9.324331203023338288e-01
9.320909896005379336e-01
9.335697810137010277e-01
9.344471614893867795e-01
9.376097843181829816e-01
9.384376929328075434e-01
9.388364480538902157e-01
9.396536278311762302e-01
9.400362896962510817e-01
9.382082150230663942e-01
9.375543519919338209e-01
9.391124175920984030e-01
9.383721278157386436e-01
9.365017338397185753e-01
9.374560043163304712e-01
9.351552647537308971e-01
9.348786991690039017e-01
9.359110517395796691e-01
9.336585919450035576e-01
9.331775824043252454e-01
9.328724065866954573e-01
9.322173514625252677e-01
9.342594068359622028e-01
9.341199319505610887e-01
9.322453656489092522e-01
9.338260810167886561e-01
9.340156238097696573e-01
9.324456372792288006e-01
9.346319359102173152e-01
9.343267600925875271e-01
9.347135942832940358e-01
9.350569170781275474e-01
9.353543442910128292e-01
9.356404466200407555e-01
9.358788652275640274e-01
9.346676987013458060e-01
9.366644545393532084e-01
9.367753191918515299e-01
9.353483838258247474e-01
9.363014622093990269e-01
9.344036500935137823e-01
9.354282540593450435e-01
9.332336107770932143e-01
9.335489193855427414e-01
9.321064868100269463e-01
9.305043137674705589e-01
9.294224893358337125e-01
9.270549925631276222e-01
9.256995827793577103e-01
9.238858132226244191e-01
9.226591494869171850e-01
9.200901889908539300e-01
9.211690331898967354e-01
9.215892459856565022e-01
9.200973415490796281e-01
9.226311353005332005e-01
9.232128767028899841e-01
9.239799885725961115e-01
9.239770083400020706e-01
9.249318748631327747e-01
9.273488434969000549e-01
9.275014314057149489e-01
9.286017332794348489e-01
9.312595047068005227e-01
9.301967537637655381e-01
9.322286763463826231e-01
9.319068112262262060e-01
9.314091123830213759e-01
9.308136619107320042e-01
9.296990549205607079e-01
9.289045249109894042e-01
9.271509560526557392e-01
9.274853381497071281e-01
9.315634884313926944e-01
9.321285405312228489e-01
9.326524654212552390e-01
9.359521789493774335e-01
9.357304496443807906e-01
9.379548952525729177e-01
9.375084564099855911e-01
9.360928459278161640e-01
9.344453733498303549e-01
9.323735156504530108e-01
9.290761863084061600e-01
9.273554000086069449e-01
9.253204971933957079e-01
9.280801925754776915e-01
9.289724742141335367e-01
9.338785331104437759e-01
9.362424536040370171e-01
9.405471015628696918e-01
9.411228825000383935e-01
9.393019603850794041e-01
9.353889149891037036e-01
9.309614814473964328e-01
9.238518385710523528e-01
9.212125445857697326e-01
9.169859787209008184e-01
9.197111034048919276e-01
9.217269327315011918e-01
9.285504732788173454e-01
9.337348858994110046e-01
9.364361687226496755e-01
9.372503682673416492e-01
9.351922196378970042e-01
9.326262393744276791e-01
9.301901972520586481e-01
9.292317544498150950e-01
9.297676002702236486e-01
9.313483156381029415e-01
9.312583126137629064e-01
9.333265940340272904e-01
9.331555286831293428e-01
9.312970556374854381e-01
9.336848179918311175e-01
9.347070377715871459e-01
9.336860100848687338e-01
9.327055135614291670e-01
9.316469349440258396e-01
9.267718704666937368e-01
9.228707460010940888e-01
9.228129294887696954e-01
9.233761934490434253e-01
9.297431623629525133e-01
9.342379491612851083e-01
9.344042461400325905e-01
9.327806154227989976e-01
9.253288418446590224e-01
9.166104694140516651e-01
9.120173349401158314e-01
9.145308631099299257e-01
9.238959460134441581e-01
9.321541705315316007e-01
9.351403635907606926e-01
9.269566448875242726e-01
9.182585380385563933e-01
9.085388074563511829e-01
9.086496721088495043e-01
9.190339945595258353e-01
9.232963232155231292e-01
9.263772876712427218e-01
9.231645969348665215e-01
9.196717643346505877e-01
9.178979298946773335e-01
9.222627785519097454e-01
9.214277173790594855e-01
9.153998989343522519e-01
9.109778298113143657e-01
9.173686405859756698e-01
9.314681209883833857e-01
9.357924384823368413e-01
9.250099569570966462e-01
9.072424062779433918e-01
9.045041685705386136e-01
9.204341078322062497e-01
9.351767224284079916e-01
9.393132852689367596e-01
9.269846590739082570e-01
9.116155995864391182e-01
9.140522377553269573e-01
9.306104100478184149e-01
9.341473500904262650e-01
9.258062751062244855e-01
9.214855338913838789e-01
9.324569621630861560e-01
9.400041031842354400e-01
9.265090139518993295e-01
9.055848009091378437e-01
9.161389966176743949e-01
9.483010707260454142e-01
9.599013280750904320e-01
9.288127337470929445e-01
8.985377429172686226e-01
9.112216128375069113e-01
9.519643726306405984e-01
9.644825416186501021e-01
9.313918270339759387e-01
9.039403085637460755e-01
9.163553615040017641e-01
9.486813484050450329e-01
9.504915416826655861e-01
9.359790010427238016e-01
9.301198637628392829e-01
9.334314982213375300e-01
9.239907174099346587e-01
9.252197653317171255e-01
9.532357398552584460e-01
9.687406979490158498e-01
9.313894428479007059e-01
8.916206230664995847e-01
9.201557541079228297e-01
9.776033136371747867e-01
9.687889777170393124e-01
9.117985858677132294e-01
9.005064845688920405e-01
9.467501576841065303e-01
9.693033658627707716e-01
9.367002173304816992e-01
9.196634196833872732e-01
9.389520810785390026e-01
9.435875348553103281e-01
9.223337080876479188e-01
9.331376472875650974e-01
9.590436171345254612e-01
9.352875870809063130e-01
8.987755654782730863e-01
9.363711996520995839e-01
9.782136652724343628e-01
9.380282089743863239e-01
8.993996261834652506e-01
9.386773036333684317e-01
9.785635445789747644e-01
9.207792187665961858e-01
9.006847024780156863e-01
9.639508681238732057e-01
9.829808453298622961e-01
8.897502290904795164e-01
8.842081885586009493e-01
9.896655070382961439e-01
1.006525278869304429e+00
8.805192566536971244e-01
8.616275622400715317e-01
9.793294643556432755e-01
1.007803798652147975e+00
9.071965106959951619e-01
8.638293580805490590e-01
9.363259001166701623e-01
9.869272693308912547e-01
9.576035687450848988e-01
9.049404746223062013e-01
8.865518434705547124e-01
9.327490249573021641e-01
9.930814496375858225e-01
9.575862833960394616e-01
8.654297429835490219e-01
8.866412504483759394e-01
1.002438187889836740e+00
9.865720256056815796e-01
8.686543546503012747e-01
8.829177478453812400e-01
9.886862026078943044e-01
9.655405241895347324e-01
8.805049515372457281e-01
9.257448823147871320e-01
9.831054190522932057e-01
9.164578815052367711e-01
8.753670305451191069e-01
9.860707504833639003e-01
1.003882408604908960e+00
8.665848811369992744e-01
8.354724449482494597e-01
1.013754727095929065e+00
1.054765111776007736e+00
8.711196030520920175e-01
7.864947064512618491e-01
9.740467040594463777e-01
1.083931456080848621e+00
9.400803971386428870e-01
8.002449035936478605e-01
8.868778809163428978e-01
1.027476314005412394e+00
1.011449219161179025e+00
8.972723361578388568e-01
8.674992164968510222e-01
9.013802887654648321e-01
9.710098470461185904e-01
9.939773075553545167e-01
9.711844886761293871e-01
8.746505826295116748e-01
8.181084177623293430e-01
9.589035462026055390e-01
1.078428158572692697e+00
1.034084085712919876e+00
8.021915915240754869e-01
7.343424241951017617e-01
9.755982131479040698e-01
1.177643677907428410e+00
1.073182949207180714e+00
7.489354311150826504e-01
6.611979795930361670e-01
9.493811070181259471e-01
1.227354553622550304e+00
1.159771223040964916e+00
8.015967370983049234e-01
6.033945802920556156e-01
8.066249855309707284e-01
1.149198549890345422e+00
1.265031250122934603e+00
9.886480556306905809e-01
6.603873563274570424e-01
6.700057590014647513e-01
9.314997114538802192e-01
1.170006533861939202e+00
1.190307878292546029e+00
9.468425448945217981e-01
7.009811044908886846e-01
7.254863650186497148e-01
9.235043434505871840e-01
1.093170177122375630e+00
1.134513751806468074e+00
1.008576274940523598e+00
8.063668973883267865e-01
7.381875202879333298e-01
8.508528293195759540e-01
9.789122317924775496e-01
1.057487256227404693e+00
1.077708730424491224e+00
1.011979700562918305e+00
8.709693993293522452e-01
7.897443520718040455e-01
8.280761036963586452e-01
8.756805510140122095e-01
9.129471675094565919e-01
1.007144571202346128e+00
1.119706764186235048e+00
1.125321522393408102e+00
9.804923511138381453e-01
8.365179105422390071e-01
7.668776234242467016e-01
7.137043134813682022e-01
7.172609230590967222e-01
8.675254425436785821e-01
1.128713623131945454e+00
1.322215357090873455e+00
1.288829003432870213e+00
1.070644387083576676e+00
8.525664630611494710e-01
6.636077956685776380e-01
5.009484888253794566e-01
4.862046821361400983e-01
7.114411248494535434e-01
1.096665393908666797e+00
1.438151769417735260e+00
1.531525436821632002e+00
1.349138778345439160e+00
1.061142213480736451e+00
7.883335099617850839e-01
5.149412769009205082e-01
3.141498940169684673e-01
3.296977674600800601e-01
6.138748662322600635e-01
1.073985227821496524e+00
1.491041957264179763e+00
1.664777000519871875e+00
1.540057842738371319e+00
1.239030508879483738e+00
9.259844930153481313e-01
6.501258194596551965e-01
3.980631110743416690e-01
2.422303250110536821e-01
3.038710718001212951e-01
6.177056572086402353e-01
1.090136896388160803e+00
1.531548682635865521e+00
1.737727133956805892e+00
1.632684663854201190e+00
1.304316080131063371e+00
9.452081853399497691e-01
6.615526272717270340e-01
4.534501377880737483e-01
3.294104730380145174e-01
3.228915122618093991e-01
4.704440200858139853e-01
7.783938382141397661e-01
1.186631463364537176e+00
1.582123229756740246e+00
1.801207876349434356e+00
1.736582724640694186e+00
1.417805125451699011e+00
1.019195439719610130e+00
6.850559336013715139e-01
4.255128414050151631e-01
2.354628128365055251e-01
1.569521614256097486e-01
2.355832142333047774e-01
4.601431441477709106e-01
7.797605728817669224e-01
1.130169168730875029e+00
1.456437880568251630e+00
1.699387037680988088e+00
1.817999102830779812e+00
1.772212001348972388e+00
1.577570626446083368e+00
1.299151337045590493e+00
1.018306138313548326e+00
7.899917113771094401e-01
6.290722643223124466e-01
5.186695478760656730e-01
4.500890314685143667e-01
4.080856332881013238e-01
3.891146646874743542e-01
3.876698479258832708e-01
3.997868776067349250e-01
4.246724158134956295e-01
4.568398543405359225e-01
4.923040261631043135e-01
5.321449675732812246e-01
5.707735503642022978e-01
6.076509484828649388e-01
6.401426363161368815e-01
6.696755492300450197e-01
6.921316018261435277e-01
7.082403550434536177e-01
7.165134807245112647e-01
7.206315661229569791e-01
7.184625528410140127e-01
7.123369827672222376e-01
6.994975447055751250e-01
6.799609279585990818e-01
6.600797963237519106e-01
6.339383881018624267e-01
6.093145143168585687e-01
5.836821298220312704e-01
5.590367983623503179e-01
5.371934815875866187e-01
5.195457362587138084e-01
5.069745191305302656e-01
5.065990098236811123e-01
5.137718336310188594e-01
5.383337185780666667e-01
5.793220495369493239e-01
6.458706433618836007e-01
7.392192768119904001e-01
8.669836362580819467e-01
1.029980901477444366e+00
1.214699293935214808e+00
1.403160262484581811e+00
1.571276971253987798e+00
1.694026791337345905e+00
1.760544390743302268e+00
1.764025898459660846e+00
1.710506285489354683e+00
1.608475638446287936e+00
1.467546995585798708e+00
1.299192464255388257e+00
1.112567318983950448e+00
