9.471965965266938570e-01
9.483827290991221348e-01
9.456188613914086050e-01
9.470934804789400419e-01
9.474135574595400344e-01
9.471238788513992590e-01
9.456140930192581395e-01
9.471048053627973973e-01
9.472830232719210430e-01
9.456808502293646557e-01
9.476197895550476646e-01
9.457851583701560871e-01
9.475727018800618184e-01
9.457368786021326246e-01
9.473318990864633138e-01
9.485979018924118877e-01
9.457982713935698671e-01
9.471447404795575453e-01
9.474135574595400344e-01
9.477258858353955207e-01
9.471340116422189981e-01
9.475935635082201047e-01
9.471542772238584762e-01
9.463007386089251627e-01
9.473843511801184336e-01
9.474850830417970160e-01
9.467841323356785965e-01
9.471965965266938570e-01
9.477020439746431935e-01
9.454966718550529281e-01
9.455676013907911015e-01
9.473509725750651755e-01
9.475744900196182430e-01
9.456438953451985485e-01
9.472091135035888287e-01
9.453208381320045151e-01
9.468866523369136035e-01
9.455014402272033935e-01
9.455383951113695007e-01
9.453720981326220185e-01
9.470326837340216075e-01
9.469367202444934906e-01
9.471739467589791461e-01
9.469557937330953523e-01
9.454215699936830974e-01
9.464789565180488085e-01
9.452612334801236971e-01
9.467137988464592313e-01
9.449477130112305945e-01
9.465045865183575602e-01
9.466500218689467561e-01
9.452397758054466026e-01
9.451175862690909257e-01
9.447790318464078796e-01
9.450043374305173716e-01
9.447873764976711941e-01
9.462864334924737664e-01
9.444255762607546290e-01
9.456891948806279702e-01
9.457362825556138164e-01
9.465486939607493655e-01
9.462238486079989075e-01
9.460068876751527300e-01
9.455681974373099097e-01
9.458155567426153043e-01
9.459299976742264748e-01
9.457791979049680053e-01
9.441609316064037971e-01
9.457482034859899800e-01
9.451849395257162501e-01
9.459299976742264748e-01
1.081206331396857623e+00
9.439451627665952360e-01
9.450007611514045225e-01
9.453601772022458549e-01
9.453351432484559114e-01
9.435076646217900320e-01
9.449453288251553618e-01
9.433628253177196443e-01
9.449995690583669061e-01
9.446806841708045299e-01
9.447349244040160743e-01
9.444780283544097488e-01
9.442002706766451370e-01
9.443451099807155247e-01
9.444225960281605881e-01
9.424824646094399627e-01
9.441889457927877816e-01
9.440959625358537055e-01
9.420378139064090606e-01
9.440065555580324785e-01
9.431983164785285867e-01
9.416748215764548791e-01
9.430123499646604346e-01
9.415985276220474320e-01
9.433425597360801662e-01
9.417344262283356970e-01
9.434087208996678742e-01
9.415335585514973404e-01
9.416170050641304856e-01
9.408922124972596279e-01
9.411240745930760099e-01
9.424902132141844691e-01
9.407122064485795576e-01
9.404511380733415749e-01
9.419698646032649281e-01
9.420479466972287996e-01
9.421486785589073820e-01
9.421337773959371775e-01
9.417672087868701469e-01
9.413011004091620393e-01
9.414608408762027425e-01
9.413714338983814045e-01
9.413404394794033792e-01
9.411628176167985416e-01
9.395028280619177607e-01
9.395236896900760470e-01
9.412414957572812213e-01
9.408504892409430553e-01
9.405357766790123364e-01
9.387559817738511114e-01
9.387172387501285797e-01
9.404487538872663421e-01
9.385247157245535377e-01
9.385676310739077266e-01
9.385181592128466477e-01
9.399999308586037827e-01
9.572441526942435663e-01
9.397412466694410327e-01
9.398014473678406588e-01
9.394420313169993264e-01
9.378040954833144482e-01
9.392763303847706524e-01
9.393681215486671121e-01
9.377891943203442437e-01
9.375907108295811199e-01
9.375114366425796320e-01
9.389562534041706598e-01
9.385908768881412456e-01
9.389246629386738263e-01
9.388817475893196374e-01
9.387059138662712243e-01
9.384859727008310060e-01
9.371353312892116705e-01
9.369618817522384902e-01
9.385670350273889184e-01
9.368736668674548795e-01
9.369183703563654930e-01
9.368736668674548795e-01
9.381086752544254281e-01
9.383727238622574518e-01
9.367234631447152182e-01
9.385610745622008366e-01
9.371400996613621359e-01
9.386784957264060480e-01
9.384424613049580088e-01
9.384031222347166690e-01
9.385968373533293274e-01
9.390140699164950533e-01
9.387780354950470141e-01
9.390593694519244750e-01
9.387458489830313724e-01
9.377754852504116556e-01
9.377623722269978757e-01
9.392471241053490516e-01
9.392775224778082688e-01
9.392524885240183252e-01
9.393049406176734450e-01
9.397460150415914981e-01
9.398252892285929860e-01
9.398068117865099325e-01
9.399617838814000592e-01
9.400291371380253835e-01
9.407557178444525547e-01
9.400768208595300379e-01
9.405155110973728583e-01
9.404159713287318922e-01
9.395028280619177607e-01
9.398205208564425206e-01
9.399409222532417729e-01
9.400237727193561099e-01
9.418369462295707040e-01
9.417260815770723825e-01
9.420598676276049632e-01
9.404004741192428796e-01
9.421152999538541239e-01
9.424991539119665918e-01
9.428961208934928395e-01
9.412420918038000295e-01
9.418369462295707040e-01
9.433783225272086570e-01
9.420199325108448152e-01
9.434659413654734594e-01
9.434105090392242987e-01
9.424723318186202237e-01
9.443129234686998830e-01
9.427846601944757099e-01
9.441811971880432752e-01
9.428496292650258015e-01
9.432030848506790521e-01
9.431434801987982341e-01
9.448642664985974493e-01
9.448243313818373013e-01
9.445769720765319066e-01
9.451962644095736055e-01
9.448493653356272448e-01
9.433610371781632198e-01
9.438110522998633956e-01
9.440751009076954192e-01
9.449864560349531262e-01
9.440125160232205603e-01
9.433526925268999053e-01
9.449554616159751008e-01
9.437401227641252222e-01
9.449632102207196072e-01
9.434063367135926415e-01
9.449709588254641135e-01
9.446824723103609545e-01
9.450293713843073151e-01
9.432310990370630366e-01
9.430344036858563372e-01
9.424800804233647300e-01
9.441746406763363852e-01
9.425957134480135169e-01
9.423841169338366131e-01
9.435797862505658218e-01
9.434224299696004623e-01
9.436703853214246651e-01
9.410448004060745220e-01
9.429253271729144403e-01
9.423501422822645468e-01
9.405357766790123364e-01
9.423435857705576568e-01
9.418977429744891383e-01
9.395761417837311669e-01
9.409178424975683797e-01
9.407139945881359822e-01
9.407068420299102840e-01
9.399236369041963357e-01
9.378857538563911689e-01
9.377409145523207812e-01
9.392858671290715833e-01
9.388966487522898419e-01
9.382868931635490739e-01
9.364576263973267700e-01
9.377230331567565358e-01
9.357596559238023914e-01
9.372515603603792655e-01
9.348733347503346280e-01
9.359676761588664462e-01
9.344626586988757921e-01
9.354872626647070533e-01
9.354824942925565878e-01
9.349126738205759679e-01
9.347457807953096776e-01
9.327698865854604504e-01
9.338534991566538324e-01
9.319515147151368195e-01
9.331436077527531792e-01
9.313334144751327370e-01
9.311396993565200786e-01
9.322227158811945413e-01
9.315199770355196973e-01
9.314025558713144859e-01
9.296269332917849182e-01
9.306247151642698112e-01
9.288318072356948063e-01
9.282226476934728465e-01
9.277201804781175509e-01
9.296239530591908773e-01
9.289307509578169642e-01
9.272403630304769662e-01
9.282643709497894191e-01
9.281266842039447296e-01
9.278060111768259288e-01
9.276581916401615002e-01
9.251720816102124711e-01
9.266723306980527708e-01
9.264255674392661843e-01
9.260613830162743865e-01
9.255648762661070617e-01
9.253139406816888179e-01
9.246988206742787764e-01
9.251232057956702004e-01
9.257937581293295137e-01
9.242774157854813932e-01
9.227038529758277985e-01
9.237785248492389467e-01
9.237946181052467676e-01
9.232438711218680094e-01
9.228302148378151326e-01
9.232093004237771350e-01
9.213913585414121865e-01
9.225619939043514517e-01
9.210104848158937596e-01
9.219230320361890829e-01
9.206170941134803609e-01
9.218443538957064032e-01
9.218193199419164596e-01
9.199334287564073787e-01
9.196550750321239587e-01
9.215236808685876024e-01
9.196008347989124143e-01
9.208412076045522365e-01
9.207553769058438586e-01
9.204507971347328787e-01
9.209359790010427371e-01
9.207535887662874341e-01
9.192968510743202426e-01
9.205956364388032664e-01
9.207339192311667642e-01
9.207374955102796132e-01
9.207261706264222578e-01
9.202237034110669622e-01
9.203488731800166800e-01
9.191990994452357011e-01
9.205473566707798039e-01
9.193349980515239661e-01
9.208638573722669474e-01
9.214086438904576237e-01
9.211571122595205718e-01
9.213699008667350920e-01
9.197981261966379218e-01
9.215809013343931877e-01
9.196425580552289869e-01
9.219891931997767909e-01
9.201730394569682669e-01
9.220315125026121716e-01
9.207947159760851985e-01
9.210986997006773702e-01
9.230030683282695048e-01
9.239853529912653851e-01
9.230859187943838418e-01
9.214622880771503599e-01
9.237278608951402514e-01
9.222997334360758526e-01
9.235597757768363447e-01
9.227414039065127138e-01
9.228773025128009788e-01
9.230310825146534892e-01
9.159893889414535417e-01
9.245265632303432124e-01
9.251065164931435714e-01
9.254397064971573439e-01
9.259004504561961779e-01
9.261579425523213116e-01
9.288037930493108218e-01
9.264774234864024960e-01
9.251810223079945938e-01
9.256429583600709332e-01
9.256644160347480277e-01
9.264494093000185115e-01
9.279317769922944548e-01
9.269250544220274390e-01
9.273452672177872058e-01
9.273452672177872058e-01
9.294820939877145305e-01
9.296364700360858491e-01
9.301121151580947766e-01
9.287018690945946231e-01
9.288991604923201306e-01
9.296430265477927390e-01
9.299195921325197345e-01
9.303380167887230767e-01
9.309710181916973637e-01
9.313399709868396270e-01
9.334177891514049419e-01
9.319109835518578633e-01
9.321219840195159589e-01
9.323592105340016145e-01
9.344441812567927386e-01
9.350604933572403965e-01
9.337140242712527183e-01
9.359831733683554589e-01
9.359646959262724053e-01
9.353787821982839645e-01
9.372134133831755420e-01
9.376509115279807460e-01
9.361309929050198875e-01
9.382481501398265422e-01
9.385491536318246730e-01
9.390426801493978459e-01
9.395493196903847988e-01
9.383643792109941373e-01
9.402383494661270547e-01
9.409023452880793670e-01
9.412021566870398814e-01
9.397418427159598409e-01
9.400648999291538743e-01
9.420902660000641804e-01
9.407598901700842120e-01
9.416778018090489200e-01
9.416146208780552529e-01
9.420533111158980732e-01
9.422553708857740462e-01
9.444774323078909406e-01
9.427292278682265492e-01
9.444357090515743680e-01
9.448857241732745438e-01
9.451903039443855237e-01
9.457905227888253608e-01
9.457827741840808544e-01
9.458072120913519898e-01
9.464825327971616575e-01
9.466381009385705925e-01
9.465886290775095135e-01
9.451217585947225830e-01
9.471620258286029825e-01
9.474242862968785817e-01
9.474415716459240189e-01
9.474219021108033489e-01
9.463013346554439709e-01
9.481168923517336866e-01
9.465421374490424755e-01
9.478647646742778266e-01
9.466780360553307405e-01
9.480441746764390887e-01
9.463430579117605435e-01
9.483922658434230657e-01
9.464574988433717140e-01
9.466565783806536460e-01
9.486575065442927057e-01
9.485889611946297650e-01
9.466655190784357687e-01
9.466732676831802751e-01
9.465606148911255291e-01
9.463102753532260936e-01
9.487659870107157944e-01
9.484107432855061193e-01
9.481544432824186019e-01
9.481109318865456048e-01
9.463257725627151062e-01
9.460539753501385762e-01
9.474314388551042798e-01
9.461809332586447185e-01
9.459854300004756356e-01
9.460641081409583153e-01
9.456158811588145641e-01
9.473760065288551191e-01
9.452671939453117789e-01
9.472085174570700206e-01
9.466798241948871651e-01
9.467030700091206841e-01
9.464449818664767422e-01
9.463460381443545844e-01
9.445203476572451295e-01
9.459675486049113902e-01
9.458537037198190278e-01
9.474701818788268115e-01
9.443063669569929930e-01
9.438062839277129301e-01
9.453810388304041412e-01
9.433222941544406881e-01
9.449369841738920472e-01
9.452141458051378509e-01
9.447510176600238951e-01
9.445555144018548122e-01
9.432430199674392002e-01
9.446335964958186837e-01
9.444190197490477390e-01
9.426678350767893066e-01
9.438354902071345309e-01
9.436256818325140516e-01
9.423119953050608233e-01
9.438116483463822037e-01
9.420884778605077559e-01
9.420336415807774033e-01
9.435720376458213154e-01
9.418744971602556193e-01
9.434307746208637768e-01
9.415436913423170795e-01
9.413487841306666937e-01
9.429837397317576420e-01
9.429980448482090383e-01
9.426481655416686367e-01
9.405298162138242546e-01
9.422577550718492789e-01
9.407038617973162431e-01
9.418226411131193077e-01
9.417421748330802034e-01
9.414811064578422206e-01
9.416187932036869102e-01
9.412397076177247968e-01
9.395761417837311669e-01
9.407622743561594447e-01
9.394056724793520274e-01
9.405685592375467863e-01
9.403128552809780771e-01
9.385789559577650820e-01
9.399975466725285500e-01
9.381307289756213308e-01
9.380270168813487075e-01
9.390355275911721478e-01
9.392834829429963506e-01
9.372980519888463036e-01
9.384341166536946943e-01
9.379566833921293423e-01
9.631551460212642857e-01
9.359694642984228707e-01
9.373522922220578479e-01
9.369606896592008738e-01
9.352643412666727940e-01
9.351051968461510100e-01
9.343178193948054044e-01
9.357799215054418696e-01
9.357340259234936397e-01
9.351445359163923499e-01
9.330410877515181722e-01
9.325553098386895057e-01
9.320826449492746191e-01
9.337527672949752500e-01
9.331811586834380945e-01
