9.515173377415344635e-01
9.507305563367076662e-01
9.470338758270592239e-01
9.459955627912953746e-01
9.469975169894119249e-01
9.442807369566842413e-01
9.456576044151311367e-01
9.450520211520220260e-01
9.438784055564887199e-01
9.416444232039956619e-01
9.409619499399601850e-01
9.405769038888101008e-01
9.397257494599520200e-01
9.377641603665543002e-01
9.382362292094503786e-01
9.375716373409792581e-01
9.383906052578216972e-01
9.361447019749524756e-01
9.372914954771394136e-01
9.366727991906165229e-01
9.364331884900556346e-01
9.359152240652113264e-01
9.352011603356791269e-01
9.347922724237767156e-01
9.332187096141230098e-01
9.341866891606676049e-01
9.321982779739234060e-01
9.335781256649643423e-01
9.316171326180854306e-01
9.327704826319792586e-01
9.326059737927882010e-01
9.321589389036820661e-01
9.292943393342899538e-01
9.319503226220992032e-01
9.316701807582593586e-01
9.314812340117971656e-01
9.307433284215126390e-01
9.293992435216001935e-01
9.293479835209826900e-01
9.307498849332195290e-01
9.306044495826303331e-01
9.300322449245744805e-01
9.298957502717674073e-01
9.304107344640176747e-01
9.303553021377685139e-01
9.303094065558202841e-01
9.299929058543331406e-01
9.296317016639353836e-01
9.284509335101763794e-01
9.284264956029052440e-01
9.282894049035793627e-01
9.282536421124508719e-01
9.283633146719115770e-01
9.286041174655100816e-01
9.303696072542199103e-01
9.286172304889238616e-01
9.287513409556557020e-01
9.287787590955208783e-01
9.294487153826612724e-01
9.309239305167115175e-01
9.283883486257015205e-01
9.288431321195521617e-01
9.277166041990047018e-01
9.321023144843952890e-01
9.343267600925875271e-01
9.309513486565766938e-01
9.297258770139070760e-01
9.318942942493312342e-01
9.318925061097748097e-01
9.282953653687674445e-01
9.317685284338627083e-01
9.319872775062653103e-01
9.323395409988809446e-01
9.326488891421423899e-01
9.313441433124712843e-01
9.329987684486827915e-01
9.314532198254131812e-01
9.315575279662046126e-01
9.316344179671308678e-01
9.319372095986854232e-01
9.321690716945018051e-01
9.324790158842820587e-01
9.324557700700485396e-01
9.344125907912959050e-01
9.342415254403979574e-01
9.346432607940746706e-01
9.349615496351182387e-01
9.352208298707997969e-01
9.349853914958705658e-01
9.336794535731618438e-01
9.354079884777055653e-01
9.353561324305692537e-01
9.340805928803197489e-01
9.358907861579401910e-01
9.362001343012016363e-01
9.348107498658597692e-01
9.373850747805922978e-01
9.360648317414321795e-01
9.363098068606623414e-01
9.367389603542042309e-01
9.353912991751789363e-01
9.350873154505867646e-01
9.367914124478593507e-01
9.369457884962306693e-01
9.372265264065893220e-01
9.371323510566176296e-01
9.353823584773968136e-01
9.354675931295863833e-01
9.355945510380925256e-01
9.354282540593450435e-01
9.358037633661941967e-01
9.378398582744429390e-01
9.373487159429449989e-01
9.361375494167267775e-01
9.356875342950266017e-01
9.371943398945736803e-01
9.354360026640895498e-01
9.372610971046801964e-01
9.374297782695029113e-01
9.356452149921912209e-01
9.370214864041193081e-01
9.371973201271677212e-01
9.369046612864329049e-01
9.370149298924124182e-01
9.369231387285159585e-01
9.344966333504478584e-01
9.350813549853986828e-01
9.350545328920523147e-01
9.349657219607498959e-01
9.348137300984538101e-01
9.362829847673159733e-01
9.349555891699301569e-01
9.348149221914914264e-01
9.345806759095998117e-01
9.359712524379792953e-01
9.358913822044589992e-01
9.370614215208794562e-01
9.354914349903387105e-01
9.355659408051897330e-01
9.354282540593450435e-01
9.337712447370583035e-01
9.352583808014847122e-01
9.353269261511476529e-01
9.349675101003063205e-01
9.347600859117610739e-01
9.331966558929271072e-01
9.331418196131967546e-01
9.341646354394717022e-01
9.336699168288609130e-01
9.341843049745923722e-01
9.322900691378198657e-01
9.326953807706094279e-01
9.339727084604154683e-01
9.336299817121007649e-01
9.337813775278780426e-01
9.335060040361885525e-01
9.336734931079737621e-01
9.334517638029770081e-01
9.316081919203033079e-01
9.327579656550842868e-01
9.328777710053647310e-01
9.328372398420857747e-01
9.306569016762854529e-01
9.320218482043561847e-01
9.326614061190373617e-01
9.320593991350411001e-01
9.319664158781070240e-01
9.320349612277699647e-01
9.305323279538545433e-01
9.302873528346243814e-01
9.325672307690656693e-01
9.300215160872359332e-01
9.313638128475919542e-01
9.312434114507927019e-01
9.313381828472832025e-01
9.293610965443964700e-01
9.293569242187648127e-01
9.307159102816474627e-01
9.294260656149465616e-01
9.291000281691584872e-01
9.289605532837573731e-01
9.303272879513845295e-01
9.286684904895413650e-01
9.303028500441133941e-01
9.285480890927421127e-01
9.299338972489711308e-01
9.298635637597517656e-01
9.298778688762031619e-01
9.280372772261235026e-01
9.295345460813696503e-01
9.292919551482147211e-01
9.292919551482147211e-01
9.280325088539730372e-01
9.276271972211834749e-01
9.291399632859186353e-01
9.278256807119465988e-01
9.273476514038624385e-01
9.289015446783953633e-01
9.269214781429145900e-01
9.288151179331681773e-01
9.287233267692717176e-01
9.284711990918158575e-01
9.270496281444583486e-01
9.284402046728378322e-01
9.286380921170821479e-01
9.284616623475149266e-01
9.271134051219708239e-01
9.268898876774177564e-01
9.264720590677332224e-01
9.277630958274717399e-01
9.267533930246106832e-01
9.280742321102896097e-01
9.279860172255059991e-01
9.277797851299983689e-01
9.264792116259589205e-01
9.281600628089979876e-01
9.282005939722769439e-01
9.279752883881674519e-01
9.279532346669715492e-01
9.278894576894590740e-01
9.267754467458065859e-01
9.275956067556866413e-01
9.276790532683197865e-01
9.263790758107991463e-01
9.263760955782051054e-01
9.280980739710419369e-01
9.189326666513284447e-01
9.277434262923510699e-01
9.277809772230359853e-01
9.261573465058025034e-01
9.279675397834229456e-01
9.280152235049275999e-01
9.276838216404702520e-01
9.265841158132691602e-01
9.269739302365697098e-01
9.283353004855275925e-01
9.284998093247186501e-01
9.266627939537518399e-01
9.283943090908896023e-01
9.283442411833097152e-01
9.272296341931384189e-01
9.267223986056326579e-01
9.287251149088281421e-01
9.274752053588873890e-01
9.292579804966426549e-01
9.287197504901588685e-01
9.271974476811227772e-01
9.293658649165469354e-01
9.296269332917849182e-01
9.293926870098933035e-01
9.295226251509934867e-01
9.281940374605700539e-01
9.299172079464445018e-01
9.301210558558768993e-01
9.300018465521152633e-01
9.302432453922325761e-01
9.301282084141025974e-01
9.288741265385301871e-01
9.308369077249655232e-01
9.309239305167115175e-01
9.305603421402385278e-01
9.293062602646661174e-01
9.298278009686232748e-01
9.314448751741498667e-01
9.301311886466966383e-01
9.296156084079275628e-01
9.307576335379640353e-01
9.321571507641256416e-01
9.307600177240392680e-01
9.323812642551975172e-01
9.312094367992206356e-01
9.326947847240906198e-01
9.328598896098004856e-01
9.316189207576418552e-01
9.331161896128880029e-01
9.319425740173546968e-01
9.322972216960455638e-01
9.338427703193152851e-01
9.323896089064608317e-01
9.328253189117096111e-01
9.331406275201591383e-01
9.328741947262518819e-01
9.330732742635338139e-01
9.334613005472779390e-01
9.350837391714739155e-01
9.352124852195364824e-01
9.337605158997197563e-01
9.356899184811018344e-01
9.361673517426671864e-01
9.343494098603022380e-01
9.362841768603535897e-01
9.360153598803711006e-01
9.347702187025808129e-01
9.348691624247029708e-01
9.365845843058329123e-01
9.367538615171744354e-01
9.366155787248109377e-01
9.355254096419107768e-01
9.371639415221144631e-01
9.358335656921346057e-01
9.356875342950266017e-01
9.352279824290254950e-01
9.361411256958396265e-01
9.375603124571219027e-01
9.359301252281815309e-01
9.374017640831189269e-01
9.361870212777878564e-01
9.377510473431405202e-01
9.363276882562265868e-01
9.357668084820280896e-01
9.376306459463412679e-01
9.377891943203442437e-01
9.360433740667550850e-01
9.358693284832630965e-01
9.363503380239412976e-01
9.378613159491200335e-01
9.378958866472109079e-01
9.374869987353084966e-01
9.373654052454716279e-01
9.373803064084418324e-01
9.372903033841017972e-01
9.353495759188623637e-01
9.369249268680723830e-01
9.372008964062805703e-01
9.353370589419673919e-01
9.367085619817450137e-01
9.350235384730742894e-01
9.586275766643973517e-01
9.347594898652422657e-01
9.354836863855942042e-01
9.344686191640638739e-01
9.358001870870813477e-01
9.342778842780452564e-01
9.350682419619849028e-01
9.354157370824500717e-01
9.350688380085037110e-01
9.334499756634205836e-01
9.342069547423070830e-01
9.330273786815855841e-01
9.341705959046597840e-01
9.341086070667037333e-01
9.333474556621855767e-01
9.337074677595458283e-01
9.330404917049993641e-01
9.329266468199070017e-01
9.328300872838600766e-01
9.307856477243480198e-01
9.319085993657826306e-01
9.304655707437480272e-01
9.301985419033219626e-01
9.317822375037952964e-01
9.300590670179208486e-01
9.298742925970903128e-01
9.309626735404340492e-01
9.312577165672440982e-01
9.290338670055707793e-01
9.285552416509678109e-01
9.299529707375729926e-01
9.283567581602046870e-01
9.298254167825480421e-01
9.298742925970903128e-01
9.295291816627003767e-01
9.279538307134903574e-01
9.292329465428527113e-01
9.273542079155693285e-01
9.270073088416229679e-01
9.287972365376039319e-01
9.282637749032706109e-01
9.266729267445715790e-01
9.263707311595358318e-01
9.280599269938382134e-01
9.282762918801655827e-01
9.277315053619749063e-01
9.277225646641927836e-01
9.277374658271629881e-01
9.277511748970955763e-01
9.264154346484464453e-01
9.273452672177872058e-01
9.258581311533607971e-01
9.277177962920423182e-01
9.275830897787916696e-01
9.259308488286553951e-01
9.261114509238542736e-01
9.259821088292728986e-01
9.276921662917335665e-01
9.261406572032758744e-01
9.260846288305079055e-01
9.277446183853886863e-01
9.277034911755909219e-01
9.271610888434754782e-01
9.279699239694981783e-01
9.275830897787916696e-01
9.262634427861503594e-01
9.279860172255059991e-01
9.266770990702032362e-01
9.268660458166654292e-01
9.272683772168609506e-01
9.286303435123376415e-01
9.286339197914504906e-01
9.290571128198042983e-01
9.292710935200564348e-01
9.277088555942601955e-01
9.279520425739339329e-01
9.277899179208181080e-01
9.299589312027610744e-01
9.300811207391167512e-01
9.295202409649182540e-01
9.287769709559644538e-01
9.308029330733934570e-01
9.305615342332761442e-01
9.308702863300187813e-01
9.293879186377428381e-01
9.309400237727193383e-01
9.312422193577550855e-01
9.301937735311714972e-01
9.301609909726370473e-01
9.304983533022824771e-01
9.324229875115140898e-01
9.324808040238384832e-01
9.325869003041863392e-01
9.310383714483226880e-01
9.330077091464649142e-01
9.320880093679438927e-01
9.335042158966321280e-01
9.320921816935755500e-01
9.336484591541838185e-01
9.343237798599934862e-01
9.347737949816936620e-01
9.343607347441595934e-01
9.336508433402590512e-01
9.347708147490996211e-01
9.335167328735270997e-01
9.340674798569059689e-01
9.340549628800109971e-01
9.342689435802631337e-01
9.363425894191967913e-01
9.360290689503036887e-01
9.363741798846936248e-01
9.363950415128519111e-01
9.366489573298641957e-01
9.371550008243323404e-01
9.359533710424150499e-01
9.374643489675937857e-01
9.356702489459811645e-01
9.377486631570652875e-01
9.365976973292466923e-01
9.365893526779833778e-01
9.378690645538645398e-01
9.384931252590567041e-01
9.382743761866541021e-01
9.389258550317114427e-01
9.373105689657412753e-01
9.373540803616142725e-01
9.377546236222533693e-01
9.396870064362294883e-01
9.399075436481885149e-01
9.383459017689110837e-01
9.385086224685457168e-01
9.386087582837054910e-01
9.403235841183166244e-01
9.403510022581818006e-01
9.391785787556861109e-01
9.406198192381642897e-01
9.411246706395948181e-01
9.399403262067229647e-01
9.397710489953814417e-01
9.399093317877449394e-01
9.397948908561337689e-01
9.416551520413342091e-01
9.403724599328588951e-01
9.420467546041911833e-01
9.404690194689058202e-01
9.422416618158414581e-01
9.425200155401248781e-01
9.411544729655352270e-01
9.411628176167985416e-01
9.411973883148894160e-01
9.431500367105051241e-01
9.429610899640429311e-01
9.433735541550581916e-01
9.416527678552589764e-01
9.421892097221863382e-01
9.423513343753021632e-01
9.438456229979542700e-01
9.339643638091521538e-01
9.439958267206939313e-01
9.425522020521405198e-01
9.428788355444474023e-01
9.440452985817550102e-01
9.421498706519449984e-01
9.449340039412980063e-01
9.431780508968891086e-01
9.450907641757445576e-01
9.437019757869214986e-01
9.434176615974499969e-01
9.436489276467475706e-01
9.437246255546362095e-01
9.455825025537613060e-01
9.456677372059508757e-01
9.456331665078600013e-01
9.457517797651028291e-01
9.445632630065993185e-01
9.458817179062030123e-01
9.460772211643720953e-01
9.459663565118737738e-01
9.463329251209408044e-01
9.445203476572451295e-01
9.447235995201587189e-01
9.446747237056164481e-01
9.466172393104123062e-01
9.468407567549653736e-01
9.462041790728782376e-01
