9.101421725919451866e-01
9.337474028763059763e-01
9.531511012495876844e-01
9.588612268997701582e-01
9.470785793159698374e-01
9.243185429952791576e-01
9.074551948851579120e-01
9.043074732193319143e-01
9.174753329128423340e-01
9.364164991875290056e-01
9.492756067842968992e-01
9.444154434699348899e-01
9.312928833118537808e-01
9.173662563999004371e-01
9.127200737857906754e-01
9.193862580521414696e-01
9.290034686331115621e-01
9.323162951846474256e-01
9.264589460443194424e-01
9.146953719491209833e-01
9.110195530676309383e-01
9.177590510557950276e-01
9.327460447247081232e-01
9.383035824660757029e-01
9.290279065403826975e-01
9.119577302882350134e-01
9.010232569006987324e-01
9.293002997994780356e-01
9.263492734848587373e-01
9.462029869798406212e-01
9.502924621453836540e-01
9.308518088879357277e-01
9.063840992908596128e-01
8.966303940570824471e-01
9.059215671922644653e-01
9.269119413986136591e-01
9.450579816172101077e-01
9.417159487862526435e-01
9.219766762228818191e-01
9.044135694996797703e-01
9.005786061976678303e-01
9.162075419673373355e-01
9.342015903236378094e-01
9.404737878410562857e-01
9.350306910312999875e-01
9.212417508651913334e-01
9.110302819049694856e-01
9.129900828588107808e-01
9.206766987653611789e-01
9.255505711496556653e-01
9.306580937693230693e-01
9.298909818996169419e-01
9.291977797982430287e-01
9.295852100354683456e-01
9.229333308855689477e-01
9.141195910119522816e-01
9.128661051828986794e-01
9.231204894924747162e-01
9.401167559762901860e-01
9.509540737812607336e-01
9.384472296771084743e-01
9.157700438225321315e-01
9.034718159999628462e-01
9.124971523877564161e-01
9.362049026733521018e-01
9.517146291392599711e-01
9.463752444237761852e-01
9.249581009099603346e-01
9.146989482282338324e-01
9.237618355467123177e-01
9.373338147799747944e-01
9.340633075312743117e-01
9.191806220031526475e-01
9.126360312266387220e-01
9.324104705346191180e-01
9.562570996590971095e-01
9.558976836082557771e-01
9.154666561444587680e-01
8.771819921948900145e-01
8.933521382036373470e-01
9.544767087074170764e-01
9.981752631873206383e-01
9.744752615064694590e-01
8.994371771141501659e-01
8.522660556156701483e-01
8.873791560386605770e-01
9.694267474921640648e-01
1.009420872857674789e+00
9.653801876759753320e-01
8.941132896081553927e-01
8.705605114174498338e-01
9.130270377429768880e-01
9.647048669701655532e-01
9.627581790397380379e-01
9.257383258030802420e-01
9.131760493726789329e-01
9.453846151095169903e-01
9.715903963554377576e-01
9.366424008181573058e-01
8.709413851429682607e-01
8.631862238867549220e-01
9.431685141525881777e-01
1.031552676147541536e+00
1.018115403427529708e+00
9.087611328078666340e-01
8.146936672560771697e-01
8.402366447730833521e-01
9.651209074402937738e-01
1.057211286689196506e+00
1.017373325511613524e+00
8.968568917342295554e-01
8.210439468674596286e-01
8.601869178041121611e-01
9.544695561491913782e-01
1.008263946564668112e+00
9.820700862491233973e-01
9.232295660054166131e-01
8.958424205592180334e-01
9.069598802280283145e-01
9.229011443735533060e-01
9.237189201973581287e-01
9.281028423431924024e-01
9.570420929243675934e-01
9.809721685614787301e-01
9.531636182264826562e-01
8.907098639857606859e-01
8.569176026484492947e-01
8.887303934967987207e-01
9.720642533378902606e-01
1.031462673123201501e+00
9.918571700879538211e-01
8.865220411446143034e-01
8.273972067114361284e-01
8.661318857827050577e-01
9.616590692590557543e-01
1.031377438471011931e+00
1.009848238211660254e+00
9.201825762012691978e-01
8.517695488655029346e-01
8.586777280184898498e-01
9.286231909541119434e-01
9.955133194343231962e-01
1.006036520723881722e+00
9.538186733506528459e-01
8.918596377205416648e-01
8.650464850719553622e-01
8.971572991797088781e-01
9.621680929861179399e-01
1.001848697882735451e+00
9.766794415330221080e-01
9.164996047615533437e-01
8.701873862966759132e-01
8.729345647018629251e-01
9.296048795705890155e-01
9.984166620274379511e-01
1.019832613448216074e+00
9.607673836669187173e-01
8.627636269049199225e-01
8.199931168548008076e-01
8.797038650159675344e-01
9.943373196527146574e-01
1.070728429642728630e+00
1.034472708043182809e+00
8.921737542359535755e-01
7.600987863658411614e-01
7.725645032601956563e-01
9.274883183823011690e-01
1.102146637695627041e+00
1.150638002233267176e+00
1.026465419109513721e+00
8.055294520294012939e-01
6.723845806580281970e-01
7.523132267371686055e-01
9.750730961648340633e-01
1.175139686481915247e+00
1.206684852443319800e+00
1.019076826462367302e+00
7.491786180947563878e-01
6.226892021523955378e-01
7.264191778205845162e-01
9.702206814552165604e-01
1.193688654147226025e+00
1.244356184525035047e+00
1.068354376358315427e+00
7.846529227081444624e-01
6.056869752033919863e-01
6.568462439592175350e-01
8.913756479472694227e-01
1.158139843718986928e+00
1.284758601755929153e+00
1.173055907852161850e+00
8.932919375052377209e-01
6.358391804503417122e-01
5.761713476385292854e-01
7.597900342690985243e-01
1.050552254981071298e+00
1.256775409790922282e+00
1.255230457214171480e+00
1.043455725128141109e+00
7.637215571071573894e-01
6.167168160339374650e-01
6.987560628361776383e-01
9.217185880802378772e-01
1.111646427112391811e+00
1.163970966812487351e+00
1.067881711468900541e+00
8.917499651610809597e-01
7.583940933220497671e-01
7.767767640086130632e-01
9.063465483601746975e-01
1.013656379420325715e+00
1.024711254204661248e+00
9.771324368873163246e-01
9.243161588092039249e-01
9.067178853413921935e-01
9.525824728706446809e-01
1.030455354506415677e+00
1.051143533127729013e+00
9.585596273612532192e-01
7.856310350455087965e-01
6.571675130328551440e-01
6.727267113598240922e-01
8.470190581106016303e-01
1.081739196984672136e+00
1.261620671942314198e+00
1.292426144173877800e+00
1.157683868132098670e+00
9.127218619253470999e-01
6.593359302682793022e-01
5.442214660908539781e-01
6.605864358647389745e-01
9.320063509948671721e-01
1.173139950411313803e+00
1.267031582240054854e+00
1.202232384947822696e+00
1.016683103642833652e+00
7.810718752231449180e-01
5.917496194541000953e-01
5.364531918112268594e-01
6.646741228907254717e-01
9.459735090700994720e-01
1.238957195157670332e+00
1.402985024808052206e+00
1.391474174436828415e+00
1.236674933037153812e+00
9.912044991498588642e-01
7.209689284526024089e-01
5.204815292932426507e-01
4.662216265465767839e-01
5.665046651964981139e-01
7.652784306142843551e-01
9.764338703672731379e-01
1.135921017637374186e+00
1.208733464328463514e+00
1.224920299639737475e+00
1.212769295307313921e+00
1.166064878233060709e+00
1.066458948428505416e+00
9.300590670179208486e-01
8.071274527463260240e-01
7.390249656468589334e-01
7.168812414266159116e-01
7.027585152099746768e-01
6.747550576633283281e-01
6.602627826050261328e-01
7.202947998398303575e-01
8.915389646934228640e-01
1.144045727735248486e+00
1.374275848183136972e+00
1.491965829368332441e+00
1.458199198031329802e+00
1.289855395538258120e+00
1.022039177660843956e+00
7.374365016742350232e-01
5.088925968280549883e-01
3.695506298006331902e-01
3.297502195537351799e-01
3.639281229887155189e-01
4.474205312038101456e-01
5.703008854747874112e-01
7.417643954473013279e-01
9.487630067781217535e-01
1.163904209602380835e+00
1.367107196701430771e+00
1.539854590875457729e+00
1.681975326773563317e+00
1.796154593962978607e+00
1.885991917370786419e+00
1.959324116626276480e+00
2.017504217327144023e+00
2.066191085122953019e+00
2.110223425653389384e+00
2.148150461691673119e+00
2.186714671458562798e+00
2.225128081456194007e+00
2.260793717002119507e+00
2.301320111908926158e+00
2.340312879122838918e+00
2.371480151591319085e+00
2.401129889622913627e+00
2.424232652691919121e+00
2.440136365906758975e+00
2.446639829473475025e+00
2.450225049284106227e+00
2.442851357799930234e+00
2.429308584846089580e+00
2.407255459696705291e+00
2.373093053471214020e+00
2.327707687343083087e+00
2.273830446461492460e+00
2.207907701481306884e+00
2.132605568481155345e+00
2.049595361899776869e+00
1.962256069452294138e+00
1.872521266045721333e+00
1.781785104487550786e+00
1.691177688977442806e+00
1.606157017488124117e+00
1.523102107417834583e+00
1.443679504833162319e+00
1.367274685773216092e+00
1.297242200045847893e+00
1.232473997172593760e+00
1.174395224379923830e+00
1.122994556783980968e+00
1.077249774605008925e+00
1.037873153432983475e+00
1.003410339762012882e+00
9.720702138030783424e-01
9.422696760022254425e-01
9.175307652390914948e-01
8.948047035699729923e-01
8.715249146848815798e-01
8.517373623534872928e-01
8.350599807572341993e-01
8.213801171040674420e-01
8.102394116210236419e-01
8.010740043013101497e-01
7.975120303049123560e-01
7.949502223670747991e-01
7.938838951449269654e-01
7.959450240069656513e-01
7.985545156663078625e-01
8.032567266531857042e-01
8.092869292839681705e-01
8.161313314594424995e-01
8.249486476121721257e-01
8.315015830399492547e-01
8.399749803513265611e-01
8.504105628026202846e-01
8.561194963597651419e-01
8.671105941665880890e-01
8.758957238073019624e-01
8.834494213401581364e-01
8.950329893866765252e-01
9.018404366779847470e-01
9.118468656357366919e-01
9.182245633869843271e-01
9.254754692882858347e-01
9.337402503180802782e-01
9.405023980739590783e-01
9.467298921024670522e-01
9.521914663543065149e-01
9.578789422367742779e-01
9.623129322901883276e-01
9.658731181470296967e-01
9.686876498088419218e-01
9.702069723852839722e-01
9.716583456585818901e-01
9.714521135630742599e-01
9.697164261003048402e-01
9.701533281985912360e-01
9.678245744496076775e-01
9.646840053420072669e-01
9.616054250723630181e-01
9.572226950195664719e-01
9.522331896106230875e-01
9.476191935085288565e-01
9.416766097160113036e-01
9.361673517426671864e-01
9.300620472505148895e-01
9.223503973901745479e-01
9.179032943133466071e-01
9.114260567934581170e-01
9.051604157877464196e-01
8.991278289708887206e-01
8.930672279676470371e-01
8.885468111690058013e-01
8.823008396984147739e-01
8.776653859216434483e-01
8.732236472634848923e-01
8.683867297633564020e-01
8.648974734422533173e-01
8.601702285015855320e-01
8.590144943016164714e-01
8.565349407833744433e-01
8.543325488963781078e-01
8.524299684083423978e-01
8.511401237416414967e-01
8.512843669991930762e-01
8.483059225447086016e-01
8.478022632363156896e-01
8.471257504374682945e-01
8.466268595012258480e-01
8.462382371709629147e-01
8.460862453086668289e-01
8.467860039217476320e-01
8.466149385708496844e-01
8.464075143823044378e-01
8.461756522864880559e-01
8.460624034479145017e-01
8.460093553077405737e-01
8.464844043832306930e-01
8.464098985683796705e-01
8.462579067060835847e-01
8.466989811300016378e-01
8.467210348511975404e-01
8.471787985776422225e-01
8.476216611411167001e-01
8.481616792871570221e-01
8.490271388324664992e-01
8.514995397924828291e-01
8.499027311685957153e-01
8.512497963011022017e-01
8.547551458782131073e-01
8.569372721835699647e-01
8.589262794168328607e-01
8.615727259603411792e-01
8.661926825276234920e-01
8.674586853335720660e-01
8.703995788573716252e-01
8.737749902933824586e-01
8.766383977697369545e-01
8.802116966499921036e-01
8.832145790117477135e-01
8.851719957795137761e-01
8.858032090429316385e-01
8.891178237340240376e-01
8.889962302441871689e-01
8.903182614229037117e-01
8.921403756309003175e-01
8.912343849223118841e-01
8.940638177470943138e-01
8.923489919124831804e-01
8.910657037574891692e-01
8.891148435014299967e-01
8.869976862666233419e-01
8.845294576322385582e-01
8.814073659667213123e-01
8.783395145344154997e-01
8.765030952099674977e-01
8.713335837523441540e-01
8.657361108942164263e-01
8.629686669073899363e-01
8.584697077834257950e-01
8.536822621443583836e-01
8.471394595074008826e-01
8.439434580735514224e-01
8.391464756901830802e-01
8.343226712134684808e-01
8.294237648753839398e-01
8.249194413327505249e-01
8.203876996502518226e-01
8.171714326347628843e-01
8.113087190757655165e-01
8.057011134268180497e-01
8.033354047936683839e-01
7.996548175400277625e-01
7.967353816909052977e-01
7.937742225854662603e-01
7.914144744175045654e-01
7.886893497335135672e-01
7.869775041314964747e-01
7.851464492257176353e-01
7.838905792105888004e-01
7.846004706144893426e-01
7.823039033775214257e-01
7.821095922123899591e-01
7.801938987009404691e-01
7.814593054603702349e-01
7.802487349806708217e-01
7.822115161671061578e-01
7.826227882650838019e-01
7.829667071064361217e-01
7.832826117614044570e-01
7.847900134074703438e-01
7.855559331841389659e-01
7.867307408727098883e-01
7.877511725129094922e-01
7.884485469399150626e-01
7.894445406728435310e-01
7.905496109187138964e-01
7.900274741682379309e-01
7.925749769896240915e-01
7.937468044456010841e-01
7.949561828322628809e-01
7.956762070269831622e-01
7.969350572747060379e-01
7.976914403070736181e-01
7.983363626404240687e-01
7.988233326462903516e-01
7.998920440545134181e-01
7.994664668400843777e-01
7.993293761407584963e-01
7.992197035812977912e-01
7.984394786881778838e-01
7.978642937975279903e-01
7.962901349413555874e-01
7.932419530441705557e-01
7.925868979200002551e-01
7.888794885730133766e-01
7.876271948369973908e-01
