7.981211898471343158e-01
8.398694801174975133e-01
8.700240695505224719e-01
8.960105056775219401e-01
9.083707223380472762e-01
9.161562819667198321e-01
9.132869140251772544e-01
9.016210915590633368e-01
8.808816529371324977e-01
8.511615814163185911e-01
8.131671921214094212e-01
7.671374997064470680e-01
7.137943165057082373e-01
6.627292230998543809e-01
5.994064330347100844e-01
5.451268607529236032e-01
5.044973497983634703e-01
4.782486532030884030e-01
4.812664367278142730e-01
5.129463092024695303e-01
5.837512712182130192e-01
6.877905950296634430e-01
8.220506694377266443e-01
9.738571612664653765e-01
1.127564445443683283e+00
1.264497192442082474e+00
1.353627008632064976e+00
1.379778549644774088e+00
1.332089463721449762e+00
1.212978507635415593e+00
1.036178593180011820e+00
8.352399868059142696e-01
6.529367748423546836e-01
5.297291910325516717e-01
4.972094890128956890e-01
5.750805825091103163e-01
7.470239099292648177e-01
9.747232168582936618e-01
1.201748395174550454e+00
1.360725922671070398e+00
1.394617723777022755e+00
1.283022914293159733e+00
1.051728254762679837e+00
7.777244779735181801e-01
5.622316077031621617e-01
4.854858500344574335e-01
5.785966609235597691e-01
7.962770219179418074e-01
1.050520664515574465e+00
1.252666265090258690e+00
1.321315326847473104e+00
1.237737683980188796e+00
1.035246376424595827e+00
8.027322057166345060e-01
6.497121631756023197e-01
6.517428936651817883e-01
7.896316992797492995e-01
9.688980542299812093e-01
1.086834202627444679e+00
1.105007064939387496e+00
1.030243161945719965e+00
9.222043659930665438e-01
8.626807764388055855e-01
8.869905337083976438e-01
9.609438134364859385e-01
1.000229835537652434e+00
9.507555902904976097e-01
8.526654067832716288e-01
7.978809831000546193e-01
8.516253056079513550e-01
9.963412280489478690e-01
1.144551771229716630e+00
1.154051560646481622e+00
9.710396493720589994e-01
7.097966325040617752e-01
6.148696678721509157e-01
7.964677568039604250e-01
1.095056068307884711e+00
1.277536306087530438e+00
1.202358746809810031e+00
8.959807033515815311e-01
5.641550498193561580e-01
5.712384666488726781e-01
9.597606610966517016e-01
1.276862773521277195e+00
1.261196286820922774e+00
9.852929097763192257e-01
6.682784161899586461e-01
5.958098883402214163e-01
8.859438760213703690e-01
1.191685341797511732e+00
1.136744157879848283e+00
8.990563033886317390e-01
7.636160568733283416e-01
8.456111962331767096e-01
1.000566005774260248e+00
1.007661939580671628e+00
9.000671982845304120e-01
8.677453837091188005e-01
9.716803993797777927e-01
1.046076541671340676e+00
9.370083733807055282e-01
7.952488416729976972e-01
8.538205449367218813e-01
1.038112764133544363e+00
1.080641279297027468e+00
9.178889891968952108e-01
7.855183822534540505e-01
8.730668870290383410e-01
1.057914025534871350e+00
1.028056863314731562e+00
8.583242724328365991e-01
8.428866675957045196e-01
9.685499630629972323e-01
1.009868503793299732e+00
9.104151618975594440e-01
8.634705380762265348e-01
9.558762259335786826e-01
9.999258518130602624e-01
8.981479284939680729e-01
8.623875215515519610e-01
9.912229765919419178e-01
1.026619795157885040e+00
8.817924120178713965e-01
8.250380545899933526e-01
9.818400122928634399e-01
1.051451689177952842e+00
9.072412141849057754e-01
8.210338140766398896e-01
9.505284965668316932e-01
1.021616580679008957e+00
9.219891931997767909e-01
8.776546570843049011e-01
9.425319364705010416e-01
9.517182054183728201e-01
9.211392308639563264e-01
9.596098613273932321e-01
9.510297716891493724e-01
8.724446144634026012e-01
9.141291277562532125e-01
1.029282931003919987e+00
9.421570232101706965e-01
8.227486399112510229e-01
9.378601238560824171e-01
1.060657031614426593e+00
9.091414104868662527e-01
8.193833612660600396e-01
9.810192562364645763e-01
1.024548533505026615e+00
8.693564974494573105e-01
8.917982449291044222e-01
1.009292722856131030e+00
9.390277789864276414e-01
8.678908190597079964e-01
9.786106322539606106e-01
9.953786129210725475e-01
8.649076062330730563e-01
9.018070580729314889e-01
1.024688008390427729e+00
9.502471626099542323e-01
8.559192247294455935e-01
9.434802464819248558e-01
1.011426569393464314e+00
9.170497556984132936e-01
8.906842339854519341e-01
9.673924407234717471e-01
9.668083151350397308e-01
9.114647998171806487e-01
9.331543365900917264e-01
9.693373405143428378e-01
9.291268502625048553e-01
9.189660452563817028e-01
9.600884866819962005e-01
9.548307603395891352e-01
9.055150634664372866e-01
9.242756276459249687e-01
9.823424795082187355e-01
9.490258632929161609e-01
8.975900289523636166e-01
9.317941584341714600e-01
9.806342101853144921e-01
9.407890964495058128e-01
9.124309912241687082e-01
9.494538246934205450e-01
9.590603064370520903e-01
9.139038221721437205e-01
9.251619488193927321e-01
9.748924940696351849e-01
9.507812202908063615e-01
8.983458159382123887e-01
9.254045397525476613e-01
9.865219576981016925e-01
9.656782109353794219e-01
9.074104913962472985e-01
9.103484046874529279e-01
9.589166592260193189e-01
9.688950739973871684e-01
9.440715246285825701e-01
9.270049246555477351e-01
9.255708367312951435e-01
9.244717269506128599e-01
9.419275453004295473e-01
9.633834318379678185e-01
9.605236006407261717e-01
9.267849834901075168e-01
9.089590202521109497e-01
9.262145669716080887e-01
9.577704617703511891e-01
9.636802630043342921e-01
9.417684008799077633e-01
9.187115333928506100e-01
9.214163924952021301e-01
9.346992891668426395e-01
9.491504370153470704e-01
9.511310995973467630e-01
9.484047828203180375e-01
9.408898283111843952e-01
9.313435472659524761e-01
9.243274836930612803e-01
9.241331725279298137e-01
9.313286461029822716e-01
9.437729053226596720e-01
9.536547605579805964e-01
9.501649081903587035e-01
9.368164464016492943e-01
9.236962704296434179e-01
9.195120238676099955e-01
9.258617074324736462e-01
9.375853464109118462e-01
9.452779227826503261e-01
9.446347885888563001e-01
9.423733880964980658e-01
9.357346219700124479e-01
9.316373981997249087e-01
9.298254167825480421e-01
9.277136239664106609e-01
9.265751751154870375e-01
9.266043813949086383e-01
9.261948974364874188e-01
9.305472291168247478e-01
9.352404994059204668e-01
9.399027752760380494e-01
9.440095357906265194e-01
9.458388025568488233e-01
9.428657225210336223e-01
9.394384550378864773e-01
9.360296649968224969e-01
9.295309698022568012e-01
9.252984434721998053e-01
9.224058297164237086e-01
9.188885592089366394e-01
9.188194178127548906e-01
9.209747220247652688e-01
9.206463003929019617e-01
9.243072181114218022e-01
9.270472439583831159e-01
9.279121074571737848e-01
9.315235533146325464e-01
9.317780651781636392e-01
9.350783747528046419e-01
9.359879417405059243e-01
9.369982405898857891e-01
9.371758624524906267e-01
9.359956903452504307e-01
9.356803817368009035e-01
9.356958789462899162e-01
9.366578980276463184e-01
9.361905975569007055e-01
9.332455317074693779e-01
9.320331730882135401e-01
9.299261486442266245e-01
9.213061238892226168e-01
9.265143783705686031e-01
9.238256125242247929e-01
9.208406115580334284e-01
9.182728431550077897e-01
9.162325759211272791e-01
9.145642417149831838e-01
9.152961868400796286e-01
9.155608314944304604e-01
9.190179013035180144e-01
9.253616244031934723e-01
9.306509412110973711e-01
9.357304496443807906e-01
9.385050461894328677e-01
9.421695401870656683e-01
9.412450720363940704e-01
9.380967543240492645e-01
9.315038837795118765e-01
9.267074974426624534e-01
9.214479829606989636e-01
9.203059578306624910e-01
9.188641213016655040e-01
9.211451913291444082e-01
9.253288418446590224e-01
9.316147484320101979e-01
9.337199847364408001e-01
9.370000287294422137e-01
9.365494175612232297e-01
9.343386810229636907e-01
9.309376395866441056e-01
9.269244583755086309e-01
9.240908532250944329e-01
9.217024948242300564e-01
9.233845381003067398e-01
9.308154500502884288e-01
9.369678422174265719e-01
9.421445062332757248e-01
9.380729124632969373e-01
9.309316791214560238e-01
9.204889441119366023e-01
9.140921728720871053e-01
9.175218245413093721e-01
9.331573168226857673e-01
9.480781493280111549e-01
9.484482942161910346e-01
9.340460221822288744e-01
9.159685273132952554e-01
9.117377891227947950e-01
9.231467155393022761e-01
9.384066985138295180e-01
9.426499536812250613e-01
9.383500740945427410e-01
9.287245188623093339e-01
9.204573536464397687e-01
9.185660980422614141e-01
9.261376769706818335e-01
9.438056878811941219e-01
9.514636935548417274e-01
9.367514773310992027e-01
9.098161351461571122e-01
9.073574432560733705e-01
9.411783148262875542e-01
9.653873402342010301e-01
9.404249120265140149e-01
9.010763050408726604e-01
8.991880296692883467e-01
9.406561780758115887e-01
9.586144636409835718e-01
9.462673600038719046e-01
9.243483453212195666e-01
9.102315795697665246e-01
9.135360614700390736e-01
9.413255383164331747e-01
9.672601183962963312e-01
9.352738780109737249e-01
8.863599164914984785e-01
9.165645738321034353e-01
9.807158685583912128e-01
9.515995921611299924e-01
8.919794430708221089e-01
9.206910038818125752e-01
9.652836281399284069e-01
9.341288726483432114e-01
9.084470162924547232e-01
9.469885762916298022e-01
9.423149755376548642e-01
9.088618646695452163e-01
9.443397455620462511e-01
9.551097101103913634e-01
9.025157573837945257e-01
9.100932967774029159e-01
9.820814111329807528e-01
9.351910275448593879e-01
8.771504017293931810e-01
9.449626141742007990e-01
9.766025515320958528e-01
9.080458769852968182e-01
9.119398488926707680e-01
9.662426669886907682e-01
9.319986023901226657e-01
9.171218773271890834e-01
9.632499174177547863e-01
9.182120464100893553e-01
9.067417272021445207e-01
1.004788995360016202e+00
9.283847723465886714e-01
8.431334308544911060e-01
1.008978010294200311e+00
1.027172330280820223e+00
7.938588611911370219e-01
9.174634119824661704e-01
1.101314556755370599e+00
8.531589333008448017e-01
8.350850147110241428e-01
1.084469686087332407e+00
9.046347027581576050e-01
8.368654056627041760e-01
1.083177457234556273e+00
8.812583543370192674e-01
8.068723448362761230e-01
1.159423131873980939e+00
8.989126561775989677e-01
6.869018896701204469e-01
1.175941369049712248e+00
1.059312350667995339e+00
5.842900972712156138e-01
1.041426782778118065e+00
1.233156470436629126e+00
6.623638465838249667e-01
8.242202787661885299e-01
1.254283935342304090e+00
8.886874781474445317e-01
6.861365659399707440e-01
1.109565032668713647e+00
1.082260141642110485e+00
7.357407493282257516e-01
8.891434537343327893e-01
1.148963707561934999e+00
9.155655998665809259e-01
7.474339899342048454e-01
1.033867720826592507e+00
1.106867326124587825e+00
7.762409181882045095e-01
8.357811970449920969e-01
1.130598322224416918e+00
9.704060519225659043e-01
7.489640413479854431e-01
9.794415211011792133e-01
1.068012841703038340e+00
8.684165320892968110e-01
8.657897550809091625e-01
1.028554562157936392e+00
9.014494301616465810e-01
8.592111896528231707e-01
1.033436183146975385e+00
1.027577641913609785e+00
7.693023406627583771e-01
8.435637764410706119e-01
1.131276027116301819e+00
1.052779680821857466e+00
7.482607064557917909e-01
7.879669413527180533e-01
1.089543234055427856e+00
1.095343958776469062e+00
8.495874225601461882e-01
7.745612590982030587e-01
9.591753434151820690e-01
1.067936547748630893e+00
9.652317720927920952e-01
8.352662128527418295e-01
8.978212950016611904e-01
9.890104519141259543e-01
9.739531247559934934e-01
9.132845298391020217e-01
9.063107855690462067e-01
9.631926969519492010e-01
9.720833268264921223e-01
9.000213027025821821e-01
8.631170824905731731e-01
9.362531824413755643e-01
1.018649461108381837e+00
1.008471370753213359e+00
9.446151190537356301e-01
8.648021059992440085e-01
8.517135204927349657e-01
9.299690639935808134e-01
9.913767565937944282e-01
9.723610845042567341e-01
9.359742326705733362e-01
9.217889215694572425e-01
9.262586744139998940e-01
9.666277130398408524e-01
1.006976486084042222e+00
9.727807012534978037e-01
8.516813339807193239e-01
7.454890901433336436e-01
7.616723491754947561e-01
8.890486823378422887e-01
1.056712991799472867e+00
1.195518516959967359e+00
1.253323108353985305e+00
1.197692894660579599e+00
1.035416845728974966e+00
8.249683171472927956e-01
6.364596648764210274e-01
5.304772294136559374e-01
5.308610833717684052e-01
6.281680617532803268e-01
7.968605514598550155e-01
9.960372443243555862e-01
1.184655569154688060e+00
1.326680937609784339e+00
1.400703954780573302e+00
1.394888328896561669e+00
1.344877045735960674e+00
1.246066838034014523e+00
1.131150857347352101e+00
1.011307956136221486e+00
9.032977704164708577e-01
8.089620839312177125e-01
7.326222339418213547e-01
6.728709546173756717e-01
6.309372938796632413e-01
6.042999749541252408e-01
5.880588994096397348e-01
5.789924358120484005e-01
5.789238904623854598e-01
5.805862642033414733e-01
5.859065754302233975e-01
5.903566587396453791e-01
5.973369595214079730e-01
6.052912003149032438e-01
6.165910502184689390e-01
6.277496370970769846e-01
6.454504305661238339e-01
6.654132205740476147e-01
6.940776937100522348e-01
7.306987918256273584e-01
7.778466675098738570e-01
8.326287070070156338e-01
8.947075479874072590e-01
