9.496803223705676533e-01
9.484214721228446665e-01
9.489918886413440946e-01
9.466053183800361426e-01
9.438342981140969146e-01
9.443987541674082609e-01
9.402031827215173720e-01
9.397805857396823725e-01
9.404934573761769556e-01
9.348566454478079990e-01
9.342862289293085709e-01
9.290225421217134238e-01
9.297771370145245795e-01
9.265239151148695340e-01
9.232373146101611194e-01
9.200085306177772093e-01
9.194255971223828094e-01
9.146822589257072034e-01
9.134114877476081640e-01
9.118391170309921856e-01
9.051353818339564761e-01
9.016520859780413621e-01
8.975578424403479749e-01
8.954645270662936474e-01
8.945430391482162014e-01
8.904130328193942123e-01
8.877290353452009786e-01
8.854312760151953343e-01
8.817912199248337801e-01
8.788688038431171634e-01
8.733339158694644055e-01
8.720238056211240263e-01
8.720583763192149007e-01
8.679110846413474745e-01
8.668709834660272007e-01
8.640981750605315481e-01
8.624507024825456281e-01
8.630240992336390971e-01
8.549864119275106811e-01
8.568806477642831876e-01
8.592636417464782905e-01
8.517236532835547047e-01
8.529622379496381024e-01
8.523685756169051553e-01
8.501369774504873300e-01
8.482165155668873746e-01
8.469236906675923215e-01
8.480388937042825370e-01
8.483923492899357877e-01
8.467037495021521032e-01
8.467889841543416729e-01
8.440334610978914576e-01
8.463419492652355380e-01
8.479071674236259293e-01
8.477808055616385952e-01
8.493162213940884664e-01
9.687770567866631488e-01
8.549232309965170140e-01
8.599729371038600245e-01
8.576543161456962050e-01
8.597047161703963436e-01
8.646501141369479226e-01
8.639789657567699122e-01
8.668703874195083925e-01
8.704740846722226477e-01
8.712358321232596126e-01
8.758021445038490782e-01
8.803869343265217084e-01
8.790273522171202503e-01
8.808250285178457206e-01
8.834595541309778755e-01
8.861065967210050021e-01
8.888537751261920139e-01
8.883465395386862529e-01
8.908547032898310736e-01
8.914894928323617851e-01
8.914322723665561998e-01
8.953423375299379705e-01
8.942593210052633967e-01
8.957202310228623565e-01
9.015245320230164117e-01
8.951116675271592049e-01
8.964450235897331032e-01
8.984107850087624803e-01
8.994043945556157160e-01
8.998383164213080709e-01
8.993543266480358289e-01
8.989132522241177758e-01
9.037746076315174015e-01
9.000964045639520128e-01
9.014786364410681818e-01
9.018714310969627723e-01
9.010244489937363488e-01
9.052164441605143885e-01
9.021021010997415379e-01
9.034747962325568871e-01
9.053100234639672728e-01
9.049064999707341350e-01
9.054810888148652204e-01
9.053660518367352417e-01
9.073383697674715087e-01
9.119511737765281234e-01
9.065480120835318623e-01
9.097422253778248979e-01
9.129215375091478402e-01
9.118772640081959091e-01
9.162152905720818419e-01
9.149302142775314062e-01
9.189177654883582402e-01
9.228773025128009788e-01
9.228725341406505134e-01
9.228957799548840324e-01
9.245891481148180713e-01
9.270645293074285531e-01
9.316123642459349652e-01
9.307743228404906644e-01
9.341717879976974004e-01
9.376854822260716205e-01
9.364260359318299365e-01
9.389550613111330435e-01
9.385551140970127548e-01
9.408135343567769482e-01
9.467775758239717065e-01
9.419984748361677207e-01
9.448898964989062010e-01
9.451211625482037748e-01
9.450460606868339442e-01
9.467465814049936812e-01
9.462155039567355930e-01
9.454179937145702484e-01
9.480185446761303369e-01
9.448839360337181192e-01
9.460790093039285198e-01
9.500236451654011649e-01
9.454501802265858901e-01
9.463269646557527226e-01
9.486920772423835801e-01
9.464867051227933148e-01
9.467471774515124894e-01
9.469695028030279405e-01
9.470082458267504721e-01
9.495187937639706366e-01
9.555120415105868847e-01
9.514046849494797176e-01
9.472007688523255142e-01
9.500755012125374765e-01
9.540749733537403632e-01
9.510261954100365234e-01
9.519536437933020512e-01
9.510697068059095205e-01
9.536589328836122537e-01
9.531713668312271626e-01
9.535063449747973596e-01
9.565354533833805295e-01
9.583241889863239882e-01
9.580094764243932692e-01
9.601266336591999240e-01
9.606243325024047541e-01
9.614748908847440267e-01
9.648461299951232029e-01
9.629614309026516272e-01
9.663225372222110643e-01
9.689993821381785999e-01
9.692860805137253344e-01
9.686483107386005820e-01
9.702826702931726111e-01
9.716041054253703457e-01
9.777618620111777625e-01
9.727252689272486430e-01
9.770340892117129750e-01
9.781486962018842712e-01
9.795821880796179437e-01
9.791798566794224223e-01
9.796382164523859126e-01
9.818358399672317827e-01
9.852410537291829140e-01
9.831405857969028883e-01
9.865505679310044851e-01
9.887499795854067797e-01
9.871644958453769103e-01
9.898622023895028432e-01
9.894694077336082527e-01
9.902335393707203393e-01
9.931285373125716687e-01
9.917957772965165786e-01
9.920735349742811904e-01
9.931619159176249267e-01
9.944446080261001297e-01
9.990299938952915682e-01
9.942705624426081412e-01
9.948689931474915538e-01
9.968031641010242083e-01
9.962464566524573684e-01
9.969617124750271842e-01
9.966887231694130378e-01
9.998191594861935982e-01
1.003154635805444173e+00
1.000816345312159683e+00
1.001662135322348490e+00
1.001321792760109020e+00
1.001953006023526882e+00
1.006704688871465692e+00
1.002994299291884772e+00
1.006054998165964776e+00
1.009321929135552631e+00
1.006199241423516355e+00
1.008300901448834219e+00
1.006147981422898852e+00
1.008821846106272568e+00
1.014456273848566292e+00
1.007438422136118561e+00
1.010724426594308278e+00
1.010913373340770471e+00
1.010680319151916473e+00
1.012050034052137670e+00
1.010200501704275888e+00
1.011422397067832657e+00
1.014114143146770397e+00
1.010813237525610697e+00
1.012894035922770053e+00
1.013442398720073578e+00
1.013907315004743959e+00
1.013714791979168917e+00
1.013290406857777493e+00
1.012762905688632253e+00
1.015890361772818773e+00
1.014565350361508189e+00
1.013829232910780087e+00
1.015112521065774098e+00
1.015354515952410219e+00
1.020317199268007125e+00
1.012731911269654228e+00
1.016090633403138321e+00
1.017360808534718553e+00
1.015247823625543555e+00
1.016771318527617263e+00
1.016251565963216530e+00
1.016073348054092884e+00
1.020699861133081976e+00
1.017363788767312593e+00
1.018616678549847387e+00
1.022735359994811910e+00
1.018518926920762846e+00
1.019317629255965807e+00
1.018970134135500638e+00
1.021414520909132984e+00
1.023112657441217488e+00
1.021629097655903928e+00
1.023850563031502237e+00
1.023448231631306715e+00
1.024649265366705198e+00
1.031413797308659230e+00
1.025780561659403123e+00
1.027478102144968819e+00
1.030879739627807101e+00
1.030744437068037644e+00
1.030041698222362800e+00
1.030063751943558703e+00
1.032114748014777650e+00
1.034439329438129551e+00
1.031911496151864061e+00
1.034822587349723211e+00
1.037762288780485154e+00
1.035194520377459515e+00
1.035233263401182047e+00
1.033405188727997359e+00
1.035102133167044247e+00
1.036342505972684069e+00
1.032269720109667777e+00
1.034339789669488585e+00
1.034499530136529177e+00
1.031552676147541536e+00
1.034019712688888593e+00
1.029587510775030967e+00
1.029613736821858527e+00
1.028853777510378098e+00
1.026917222370770322e+00
1.027407172609230646e+00
1.025339487235485070e+00
1.024097326290288823e+00
1.025366309328831438e+00
1.020950796717500220e+00
1.022059443242483434e+00
1.022388460920865549e+00
1.019571545072978092e+00
1.020127656475026123e+00
1.017537834350804582e+00
1.019187095068346816e+00
1.019723536935274177e+00
1.018632771805855208e+00
1.016833307365573313e+00
1.016810657597858603e+00
1.016289712940420253e+00
1.016799928760520055e+00
1.016299249684721184e+00
1.016631247595697340e+00
1.019765260191590750e+00
1.019114973439571026e+00
1.017575385281489497e+00
1.017058016903163997e+00
1.020273091825615319e+00
1.021474721607532610e+00
1.018895628320649616e+00
1.020268323453464854e+00
1.023777845356207639e+00
1.023134115115894582e+00
1.024004343033354747e+00
1.023096564185209667e+00
1.024770858856542066e+00
1.028520587506364325e+00
1.026149514454545386e+00
1.027976397034692457e+00
1.032055739409415640e+00
1.030784968231316601e+00
1.033786062453515786e+00
1.031985405920196275e+00
1.034898881304130658e+00
1.039904479969081974e+00
1.038156275529417361e+00
1.039105777633879013e+00
1.040632252768546762e+00
1.043480163035412245e+00
1.044731860724909422e+00
1.044795041655903090e+00
1.047095185171983855e+00
1.049218302871978592e+00
1.047477847037058707e+00
1.048350459140593882e+00
1.051513081969390084e+00
1.049809581018636306e+00
1.053152805942631387e+00
1.050052171951791236e+00
1.051867729648080951e+00
1.053500897109615364e+00
1.050430065444715622e+00
1.052070385464475732e+00
1.048433309606708219e+00
1.048681861005051230e+00
1.051666265924723787e+00
1.051494008480788223e+00
1.047221547033971190e+00
1.047241216569091860e+00
1.047340160291214017e+00
1.050721532192412822e+00
1.046817427494219244e+00
1.045553808874345902e+00
1.048821931936971152e+00
1.045978193995737326e+00
1.044132833973507202e+00
1.044293766533585410e+00
1.045947795623278109e+00
1.045884614692284442e+00
1.041238432078174680e+00
1.043343668382605172e+00
1.044451718861069578e+00
1.044958358402056531e+00
1.044153695601665488e+00
1.041913156737465540e+00
1.043892627226427505e+00
1.046896105634701923e+00
1.045222407009888554e+00
1.048152571696349566e+00
1.046352511209548863e+00
1.046998625635936930e+00
1.050318604745698492e+00
1.047520166339894088e+00
1.049521094503533147e+00
1.053198105478060809e+00
1.051550036853556191e+00
1.054292446886592627e+00
1.054786569450684830e+00
1.056934125057950702e+00
1.057803756928891836e+00
1.059376127645507815e+00
1.062011845351677586e+00
1.064253576308915150e+00
1.065189369343443992e+00
1.067759521932544864e+00
1.066452391916798526e+00
1.071004995227455625e+00
1.073882111773742709e+00
1.072007545472090984e+00
1.075376996442913624e+00
1.077284941349618608e+00
1.079989204405451320e+00
1.081660518844189456e+00
1.081880460009629674e+00
1.082720289554630400e+00
1.086607704950297570e+00
1.086448560529775786e+00
1.088512073577889705e+00
1.089941393129991720e+00
1.090540419881393941e+00
1.091071497329652029e+00
1.090083252201468067e+00
1.092366706415022204e+00
1.094215046669846370e+00
1.094195377134725700e+00
1.097241770892354307e+00
1.099006664634545327e+00
1.097751390665935300e+00
1.098312270440133798e+00
1.098297965323682401e+00
1.098907720912423169e+00
1.102944147937792385e+00
1.100293529068652187e+00
1.102218163277884022e+00
1.102978122589364451e+00
1.103401911664237067e+00
1.105550659364540556e+00
1.102969181891582329e+00
1.104843152146715246e+00
1.109311712898220170e+00
1.106635464028771443e+00
1.108919514288844388e+00
1.109461916620959832e+00
1.109529269877585156e+00
1.114431752494782435e+00
1.111354960364694611e+00
1.114334596912216702e+00
1.119653119999542312e+00
1.115978493211089662e+00
1.118662490685283117e+00
1.119302644646483103e+00
1.121808424211552691e+00
1.123786106560958231e+00
1.121898427235892726e+00
1.124157443542175727e+00
1.127619281723413636e+00
1.126446262174399138e+00
1.127520338001291478e+00
1.127666965444918290e+00
1.128031745914428896e+00
1.131607428980759167e+00
1.130378381058976700e+00
1.130352155012149140e+00
1.133280531559053950e+00
1.131781474564251155e+00
1.132660047132974412e+00
1.130174533149544303e+00
1.130910054553753596e+00
1.136631505087793537e+00
1.130737201063299224e+00
1.131147877114758060e+00
1.129768625470235932e+00
1.131082311997689160e+00
1.131476894793140175e+00
1.129857436401538351e+00
1.130839721064534231e+00
1.130409375477954725e+00
1.128644481735763705e+00
1.128437653593737267e+00
1.128273740801065017e+00
1.126226321008958919e+00
1.128595605921221434e+00
1.126200094962131359e+00
1.125541463558848321e+00
1.128131881729588670e+00
1.125853195888184999e+00
1.127784386609123501e+00
1.124720707502449457e+00
1.125728622165754089e+00
1.131450072699793807e+00
1.125354304951942552e+00
1.128790513132871709e+00
1.129064694531523472e+00
1.129050985461590884e+00
1.130262748034327913e+00
1.130338445942216552e+00
1.132217184569499935e+00
1.137993471383270228e+00
1.134522692504250196e+00
1.136539713923897077e+00
1.137848632079199840e+00
1.139075891861425882e+00
1.140576736995784879e+00
1.141621606543255618e+00
1.145555513567389605e+00
1.148011821271398114e+00
1.147494452893072614e+00
1.149402397799777820e+00
1.152957815284468612e+00
1.154505748093813455e+00
1.159967322345652807e+00
1.155598301362788849e+00
1.160435218862917228e+00
1.162327070513614391e+00
1.162906427729895942e+00
1.166726489868937788e+00
1.167973419186284501e+00
1.169275780829880373e+00
1.175395986485002764e+00
1.175356051368242616e+00
1.177516719998922268e+00
1.178655168849845891e+00
1.182087800751662421e+00
1.186421058943397888e+00
1.186038993124841845e+00
1.187873028263214614e+00
1.192641996460198861e+00
1.193481229958680778e+00
1.197099232327846652e+00
1.199328446308189244e+00
1.202348017972471483e+00
1.208748365491433718e+00
1.205798531269852036e+00
1.209386135266558471e+00
1.212639953212732546e+00
1.214916850914579793e+00
1.218676712355221792e+00
1.219300773060413956e+00
1.222957518453302139e+00
