9.282154951352471484e-01
9.265859039528255847e-01
9.268296869790181303e-01
9.268582972119209229e-01
9.271128090754520157e-01
9.269918116321339552e-01
9.288216744448750672e-01
9.257615716173137610e-01
9.274179848930818038e-01
9.273583802412009858e-01
9.271443995409488492e-01
9.270687016330602104e-01
9.273458632643060140e-01
9.274483832655410209e-01
9.257961423154047464e-01
9.272004279137168181e-01
9.274954709405268671e-01
9.288860474689063507e-01
9.275288495455801252e-01
9.273369225665238913e-01
9.270239981441495969e-01
9.255458027775051999e-01
9.254814297534739165e-01
9.256703764999361095e-01
9.270937355868501539e-01
9.266168983718036101e-01
9.267802151179570513e-01
9.267820032575134759e-01
9.174365898891198023e-01
9.245551734632460050e-01
9.247494846283774717e-01
9.244228511360705891e-01
9.259552867359265305e-01
9.254259974272247558e-01
9.237600474071558931e-01
9.237493185698173459e-01
9.234709648455339259e-01
9.232826141455905411e-01
9.228284266982587081e-01
9.228480962333793780e-01
9.220505859912140334e-01
9.218044187789462551e-01
9.218515064539321013e-01
9.227986243723182991e-01
9.210230017927887314e-01
9.207243824868658333e-01
9.215600397062349014e-01
9.211916829576114463e-01
9.209133292333280263e-01
9.204847717863049450e-01
9.182793996667146796e-01
9.189976357218785363e-01
9.171343943040840552e-01
9.185428522280278951e-01
9.176529547754471716e-01
9.156091112624539230e-01
9.148723977652070127e-01
9.161699910366524202e-01
9.157229561475462853e-01
9.153253931195012294e-01
9.154398340511123999e-01
9.154106277716907991e-01
9.160907168496509323e-01
9.147913354386491003e-01
9.173573157021183144e-01
9.183998010635139320e-01
9.198940896861660388e-01
9.220476057586199925e-01
9.230984357712788135e-01
9.257788569663591982e-01
9.310449279600295780e-01
9.329183021686436872e-01
9.367896243083029262e-01
9.404833245853572166e-01
9.440303974187848057e-01
9.485257802636360980e-01
9.498269498141944656e-01
9.514249505311191957e-01
9.542853777748796507e-01
9.522755089134584683e-01
9.520233812360026082e-01
9.476305183923862119e-01
9.458012516261639080e-01
9.404344487708149458e-01
9.332199017071606262e-01
9.292144691007696578e-01
9.237165360112828960e-01
9.184152982730029446e-01
9.125281468067344415e-01
9.084917197813653367e-01
9.036977176305911463e-01
9.027500036656861404e-01
8.996732115355982051e-01
9.003068089850913003e-01
9.002734303800380422e-01
8.995647310691751164e-01
9.026158931989542999e-01
9.021158101696741261e-01
9.048629885748611379e-01
9.069920667400439562e-01
9.074885734902111700e-01
9.119511737765281234e-01
9.122313156403679679e-01
9.163982768533559531e-01
9.187443159513850599e-01
9.236658720571842007e-01
9.304047739988295929e-01
9.363080187211059169e-01
9.428323439159803643e-01
9.493399798083281826e-01
9.544457142884390510e-01
9.602464390094803681e-01
9.654153544205850146e-01
9.711487258850008963e-01
9.740008084774981478e-01
9.752221077945361083e-01
9.746582477877435702e-01
9.712870086773643941e-01
9.681625328257719154e-01
9.647698360407156448e-01
9.635777430030992852e-01
9.597994041203742333e-01
9.609670592507194575e-01
9.626198962473745402e-01
9.635175423046996590e-01
9.661258418710043649e-01
9.673382004902602027e-01
9.669138153688687787e-01
9.650720316257515030e-01
9.571428247860461758e-01
9.481836495618402028e-01
9.356517715038981109e-01
9.267235906986702743e-01
9.218658115703834977e-01
9.182740352480454060e-01
9.208930636516885482e-01
9.270108851207358169e-01
9.364099426758221156e-01
9.436638288097177751e-01
9.460486109314693026e-01
9.481222567704029602e-01
9.434605769468041858e-01
9.392578529426875988e-01
9.337158124108091428e-01
9.277624997809529317e-01
9.277440223388698781e-01
9.281773481580434249e-01
9.309614814473964328e-01
9.317953505272090764e-01
9.355409068513997894e-01
9.360701961601014531e-01
9.377188608311248785e-01
9.408421445896797408e-01
9.429479769406291512e-01
9.471632179216405989e-01
9.522451105409992511e-01
9.518386068151720725e-01
9.491409002710461396e-01
9.447408848692041561e-01
9.343863647444683451e-01
9.214163924952021301e-01
9.117699756348104367e-01
9.016282441172890350e-01
8.943815105416190736e-01
8.909596074771413132e-01
8.898765909524668505e-01
8.958632821873763197e-01
9.021211745883433997e-01
9.131623403027463448e-01
9.244061618335439601e-01
9.336544196193719003e-01
9.413696457588249800e-01
9.447647267299564833e-01
9.469534095470201196e-01
9.473652776915165719e-01
9.425671032151107243e-01
9.354723615017368488e-01
9.266437204651499782e-01
9.196777247998386695e-01
9.141964810128785368e-01
9.124226465729053936e-01
9.190441273503455744e-01
9.326071658858258173e-01
9.427816799618816690e-01
9.506953895920979836e-01
9.744734733669130344e-01
9.379709885085807386e-01
9.248919397463726266e-01
9.093172442099146657e-01
8.954126710191573357e-01
8.865941627733900932e-01
8.892435895494925635e-01
9.012622715547408125e-01
9.188229940918677396e-01
9.373361989660500271e-01
9.451169902225721176e-01
9.393454717809524013e-01
9.273989114044799420e-01
9.125651016909005486e-01
9.122557535476391033e-01
9.256167323132433733e-01
9.492154060858971620e-01
9.662754495472252181e-01
9.678496084033976210e-01
9.517915191401862263e-01
9.248114734663335224e-01
9.039909725178447708e-01
8.973814126707807537e-01
9.032900218117263513e-01
9.181178710601176629e-01
9.299988663195212224e-01
9.351606291724001707e-01
9.369255229145911912e-01
9.287871037467841928e-01
9.099538218920018018e-01
8.840144734399882909e-01
8.664758046240573774e-01
8.644832211116816323e-01
8.916933407417941826e-01
9.342284124169841775e-01
9.724475112494839202e-01
9.911168803115940618e-01
9.852493983804462285e-01
9.652669388374017778e-01
9.474999842047672205e-01
9.361917896499383218e-01
9.301150953906888175e-01
9.294189130567208634e-01
9.291888391004609060e-01
9.375233575729557955e-01
9.463269646557527226e-01
9.499676167926331960e-01
9.410412241269616729e-01
9.283215914155950044e-01
9.161562819667198321e-01
9.108806742287486324e-01
9.132767812343575153e-01
9.128172293683564087e-01
9.036482457695300674e-01
8.941216342594187072e-01
8.921004405141401694e-01
9.060938246362000292e-01
9.258080632457809100e-01
9.453029567364402697e-01
9.660805423355749433e-01
9.845740776746365608e-01
9.997422694852673430e-01
1.004019499304234841e+00
9.967107768906089404e-01
9.744126766219946001e-01
9.497435033015613204e-01
9.305978930709234431e-01
9.205914641131716092e-01
9.186632536248271474e-01
9.177775284978780812e-01
9.241641669469078391e-01
9.345490854441029782e-01
9.408719469156201498e-01
9.376693889700637996e-01
9.223146345990460571e-01
9.080339560549206546e-01
9.073419460465843578e-01
9.221012499453127287e-01
9.454907113898648463e-01
9.623695567094751047e-01
9.624458506638825517e-01
9.502608716798868205e-01
9.317589916895617774e-01
9.200186634085969484e-01
9.185565612979604833e-01
9.267665060480244632e-01
9.332854668242295260e-01
9.397615122510805108e-01
9.406818080761203404e-01
9.370083733807055282e-01
9.346086900959837962e-01
9.306604779553983020e-01
9.285576258370430436e-01
9.320504584372589774e-01
9.403116631879404608e-01
9.483201442146472759e-01
9.563184924505343520e-01
9.594507169068714481e-01
9.508706272686275884e-01
9.413672615727497472e-01
9.320480742511837446e-01
9.296632921294322172e-01
9.290004884005175212e-01
9.335536877576932069e-01
9.382076189765475860e-01
9.387667106111896587e-01
9.328390279816421993e-01
9.271443995409488492e-01
9.212596322607555788e-01
9.190018080475101936e-01
9.185631178096673732e-01
9.230281022820594483e-01
9.256572634765223295e-01
9.293408309627569919e-01
9.281594667624791795e-01
9.281511221112158649e-01
9.250826746323912442e-01
9.217084552894181382e-01
9.243960290427242210e-01
9.266508730233756763e-01
9.314520277323755648e-01
9.351528805676556644e-01
9.384454415375520497e-01
9.399343657415348829e-01
9.392620252683192561e-01
9.333844105463516838e-01
9.266693504654587299e-01
9.194357299132025485e-01
9.168542524402442107e-01
9.156561989374397692e-01
9.163684745274155441e-01
9.191555880493627040e-01
9.211898948180550217e-01
9.242434411339093270e-01
9.273571881481633694e-01
9.279168758293242503e-01
9.266681583724211135e-01
9.256900460350567794e-01
9.235913662423331782e-01
9.224010613442732431e-01
9.205706024850133229e-01
9.193302296793735007e-01
9.166909356940907694e-01
9.186024568799087131e-01
9.195340775888058982e-01
9.207005406261135061e-01
9.205163622518017785e-01
9.248108774198147142e-01
9.232230094937097231e-01
9.251977116105212229e-01
9.271688374482199846e-01
9.249867111428631272e-01
9.245295434629372533e-01
9.223146345990460571e-01
9.242285399709391225e-01
9.241993336915175217e-01
9.229255822808244414e-01
9.147758382291600876e-01
9.252406269598754118e-01
9.246171623012020557e-01
9.250361830039242061e-01
9.269620093061935462e-01
9.269822748878330243e-01
9.256250769645066878e-01
9.278417739679544196e-01
9.280414495517551599e-01
9.263337762753697247e-01
9.276629600123119657e-01
9.273738774506899984e-01
9.268773707005227847e-01
9.264893444167786596e-01
9.244508653224545736e-01
9.237075953135007733e-01
9.246076255569011249e-01
9.229112771643730451e-01
9.238548188036463937e-01
9.229577687928400831e-01
9.219581987807987655e-01
9.203029775980684501e-01
9.217036869172676727e-01
9.195805692172729362e-01
9.193123482838092553e-01
9.205968285318408828e-01
9.186578892061578738e-01
9.199352168959638032e-01
9.176875254735380461e-01
9.190125368848487408e-01
9.191377066537984586e-01
9.195471906122196781e-01
9.181560180373213864e-01
9.182764194341206387e-01
9.186930559507675564e-01
9.208668376048609883e-01
9.197116994514107358e-01
9.218687918029775386e-01
9.226579573938795686e-01
9.234024194958709852e-01
9.243668227633026202e-01
9.239519743862121270e-01
9.271300944244974529e-01
9.270031365159913106e-01
9.287710104907763720e-01
9.313954033130887877e-01
9.329993644952015996e-01
9.342629831150750519e-01
9.355146808045722295e-01
9.364921970954176444e-01
9.355790538286035130e-01
9.377045557146734822e-01
9.363342447679334768e-01
9.385658429343513021e-01
9.386963771219702934e-01
9.388298915421833257e-01
9.390498327076235441e-01
9.379727766481371631e-01
9.401262927205911168e-01
9.393335508505762377e-01
9.396023678305587268e-01
9.422523906531800053e-01
9.427441290311967537e-01
9.433443478756365908e-01
9.426016739132015987e-01
9.446377688214503410e-01
9.452487165032287253e-01
9.441865616067125488e-01
9.441984825370887124e-01
9.458733732549396978e-01
9.444017344000023018e-01
9.456385309265292749e-01
9.459055597669553395e-01
9.461111958159441615e-01
9.442855053288347067e-01
9.444929295173799533e-01
9.449024134758011728e-01
9.455312425531438025e-01
9.458697969758268487e-01
9.458763534875337387e-01
9.465278323325910792e-01
9.465022023322823275e-01
9.479297337448279182e-01
9.459806616283251701e-01
9.466595586132476869e-01
9.462047751193970457e-01
9.451181823156097339e-01
9.428281715903487070e-01
9.438116483463822037e-01
9.415985276220474320e-01
9.426845243793159357e-01
9.409387041257266659e-01
9.401924538841788248e-01
9.415943552964157748e-01
9.405876327261486480e-01
9.400565552778905598e-01
9.396035599235963431e-01
9.365917368640586105e-01
9.373099729192224672e-01
9.361125154629368339e-01
9.351236742882340636e-01
9.334183851979237501e-01
9.332681814751840887e-01
9.305347121399297761e-01
9.312994398235606708e-01
9.309954560989684991e-01
9.308559812135673850e-01
9.306920684208951355e-01
9.288526688638530926e-01
9.302134430662921671e-01
9.302796042298798751e-01
9.299112474812564200e-01
9.295691167794605247e-01
9.287704144442575638e-01
9.272314223326948435e-01
9.286297474658188333e-01
9.285695467674192072e-01
9.283662949045056179e-01
9.280950937384478960e-01
9.284211311842359704e-01
9.280009183884762036e-01
9.279252204805875648e-01
9.269560488410054644e-01
9.282792721127596236e-01
9.263659627873853664e-01
9.260303885972963611e-01
9.271855267507466136e-01
9.268016727926341458e-01
9.264607341838758670e-01
9.264559658117254015e-01
9.260864169700643300e-01
9.248782306764400385e-01
9.251410871912344458e-01
9.273577841946821776e-01
9.262723834839324821e-01
9.271324786105726856e-01
9.278149518746080515e-01
9.303731835333327593e-01
9.289629374698326059e-01
9.291918193330549469e-01
9.306187546990817294e-01
9.290380393312024365e-01
9.306056416756679495e-01
9.306181586525629212e-01
9.295816337563554965e-01
9.311945356362504311e-01
9.294755374760076405e-01
9.301735079495320191e-01
9.305001414418389016e-01
9.322960296030079475e-01
9.327734628645732995e-01
9.314699091279398102e-01
9.318138279692921300e-01
9.317500509917796547e-01
9.317470707591856138e-01
9.337092558991022528e-01
9.337414424111178946e-01
9.250022083523521399e-01
9.333403031039598785e-01
9.319854893667088858e-01
9.337062756665082119e-01
9.337390582250426618e-01
9.325886884437427637e-01
9.329415479828772062e-01
9.330744663565714303e-01
9.347195547484821176e-01
9.346307438171796989e-01
9.345139186994932956e-01
9.346021335842769062e-01
9.330351272863300904e-01
