9.191418789794301158e-01
9.196252727061835497e-01
9.210754538864438512e-01
9.166426559260673068e-01
9.174204966331119815e-01
9.214390422629168409e-01
9.159846205693030763e-01
9.183765552492804130e-01
9.199942255013258130e-01
9.183348319929638404e-01
9.187163017650010755e-01
9.184683464131768726e-01
9.206027889970289646e-01
9.253705651009755950e-01
9.214658643562632090e-01
9.251094967257376123e-01
9.246177583477208639e-01
9.257287890587793111e-01
9.310520805182552762e-01
9.310562528438869334e-01
9.329564491458474107e-01
9.320176758787245275e-01
9.313280500564634634e-01
9.326810756541580316e-01
9.290261184008262729e-01
9.301353609723282956e-01
9.325660386760280529e-01
9.260411174346349084e-01
9.267599495363175732e-01
9.241826443889908926e-01
9.233356622857644691e-01
9.261388690637194498e-01
9.226412680913529396e-01
9.247131257907301727e-01
9.263981492994010081e-01
9.260333688298904020e-01
9.266949804657674816e-01
9.271521481456933556e-01
9.273470553573436304e-01
9.316612400604772359e-01
9.291471158441443334e-01
9.315557398266481881e-01
9.353978556868858263e-01
9.354753417343308897e-01
9.368110819829800207e-01
9.346110742820590289e-01
9.368182345412057188e-01
9.403641152815955806e-01
9.353609008027197191e-01
9.369493647753435184e-01
9.349573773094865814e-01
9.359855575544306916e-01
9.371108933819405351e-01
9.360511226714995914e-01
9.399623799279188674e-01
9.417630364612384897e-01
9.388948606127334173e-01
9.409083057532674488e-01
9.414054085499534708e-01
9.416515757622213600e-01
9.451914960374231400e-01
9.440137081162581767e-01
9.426577022859695676e-01
9.410597015690447265e-01
9.413088490139065456e-01
9.457219774391624201e-01
9.412081171522279632e-01
9.426648548441952657e-01
9.496463477189955871e-01
9.469546016400577360e-01
9.475780662987310921e-01
9.479511914195050126e-01
9.499807298160469760e-01
9.522617998435258801e-01
9.513343514602603523e-01
9.511865319235959237e-01
9.512944163435002043e-01
9.461606676770052404e-01
9.420843055348760986e-01
9.366918726792183847e-01
9.359098596465420528e-01
9.377474710640276712e-01
9.368259831459502252e-01
9.405721355166596354e-01
9.441007309080041709e-01
9.482778249118118952e-01
9.576697299086726067e-01
9.651662069757231954e-01
9.703106844795565955e-01
9.740878312692441421e-01
9.638560967273827051e-01
9.616787387941764242e-01
9.570587822268942224e-01
9.510947407596994640e-01
9.459651644188361574e-01
9.399903941143028518e-01
9.407890964495058128e-01
9.470142062919385539e-01
9.526975098487746596e-01
9.609092427383950641e-01
9.723038640384511488e-01
9.757090778004023912e-01
9.789330934206358359e-01
9.748936861626728012e-01
9.723521438064746114e-01
9.683836660842497501e-01
9.588570545741385009e-01
9.540523235860256523e-01
9.543241207986021823e-01
9.549177831313351295e-01
9.592367362066193115e-01
9.621609404278922417e-01
9.683622084095726557e-01
9.732593266081007721e-01
9.719581570575424045e-01
9.668482502517998789e-01
9.605444622688844580e-01
9.524507465899880732e-01
9.516776742550938639e-01
9.481139121191396457e-01
9.557361550016587604e-01
9.669960697884643075e-01
9.751744240730314539e-01
9.824789741610258087e-01
9.837342481296358354e-01
9.839422683646998902e-01
9.823192336939852165e-01
9.703768456431443035e-01
9.613729669300278280e-01
9.525067749627560421e-01
9.514738263456614664e-01
9.576226422336867605e-01
9.574801871156916055e-01
9.656466204698825884e-01
9.716261591465662484e-01
9.698737823812701997e-01
9.669704397881555558e-01
9.605987025020960024e-01
9.534479324159541580e-01
9.486056504971563941e-01
9.399868178351900028e-01
9.395981955049270695e-01
9.433300427591851944e-01
9.465987618683292526e-01
9.565926738491861148e-01
9.638507323087134315e-01
9.655983407018591258e-01
9.679056367761655899e-01
9.657455641920047462e-01
9.629614309026516272e-01
9.581078240999966189e-01
9.512008370400473201e-01
9.508885086641918338e-01
9.562439866356833296e-01
9.549946731322613847e-01
9.640957074279435934e-01
9.712870086773643941e-01
9.771932336322347590e-01
9.846020918610205452e-01
9.825195053243047649e-01
9.830106476558027051e-01
9.755976171013852616e-01
9.701229298261320189e-01
9.602559757537812990e-01
9.474075969943519526e-01
9.407223392393992967e-01
9.334332863608939546e-01
9.244335799734091363e-01
9.234298376357361615e-01
9.257621676638325692e-01
9.241003899693953638e-01
9.282506618798568310e-01
9.288788949106806525e-01
9.334511677564582000e-01
9.381694719993438625e-01
9.318537630860522780e-01
9.333593765925617403e-01
9.348661821921089299e-01
9.320796647166805782e-01
9.280873451337033897e-01
9.251780420754005529e-01
9.248007446289949751e-01
9.251893669592579084e-01
9.201617145731109115e-01
9.188545845573645732e-01
9.232057241446642859e-01
9.216488506375373202e-01
9.251458555633849112e-01
9.283049021130683753e-01
9.339721124138966601e-01
9.402061629541114129e-01
9.431828192690395740e-01
9.438682727656689808e-01
9.445817404486823721e-01
9.460009272099646482e-01
9.494943558566995012e-01
9.426660469372328821e-01
9.416056801802731302e-01
9.401626515582384158e-01
9.366680308184660575e-01
9.320999302983200563e-01
9.284807358361167884e-01
9.273542079155693285e-01
9.289879714236225494e-01
9.231425432136706188e-01
9.233833460072691235e-01
9.237302450812154841e-01
9.228540566985674598e-01
9.227884915814985600e-01
9.219570066877611492e-01
9.256232888249502633e-01
9.270394953536386096e-01
9.288788949106806525e-01
9.290827428201130500e-01
9.302903330672184223e-01
9.325684228621032856e-01
9.387929366580172186e-01
9.360368175550481951e-01
9.354914349903387105e-01
9.366143866317733213e-01
9.351385754512042681e-01
9.358186645291644012e-01
9.365637226776746260e-01
9.349818152167577168e-01
9.347398203301215958e-01
9.325040498380720022e-01
9.346206110263599598e-01
9.352255982429502623e-01
9.330977121708049493e-01
9.338874738082258986e-01
9.341252963692303624e-01
9.340084712515439591e-01
9.356011075497994156e-01
9.337581317136445236e-01
9.359289331351439145e-01
9.374834224561956475e-01
9.359474105772269681e-01
9.381760285110507525e-01
9.373934194318556123e-01
9.391016887547598557e-01
9.431852034551148067e-01
9.422577550718492789e-01
9.429408243824034530e-01
9.417517115773811343e-01
9.443892174231073300e-01
9.488625465467627196e-01
9.452010327817240709e-01
9.472478565273113604e-01
9.502859056336767640e-01
9.486783681724509920e-01
9.507812202908063615e-01
9.509361923856964882e-01
9.508408249426871794e-01
9.541763012619377538e-01
9.525628033355240110e-01
9.543110077751884024e-01
9.519923868170245829e-01
9.535921756735057375e-01
9.553803152299302770e-01
9.526361170573374171e-01
9.540713970746275141e-01
9.570671268781575369e-01
9.565527387324259667e-01
9.565455861742002686e-01
9.543950503343403557e-01
9.550268596442770264e-01
9.574301192081117184e-01
9.543020670774062797e-01
9.551168626686170615e-01
9.587587068985351513e-01
9.545077031263951017e-01
9.543414061476476196e-01
9.550530856911045863e-01
9.566385694311343446e-01
9.557808584905693738e-01
9.535832349757236148e-01
9.528995696186506326e-01
9.563494868695123774e-01
9.521831217030432004e-01
9.527696314775504494e-01
9.502608716798868205e-01
9.511668623884752538e-01
9.514130296007430321e-01
9.495158135313765957e-01
9.497196614408089932e-01
9.462298090731869893e-01
9.458793337201277796e-01
9.486682353816312530e-01
9.429795674061259847e-01
9.439177446267300597e-01
9.443200760269255811e-01
9.425593546103662179e-01
9.398211169029613288e-01
9.380836413006354846e-01
9.388453887516723384e-01
9.384287522350254207e-01
9.347600859117610739e-01
9.344042461400325905e-01
9.358675403437066720e-01
9.318877377376243443e-01
9.327871719345058876e-01
9.283847723465886714e-01
9.304429209760333164e-01
9.305430567911930906e-01
9.270812186099551822e-01
9.272773179146430733e-01
9.236885218248989116e-01
9.240896611320568166e-01
9.271885069833406545e-01
9.212965871449216859e-01
9.227807429767540537e-01
9.231490997253775088e-01
9.212930108658088368e-01
9.199018382909105451e-01
9.173781773302766007e-01
9.170843263965041681e-01
9.190065764196606590e-01
9.143144982236025564e-01
9.154261249811798118e-01
9.171212812806702752e-01
9.159816403367090354e-01
9.136928217044856249e-01
9.116138114468826936e-01
9.164084096441756921e-01
9.147561686940394177e-01
9.128780261132748430e-01
9.133983747241943840e-01
9.136958019370796658e-01
9.104634416655829066e-01
9.110922707429255363e-01
9.086931835047225015e-01
9.106732500402033859e-01
9.130926028600457878e-01
9.114040030722622143e-01
9.135610954238290171e-01
9.111763133020774896e-01
9.112549914425601694e-01
9.142799275255116820e-01
9.120465412195374322e-01
9.120942249410420866e-01
9.149302142775314062e-01
9.142423765948267667e-01
9.147740500896036631e-01
9.135438100747835799e-01
9.141148226398018162e-01
9.167994161605138581e-01
9.149022000911474217e-01
9.154845375400230134e-01
9.165764947624795989e-01
9.191692971192952921e-01
9.215737487761674895e-01
9.171373745366780961e-01
9.190822743275492979e-01
9.232879785642598147e-01
9.209216738845913408e-01
9.224606659961540611e-01
9.214318897046911427e-01
9.225613978578326435e-01
9.246463685806236565e-01
9.244091420661380010e-01
9.258175999900818409e-01
9.278376016423227624e-01
9.251249939352266249e-01
9.272677811703421424e-01
9.287352476996478812e-01
9.298492586433003693e-01
9.287865077002653846e-01
9.287048493271886640e-01
9.302360928340068780e-01
9.337044875269517874e-01
9.313369907542455861e-01
9.333099047315006613e-01
9.334988514779628543e-01
9.347332638184147058e-01
9.366847201209926865e-01
9.353907031286601281e-01
9.368349238437323478e-01
9.360564870901688650e-01
9.376044198995137080e-01
9.408320117988600018e-01
9.364236517457547038e-01
9.377897903668630519e-01
9.420616557671613878e-01
9.389622138693587416e-01
9.390718864288194467e-01
9.441829853275996998e-01
9.410465885456309465e-01
9.413893152939456499e-01
9.393204378271624577e-01
9.416921069255003163e-01
9.432847432237557728e-01
9.405977655169683871e-01
9.427751234501747790e-01
9.411598373842045007e-01
9.426195553087658441e-01
9.440399341630857366e-01
9.419662883241520790e-01
9.426606825185636085e-01
9.439642362551970978e-01
9.418077399501491032e-01
9.426010778666827905e-01
9.421600034427647374e-01
9.432597092699658292e-01
9.438950948590153489e-01
9.423280885610686441e-01
9.416414429714016210e-01
9.464849169832368903e-01
9.428889683352671414e-01
9.429175785681699340e-01
9.404773641201691348e-01
9.426350525182548568e-01
9.449328118482603900e-01
9.403861690027914833e-01
9.426827362397595111e-01
9.428448608928753361e-01
9.432984522936883609e-01
9.410614897086011510e-01
9.394253420144726974e-01
9.399141001598954048e-01
9.406627345875184787e-01
9.393812345720808921e-01
9.379340336244146314e-01
9.391350673598131138e-01
9.397311138786212936e-01
9.403188157461661589e-01
9.381939099066149979e-01
9.382618592097591304e-01
9.379125759497375370e-01
9.379650280433926568e-01
9.388114141001002722e-01
9.350259226591495221e-01
9.366388245390444567e-01
9.376097843181829816e-01
9.351701659167011016e-01
9.348018091680776465e-01
9.348560494012891908e-01
9.355802459216411293e-01
9.362138433711342245e-01
9.331281105432641665e-01
9.343976896283257005e-01
9.356976670858463407e-01
9.346104782355402207e-01
9.350968521948876955e-01
9.342480819521048474e-01
9.370012208224798300e-01
9.393091129433051023e-01
9.375233575729557955e-01
9.390826152661579940e-01
9.379799292063628613e-01
9.401668238838700731e-01
9.437633685783587412e-01
9.414906432021431515e-01
9.446628027752402845e-01
9.472681221089508385e-01
9.463335211674596126e-01
9.478331742087809930e-01
9.479315218843843427e-01
9.503985584257315100e-01
9.544177001020550666e-01
9.519816579796860356e-01
9.552324956932658484e-01
9.545702880108699606e-01
9.566248603612017565e-01
9.581859061939604905e-01
9.559495396553920887e-01
9.556091970931526181e-01
9.589589785288546997e-01
9.546173756858558068e-01
9.553528970900651007e-01
9.522218647267657321e-01
9.518946351879400414e-01
9.535683338127534103e-01
9.510363282008562624e-01
9.528882447347932771e-01
9.524787607763720576e-01
9.503818691232048810e-01
9.530450049692398284e-01
9.523547831004599562e-01
9.551007694126092407e-01
9.603263092430006642e-01
9.627951339239041451e-01
9.647000985980150878e-01
9.682054481751261044e-01
9.727872577652046937e-01
9.779680941066853928e-01
9.769589873503431443e-01
9.792311166800399258e-01
9.796698069178827462e-01
9.769953461879904433e-01
9.736026494029342837e-01
9.658915955891127503e-01
9.650773960444207766e-01
9.570194431566527715e-01
9.478856263024361128e-01
9.399886059747464273e-01
9.339435021809938675e-01
9.305996812104798677e-01
9.282965574618050608e-01
9.293444072418698410e-01
9.337527672949752500e-01
9.408916164507408197e-01
9.456987316249289011e-01
9.570224233892468124e-01
9.686369858547432266e-01
9.729809728838173521e-01
9.812058187968515366e-01
9.802998280882629922e-01
9.803689694844447411e-01
9.782631371334954418e-01
9.679789504979789960e-01
9.587598989915727676e-01
9.445674353322309758e-01
