9.863771183940313048e-01
1.087086926351419347e+00
1.137932674638351793e+00
1.123983397958683739e+00
1.052030450347715584e+00
9.431875876411900395e-01
8.226330068866022360e-01
7.420224835899452698e-01
7.412029196265840225e-01
8.778978440639786385e-01
9.491176544568126205e-01
1.063344009321213868e+00
1.114952697152220784e+00
1.079467067654975354e+00
9.762908192027591747e-01
8.704430902532446224e-01
8.043963675971469440e-01
8.017201187276982166e-01
8.706040228133228309e-01
9.812326408901979047e-01
1.081621775820466924e+00
1.106064451463753207e+00
1.006243348865908160e+00
8.323980370042368682e-01
7.240582375595853160e-01
7.711763109178914055e-01
9.292287742172210541e-01
1.081379184887311995e+00
1.155044574146816050e+00
1.120833888153301316e+00
9.422136476294574736e-01
7.115770234557418084e-01
6.349635881142124960e-01
8.138997332930246742e-01
1.063966877933368416e+00
1.205457592661093758e+00
1.184705041015749138e+00
9.838385562704272669e-01
7.050485259352357037e-01
6.084949503534973214e-01
8.107013476730999813e-01
1.103422177245876545e+00
1.234417108823908427e+00
1.136110560430355187e+00
8.486623583629558931e-01
6.193376325771370317e-01
7.029200438165716935e-01
1.020294549500292414e+00
1.239470987256882983e+00
1.167482276854786560e+00
8.665711720670666862e-01
6.245739012448670024e-01
7.002944589012216614e-01
1.030666951020592581e+00
1.268658193189882377e+00
1.148122089877377627e+00
7.971776482078609671e-01
5.937547199433708123e-01
7.650716024722579167e-01
1.130026713612879874e+00
1.274696740471928269e+00
1.036300186669848689e+00
6.895817148186820233e-01
6.237495689093552897e-01
9.313024200561547117e-01
1.225385215924407856e+00
1.151133912936915582e+00
8.277286085758934764e-01
6.380874679192862775e-01
8.286590371917530451e-01
1.150173085948596796e+00
1.161722679343542897e+00
8.991653799015736359e-01
6.892294513260663891e-01
8.103770983668683314e-01
1.105913651694494737e+00
1.146737473814186226e+00
8.983458159382123887e-01
7.187677286586438008e-01
8.517576279351267710e-01
1.090993415235688158e+00
1.106481684026918932e+00
8.611620499088823433e-01
7.303185141466276287e-01
9.122468128498569806e-01
1.119179263017089809e+00
1.059047109967125699e+00
7.878584608862949645e-01
7.563091225992587541e-01
1.014803172922512653e+00
1.154933709494317728e+00
9.495438277177605801e-01
7.029158714909400363e-01
8.478040513758721142e-01
1.153329748312204917e+00
1.100619566514440262e+00
7.658393103884828523e-01
6.968266602547955602e-01
1.060442454867655648e+00
1.210628296211754718e+00
8.894837962965722600e-01
6.360936923138728050e-01
9.125901356446904922e-01
1.230906394828128247e+00
1.020151498335778451e+00
6.691009603859139343e-01
8.061207301760590083e-01
1.173433801345086236e+00
1.090513597788047573e+00
7.483060059912212125e-01
7.779110405339051404e-01
1.093773972245928316e+00
1.082623133972064666e+00
8.108503593028020262e-01
8.082694778763624965e-01
1.042379265115173537e+00
1.041244392543362762e+00
8.396948384874866056e-01
8.555782861206873147e-01
1.026204350734275739e+00
9.965146775859210493e-01
8.563138075248966086e-01
8.913476337608854383e-01
1.009748102396500480e+00
9.724314179934760993e-01
8.834375004097819728e-01
9.092987667678316122e-01
9.770084592114042232e-01
9.540672247489958568e-01
9.071351179045579194e-01
9.222913887848125380e-01
9.473539528076592164e-01
9.493042170171996919e-01
9.417272736701099989e-01
9.251542002146482258e-01
9.099293839847306664e-01
9.462107355845851275e-01
9.728212324167767600e-01
9.245653062540657441e-01
8.757991642712550373e-01
9.325702110016597102e-01
1.011388422416260591e+00
9.465051825648763684e-01
8.455432469300325771e-01
9.000636220054175629e-01
1.019058349020284249e+00
9.890390621470287469e-01
8.579910824288228266e-01
8.577550480073747874e-01
9.889734970299598471e-01
1.010353685659609591e+00
8.938534133259550263e-01
8.508730949012154321e-01
9.482933221213009078e-01
9.951771491977153827e-01
9.187085531602565691e-01
8.810998059630162915e-01
9.450555974311348750e-01
9.689111672533949893e-01
9.008843780618164265e-01
8.930547109907520653e-01
9.698022567990132181e-01
9.763581724593844990e-01
8.812678910813201982e-01
8.633984164474507450e-01
9.621472313579596536e-01
1.012179376146719045e+00
9.238643555479473246e-01
8.567662068326720171e-01
9.176940819852449360e-01
9.842957239503531408e-01
9.550614303423679008e-01
8.983547566359945113e-01
9.108079565534540345e-01
9.544266407998371893e-01
9.535790626500919576e-01
9.207827950457090349e-01
9.251905590522955247e-01
9.498495995819091764e-01
9.409863878472313203e-01
9.140248196154617810e-01
9.172023436072281877e-01
9.558637089566837108e-01
9.671695193254374878e-01
9.300358212036873296e-01
8.964938994042753739e-01
9.155524868431671459e-01
9.570552059477813733e-01
9.600551080769429424e-01
9.278429660609920360e-01
9.123481407580543712e-01
9.345997493982016735e-01
9.535027686956845105e-01
9.379650280433926568e-01
9.137989179848334809e-01
9.148706096256505882e-01
9.438712529982630217e-01
9.575910517681899270e-01
9.384537861888153643e-01
9.139526979866859913e-01
9.176350733798829262e-01
9.383357689780913446e-01
9.463806088424454588e-01
9.328080335626641739e-01
9.230668453057819800e-01
9.333230177549144413e-01
9.493900477159080697e-01
9.527213517095269868e-01
9.334303061282999137e-01
9.143156903166401728e-01
9.153635400967049529e-01
9.347213428880385422e-01
9.521539154236215996e-01
9.527112189187072477e-01
9.387720750298589323e-01
9.243119864835722677e-01
9.257705123150958837e-01
9.313554681963286397e-01
9.355271977814672013e-01
9.330834070543535530e-01
9.296579277107629435e-01
9.304864323719063135e-01
9.592689227186349532e-01
9.426433971695181713e-01
9.427280357751889328e-01
9.397269415529896364e-01
9.301276123675837892e-01
9.204311275996122088e-01
9.167016645314293166e-01
9.192593001436353273e-01
9.274835500101507035e-01
9.359778089496861853e-01
9.401924538841788248e-01
9.414757420391729470e-01
9.340555589265298053e-01
9.278626355961127059e-01
9.197993182896755382e-01
9.169233938364259595e-01
9.180165431519202723e-01
9.213651324945846266e-01
9.259666116197838859e-01
9.292442714267100667e-01
9.300298607384992478e-01
9.307761109800470889e-01
9.283323202529335516e-01
9.260798604583574400e-01
9.230304864681346810e-01
9.221799280857954084e-01
9.240658192713044894e-01
9.227336553017682075e-01
9.241725115981711536e-01
9.219641592459868473e-01
9.205539131824866939e-01
9.197504424751332675e-01
9.177149436134032223e-01
9.142864840372185720e-01
9.129584923933139473e-01
9.125633135513441241e-01
9.149290221844937898e-01
9.140576021739962309e-01
9.154261249811798118e-01
9.187246464162643900e-01
9.204049015527846489e-01
9.200228357342286056e-01
9.210837985377071657e-01
9.215153362173242879e-01
9.237993864773972330e-01
9.226668980916616913e-01
9.240795283412370775e-01
9.220869448288613324e-01
9.216977264520795909e-01
9.226019290211115997e-01
9.219832327345887091e-01
9.210301543510144295e-01
9.188629292086278877e-01
9.181953571075627263e-01
9.177256724507417696e-01
9.171248575597831243e-01
9.182531736198871197e-01
9.180350205940033259e-01
9.175593754719942874e-01
9.175343415182043438e-01
9.157217640545086690e-01
9.155572552153176114e-01
9.152258533508602634e-01
9.167106052292114393e-01
9.166927238336471939e-01
9.157301087057719835e-01
9.145374196216368157e-01
9.139342205446029377e-01
9.154052633530215255e-01
9.133697644912915914e-01
9.131581679771146876e-01
9.142775433394364493e-01
9.136773244949966122e-01
9.132982389090346098e-01
9.127617970421072480e-01
9.119648828464607115e-01
9.115798367953106274e-01
9.112329377213642667e-01
9.105671537598555298e-01
9.097255360752982689e-01
9.080893883811698153e-01
9.077776560518331372e-01
9.074414858152253238e-01
9.072137960450405991e-01
9.071571716257538220e-01
9.075255283743772772e-01
9.080887923346510071e-01
9.084797988509891731e-01
9.096438777022215483e-01
9.119154109853996326e-01
9.114540709798421014e-01
9.120238914518227213e-01
9.129674330910960700e-01
9.127218619253470999e-01
9.146101372969314136e-01
9.127188816927530590e-01
9.115333451668435893e-01
9.107131851569635339e-01
9.120173349401158314e-01
9.113116158618469465e-01
9.105802667832693098e-01
9.100968730565157649e-01
9.092570435115150396e-01
9.090222011831046167e-01
9.115333451668435893e-01
9.106356991095184705e-01
9.112949265593203174e-01
9.114981784222339067e-01
9.124482765732141454e-01
9.104908598054480828e-01
9.112508191169285121e-01
9.089506756008476351e-01
9.100485932884923024e-01
9.088785539720718454e-01
9.117014302851474961e-01
9.135038749580234319e-01
9.133924142590063022e-01
9.148270982297775911e-01
9.173132082597265091e-01
9.170175691863976519e-01
9.163076777824971098e-01
9.130025998357057526e-01
9.118146791237210502e-01
9.126759663433988701e-01
9.127927914610852733e-01
9.128595486711917895e-01
9.144366877599582333e-01
9.151602882337913636e-01
9.174717566337294850e-01
9.210963155146021375e-01
9.217913057555324752e-01
9.214241410999466364e-01
9.201325082936893107e-01
9.158296484744129495e-01
9.118105067980893930e-01
9.093619476988252792e-01
9.097052704936587908e-01
9.152037996296643607e-01
9.200299882924543038e-01
9.276808414078762111e-01
9.302569544621651643e-01
9.316230930832735124e-01
9.247584253261595943e-01
9.183932445518070420e-01
9.120286598239731868e-01
9.114808930731884695e-01
9.189124010696889666e-01
9.290702258432180782e-01
9.333963314767278474e-01
9.327758470506485322e-01
9.260822446444326728e-01
9.201390648053962007e-01
9.147955077642807575e-01
9.161151547569220677e-01
9.218985941289179475e-01
9.252549320763268081e-01
9.276069316395439968e-01
9.525669756611556682e-01
9.269536646549302317e-01
9.268743904679287438e-01
9.262914569725343439e-01
9.205139780657265458e-01
9.185327194372081561e-01
9.176970622178389769e-01
9.252936751000493398e-01
9.367192908190835610e-01
9.421605994892835456e-01
9.315706409896183926e-01
9.143204586887906382e-01
9.095240723519411041e-01
9.222288039003376792e-01
9.389598296832835089e-01
9.401304650462227741e-01
9.286464367683454624e-01
9.204317236461310170e-01
9.223492052971369315e-01
9.294648086386690933e-01
9.266490848838192518e-01
9.189875029310587973e-01
9.212518836560110724e-01
9.381402657199222617e-01
9.493662058551557426e-01
9.325016656519967695e-01
9.056825525382223852e-01
9.036196355366272748e-01
9.343053024179104327e-01
9.549523538294260039e-01
9.354824942925565878e-01
9.052748567193575902e-01
9.047604685736261310e-01
9.386159108419311892e-01
9.542686884723530216e-01
9.326769033285263744e-01
9.053797609066678298e-01
9.148139852063638111e-01
9.318311133183375672e-01
9.328461805398678974e-01
9.193397664236744316e-01
9.277499828040579599e-01
9.422911336769025370e-01
9.257061392910646003e-01
8.995575785109494182e-01
9.146011965991492909e-01
9.562201447749310024e-01
9.538150970715399968e-01
9.033394936727874303e-01
8.934779040191058730e-01
9.392036127094760545e-01
9.656448323303261638e-01
9.298301851546985075e-01
8.969522591772388642e-01
9.214914943565719607e-01
9.544516747536271328e-01
9.295244132905499113e-01
9.166670938333384422e-01
9.384913371195002796e-01
9.456146890657769477e-01
9.129680291376148782e-01
9.143878119454159625e-01
9.645582395265387410e-01
9.605921459903891124e-01
8.983040926818958161e-01
9.020013692380629555e-01
9.705055916912068703e-01
9.583682964287157935e-01
8.965278740558474402e-01
9.198619031741503971e-01
9.725565877624258171e-01
9.274710330332557318e-01
8.991868375762507304e-01
9.633893923031559003e-01
9.651864725573626735e-01
8.778626773193689559e-01
9.131230012325050049e-01
1.018862249715596358e+00
9.374816343166392230e-01
8.412403871107563269e-01
9.518994035600905068e-01
1.024322631874398315e+00
8.944017761232585517e-01
8.715600814294912624e-01
9.917373647376733770e-01
9.605706883157120179e-01
8.755088896165954537e-01
9.517319144883054083e-01
9.850246888428555447e-01
8.881492481409607453e-01
9.181911847819310690e-01
9.886367307468332255e-01
9.280885372267410061e-01
8.976991054653055135e-01
9.670366009517432637e-01
9.388537334029356529e-01
9.073461183722160150e-01
9.667862614138438282e-01
9.315980591294835689e-01
8.761710972989913415e-01
9.767926903715956621e-01
9.885908351648849957e-01
8.607537580434987401e-01
8.970035191778563677e-01
1.013273121508732055e+00
9.619070246108799571e-01
8.585024903419602449e-01
9.066427834800223629e-01
9.990836380819843043e-01
9.770454140955703304e-01
8.668382009074927508e-01
8.498496830284217873e-01
1.043661957223648740e+00
1.016510250152379280e+00
7.670886238919047972e-01
8.614392115401281469e-01
1.147228616145684166e+00
9.539819900968062871e-01
6.810773230883268026e-01
9.671415051390535034e-01
1.171528836670975293e+00
8.582843373160764511e-01
7.203138733284322193e-01
1.004964233036545806e+00
1.133848563891478145e+00
8.603651357132358068e-01
7.480383811042763398e-01
9.760905475724396263e-01
1.123252644926624910e+00
8.894009458304579230e-01
7.476253208667422712e-01
9.637589411448169718e-01
1.121242180018684920e+00
