9.204615259720714260e-01
9.209258462102229981e-01
9.193773173543593469e-01
9.188480280456576832e-01
9.177453419858624395e-01
9.182621143176692424e-01
9.182507894338118870e-01
9.183878801331377684e-01
9.192199610733939874e-01
9.197838210801865255e-01
9.188104771149727679e-01
9.198088550339764691e-01
9.209222699311101490e-01
9.223766234370021078e-01
9.202463531787816731e-01
9.219015743615119884e-01
9.266866358145041671e-01
9.273655327994266839e-01
9.265805395341563111e-01
9.288157139796869854e-01
9.276850137335078683e-01
9.272856625659063878e-01
9.283001337409179099e-01
9.275514993132948360e-01
9.241737036912087699e-01
9.243864922984232901e-01
9.232218174006721068e-01
9.207619334175507486e-01
9.195251368910237755e-01
9.197891854988557991e-01
9.176994464039142096e-01
9.170735975591656208e-01
9.151513475360092409e-01
9.182299278056536007e-01
9.163470168527384496e-01
9.162158866186006501e-01
9.160787959192747687e-01
9.178854129177823618e-01
9.184093378078148628e-01
9.169031282547864814e-01
9.177042147760646751e-01
9.171129366294069607e-01
9.193701647961336487e-01
9.183270833882193340e-01
9.189129971162077748e-01
9.200395250367552347e-01
9.220875408753801405e-01
9.259964139457242949e-01
9.274412307073153228e-01
9.323198714637602746e-01
9.350104254496605094e-01
9.524519386830256895e-01
9.464437897734391258e-01
9.499932467929419477e-01
9.552587217400934083e-01
9.619660332162419669e-01
9.665853937370054716e-01
9.707100356471580760e-01
9.726489749728410850e-01
9.753860205872083577e-01
9.792627071455367593e-01
9.802759862275106650e-01
9.805465913470496897e-01
9.803379750654667157e-01
9.800125336661974496e-01
9.768010350228589767e-01
9.748591154645819268e-01
9.744317501105964618e-01
9.719152417081882156e-01
9.673232993272899982e-01
9.640939192883871689e-01
9.622592881034955914e-01
9.584302852666718442e-01
9.545285647545533880e-01
9.486825404980826493e-01
9.439040355567974716e-01
9.398634362057967095e-01
9.325261035592679049e-01
9.281040344362300187e-01
9.199203157329935987e-01
9.148253100902211665e-01
9.077508339584867691e-01
9.016860606296134284e-01
8.945168131013885304e-01
8.892644511776508498e-01
8.866168125411048040e-01
8.842195134424583047e-01
8.816952564353056632e-01
8.823026278379711984e-01
8.838392357634586860e-01
8.887721167531152933e-01
8.932251802951312047e-01
8.984644291954552164e-01
9.046651011306168222e-01
9.097559344477574861e-01
9.163184066198356570e-01
9.241993336915175217e-01
9.307761109800470889e-01
9.347982328889647974e-01
9.402115273727806866e-01
9.467334683815799012e-01
9.511144102948201340e-01
9.554285949979537396e-01
9.591759394617008772e-01
9.611715032066706632e-01
9.659208018685343511e-01
9.674776753756613168e-01
9.600276899370777661e-01
9.752203196549796838e-01
9.755725831475953180e-01
9.779531929437151883e-01
9.812672115882887791e-01
9.800226664570171886e-01
9.816462971742507815e-01
9.789217685367784805e-01
9.772206517720999353e-01
9.744007556916184365e-01
9.705336058775908548e-01
9.664161165256639485e-01
9.603638601736855795e-01
9.548170512696565471e-01
9.496093928348294799e-01
9.453446799927568422e-01
9.404904771435829147e-01
9.359098596465420528e-01
9.321643033223513397e-01
9.285486851392609209e-01
9.254343420784880703e-01
9.229112771643730451e-01
9.191114806069708987e-01
9.183378122255578813e-01
9.160621066167481397e-01
9.137184517047943766e-01
9.092939983956811467e-01
9.085078130373731575e-01
9.056444055610186616e-01
9.004713178242823579e-01
8.969766970845099996e-01
8.951784247372657211e-01
8.918924202790761147e-01
8.876426085999737925e-01
8.842719655361134246e-01
8.845580678651413509e-01
8.836318115749134394e-01
8.833123306408322550e-01
8.823515036525134692e-01
8.841515641393141722e-01
8.885217772152158577e-01
8.907879460797245574e-01
8.969600077819833706e-01
9.020639541225378144e-01
9.064818509199441543e-01
9.120530977312443222e-01
9.184307954824919573e-01
9.246636539296690938e-01
9.321875491365848587e-01
9.360880775556656985e-01
9.412891794787858757e-01
9.454883272037896136e-01
9.491122900381433469e-01
9.512616337849657544e-01
9.530676547369545393e-01
9.545696919643511524e-01
9.530920926442256746e-01
9.506632030800823419e-01
9.459931786052201419e-01
9.390480445680671195e-01
9.321595349502008743e-01
9.256566674300035213e-01
9.163064856894594934e-01
9.076942095391999921e-01
8.997924208393598411e-01
8.925605884266600842e-01
8.863187892817007141e-01
8.820981838820199927e-01
8.799315547861522591e-01
8.779836747626870164e-01
8.814073659667213123e-01
8.854950529927078096e-01
8.916993012069822644e-01
9.001285910759676545e-01
9.101779353830737884e-01
9.205753708571637883e-01
9.339435021809938675e-01
9.448618823125222166e-01
9.570456692034804425e-01
9.693611823750951650e-01
9.767086478124437088e-01
9.839416723181810820e-01
9.902210223938253675e-01
9.932423821976640310e-01
9.928477994022130160e-01
9.885002360940261523e-01
9.834082106838477610e-01
9.781397555041021485e-01
9.696001970291372452e-01
9.597612571431705097e-01
9.491432844571213723e-01
9.389389680551252226e-01
9.272487076817402807e-01
9.199691915475358694e-01
9.129924670448860136e-01
9.077997097730290399e-01
9.055621511414231328e-01
9.052808171845456719e-01
9.079505095422875094e-01
9.121597900581109863e-01
9.188432596735072178e-01
9.282196674608788056e-01
9.337754170626899608e-01
9.446723395195412154e-01
9.520931186787031653e-01
9.620280220541980176e-01
9.677095374714776987e-01
9.741980998752236554e-01
9.800769066902287330e-01
9.808207727457014524e-01
9.836019258024604195e-01
9.824026802066183617e-01
1.000627994612216298e+00
9.747965305801070679e-01
9.696770870300635004e-01
9.658987481473384484e-01
9.589011620165303063e-01
9.533227626470044402e-01
9.486008821250059286e-01
9.443015985848425276e-01
9.406496215641046987e-01
9.383393452572041937e-01
9.385121987476585659e-01
9.365571661659677360e-01
9.391326831737378811e-01
9.408492971479054390e-01
9.402818608620000518e-01
9.419013192536019874e-01
9.454245502262771383e-01
9.447647267299564833e-01
9.453875953421110312e-01
9.442926578870604049e-01
9.445745878904566739e-01
9.403200078392037753e-01
9.368736668674548795e-01
9.343941133492128515e-01
9.282506618798568310e-01
9.249712139333741145e-01
9.203637743429868845e-01
9.160656828958609887e-01
9.108407391119884844e-01
9.084911237348465285e-01
9.070427306941426515e-01
9.066266902240145420e-01
9.087504039705280867e-01
9.108276260885747044e-01
9.118629588917445128e-01
9.176064631469801336e-01
9.205300713217343667e-01
9.270013483764348861e-01
9.322954335564891393e-01
9.356321019687774410e-01
9.422058990247129673e-01
9.460444386058376454e-01
9.497357546968168140e-01
9.523881617055132143e-01
9.535468761380763159e-01
9.526605549646085525e-01
9.536452238136796655e-01
9.517545642560201191e-01
9.476185974620100483e-01
9.439213209058429088e-01
9.399790692304454964e-01
9.374804422236016066e-01
9.317583956430429692e-01
9.282625828102329946e-01
9.219611790133928064e-01
9.181333682696066756e-01
9.139711754287690448e-01
9.106696737610905368e-01
9.081728348938029605e-01
9.081346879165992370e-01
9.049410706688250094e-01
9.038598422837069712e-01
9.047443753176183101e-01
9.050382262513907428e-01
9.047139769451590929e-01
9.035689715825285795e-01
9.057105667246063696e-01
9.064687378965303743e-01
9.057361967249151213e-01
9.067834504584610933e-01
9.073693641864495341e-01
9.095806967712278812e-01
9.102095258485706220e-01
9.109980953929538439e-01
9.118033542398636948e-01
9.124572172709962681e-01
9.130949870461210205e-01
9.140218393828677401e-01
9.133459226305392642e-01
9.138913051952487487e-01
9.154195684694729218e-01
9.178317687310896256e-01
9.189302824652532120e-01
9.185863636239008923e-01
9.214485790072177718e-01
9.230698255383760209e-01
9.248818069555528876e-01
9.257305771983357356e-01
9.289015446783953633e-01
9.297777330610433877e-01
9.330530086818943358e-01
9.338964145060080213e-01
9.355218333627979277e-01
9.384156392116116407e-01
9.381933138600961897e-01
9.393412994553207440e-01
9.417594601821256406e-01
9.420217206504012397e-01
9.404916692366205311e-01
9.406752515644134505e-01
9.425986936806075578e-01
9.418739011137368111e-01
9.416301180875442656e-01
9.408546615665747126e-01
9.409178424975683797e-01
9.404290843521456722e-01
9.398300576007434515e-01
9.380419180443189120e-01
9.371520205917382995e-01
9.382046387439535451e-01
9.374899789679025375e-01
9.352410954524392750e-01
9.338493268310221751e-01
9.344507377684996285e-01
9.319008507610381242e-01
9.309573091217647756e-01
9.312630809859133718e-01
9.301848328333893745e-01
9.293223535206739383e-01
9.271867188437842300e-01
9.279115114106549767e-01
9.275169286152039616e-01
9.271199616336777138e-01
9.259290606890989705e-01
9.281564865298851386e-01
9.271050604707075093e-01
9.276128921047320786e-01
9.303100026023390923e-01
9.296364700360858491e-01
9.308422721436347969e-01
9.337140242712527183e-01
9.337348858994110046e-01
9.349090975414631188e-01
9.365804119802012551e-01
9.399677443465881410e-01
9.412665297110711649e-01
9.431667260130317532e-01
9.448660546381538738e-01
9.445191555642075132e-01
9.475798544382875166e-01
9.471280511770309163e-01
9.504325330773035763e-01
9.498603284192477236e-01
9.510279835495929479e-01
9.538216535832468868e-01
9.551341480176624987e-01
9.545023387077258281e-01
9.569836803655242807e-01
9.560085482607540985e-01
9.583700845682722180e-01
9.571416326930085594e-01
9.592230271366867234e-01
9.600533199373865179e-01
9.601188850544554176e-01
9.602523994746684499e-01
9.606785727356162985e-01
9.587974499222576830e-01
9.736264912636866109e-01
9.597868871434792615e-01
9.579391429351739040e-01
9.576137015359046378e-01
9.574158140916603221e-01
9.565247245460419823e-01
9.560753054708606147e-01
9.554196543001716169e-01
9.560443110518825893e-01
9.537727777687046160e-01
9.543628638223247140e-01
9.534974042770152369e-01
9.510840119223609168e-01
9.502698123776689432e-01
9.493846832972387961e-01
9.500194728397695076e-01
9.475387272284897522e-01
9.466559823341348379e-01
9.473819669940432009e-01
9.462059672124346621e-01
9.436662129957930079e-01
9.430963925238123879e-01
9.435952834600548345e-01
9.427012136818425647e-01
9.404803443527631757e-01
9.413678576192685554e-01
9.390957282895717739e-01
9.401942420237352493e-01
9.392936157338160896e-01
9.378559515304507599e-01
9.361911936034195136e-01
9.373463317568697661e-01
9.368688984953044141e-01
9.361745043008928846e-01
9.356464070852288373e-01
9.351236742882340636e-01
9.333522240343360421e-01
9.340084712515439591e-01
9.319372095986854232e-01
9.312410272647174692e-01
9.310455240065483862e-01
9.320248284369502256e-01
9.301502621352985001e-01
9.294791137551204896e-01
9.289462481673059768e-01
9.304762995810865744e-01
9.301019823672750375e-01
9.289873753771037412e-01
9.285820637443141790e-01
9.281672153672236858e-01
9.264285476718602252e-01
9.262109906924952396e-01
9.254796416139174919e-01
9.253085762630195443e-01
9.251333385864899395e-01
9.260607869697555783e-01
9.242362885756836288e-01
9.248853832346657367e-01
9.252447992855070691e-01
9.231854585630248078e-01
9.246129899755703985e-01
9.242219834592322325e-01
9.224117901816117904e-01
9.223909285534535041e-01
9.238631634549097082e-01
9.237886576400586858e-01
9.233523515882910981e-01
9.229750541418855203e-01
9.213347341221254094e-01
9.231520799579715497e-01
9.225441125087872063e-01
9.228421357681912962e-01
9.227050450688654148e-01
9.213347341221254094e-01
9.227181580922791948e-01
9.209562445826822152e-01
9.223474171575805070e-01
9.208775664421995355e-01
9.225548413461257535e-01
9.223360922737231515e-01
9.227032569293089903e-01
9.213389064477570667e-01
9.226722625103309650e-01
9.239096550833767463e-01
9.212900306332147959e-01
9.228778985593197870e-01
9.230018762352318884e-01
9.234173206588411897e-01
9.228099492561756545e-01
9.235013632179931431e-01
9.235925583353707946e-01
9.223182108781589061e-01
9.224511292518531302e-01
9.240056185729048632e-01
9.242619185759923806e-01
9.226150420445253797e-01
9.225762990208028480e-01
9.243948369496866047e-01
9.235293774043771275e-01
9.251243978887078168e-01
9.252507597506951509e-01
9.253306299842154470e-01
9.258062751062244855e-01
9.242362885756836288e-01
9.245057016021849261e-01
9.262729795304512903e-01
9.249598890495167591e-01
9.263147027867678629e-01
9.269399555849976435e-01
9.268714102353347029e-01
9.258938939444892879e-01
9.274668607076240745e-01
9.257609755707949528e-01
9.262181432507209378e-01
9.264321239509730743e-01
9.268934639565306055e-01
9.282750997871279663e-01
9.285123263016136219e-01
9.270782383773611413e-01
9.275938186161302168e-01
9.274156007070065710e-01
9.275640162901898078e-01
9.291947995656489878e-01
9.282017860653145602e-01
9.299392616676404044e-01
9.284771595570039393e-01
9.285606060696370845e-01
9.290004884005175212e-01
9.304751074880489581e-01
9.318674721559848662e-01
9.308440602831912214e-01
9.293664609630657436e-01
9.312696374976202618e-01
9.311581767986031322e-01
9.301025784137938457e-01
9.303380167887230767e-01
