1.059123403921533146e+00
1.010375739380805493e+00
7.968235965756889083e-01
8.651996690272890644e-01
1.065549381440804133e+00
1.003829360464735032e+00
8.018667461713250288e-01
8.713681544504350285e-01
1.050635105447185635e+00
9.892345654051978299e-01
8.291865383608982842e-01
8.915544619029118767e-01
1.018781187389038445e+00
9.699786865685804393e-01
8.615637852625590565e-01
9.141523735704867315e-01
9.860516769947620386e-01
9.448779755685300374e-01
8.949805372930214054e-01
9.238768725248422964e-01
9.546436017326833667e-01
9.474433597854804434e-01
9.233094362389369092e-01
9.190113447918111245e-01
9.315253414541889709e-01
9.545708840573887688e-01
9.510029495958030044e-01
9.094310890950070281e-01
9.088147769945593701e-01
9.613115741385905855e-01
9.765930147877949219e-01
9.162111182464501846e-01
8.882714376773164222e-01
9.408194948219650300e-01
9.777880880580053224e-01
9.506334007541419329e-01
9.106249702721799233e-01
9.132076398381757665e-01
9.415514399470615858e-01
9.537483398614334806e-01
9.615887357698363891e-01
9.460176165124912773e-01
9.112871779545758111e-01
9.086985479233917751e-01
9.519298019325497240e-01
9.833110551012820277e-01
9.556163496513783162e-01
9.013379694626294514e-01
8.925474754032463043e-01
9.380484745560258020e-01
9.774459573562094272e-01
9.883428798130607928e-01
9.207142496960460942e-01
8.986033080343375223e-01
9.157980580089161160e-01
9.535647575336405612e-01
9.703631365732117153e-01
9.502161681909762070e-01
9.159071345218580129e-01
9.015579106280696697e-01
9.169734617440058466e-01
9.502340495865404524e-01
9.641451792890046724e-01
9.514267386706756202e-01
9.288854514223875425e-01
9.131086961160536086e-01
9.154744047492032744e-01
9.288490925847402435e-01
9.487373767778130018e-01
9.584666441043191432e-01
9.537799303269303142e-01
9.359742326705733362e-01
9.106780184123538513e-01
9.021324994722007551e-01
9.192688368879362582e-01
9.495611130668060174e-01
9.701956475014266168e-01
9.662998874544963535e-01
9.362865610464288224e-01
9.052820092775832883e-01
8.930225244787364236e-01
9.128386870430335032e-01
9.457356865090950082e-01
9.705669844826441128e-01
9.732551542824691149e-01
9.558589405845332454e-01
9.286166344424050534e-01
9.072024711611832437e-01
9.062213785912249797e-01
9.198392534064356862e-01
9.378154203671718037e-01
9.555644936042420046e-01
9.612150146025436603e-01
9.579087445627146868e-01
9.502382219121721096e-01
9.419627120450392299e-01
9.342355649752098756e-01
9.292913591016959129e-01
9.281660232741860694e-01
9.297115718974556797e-01
9.302521860900146988e-01
9.344918649782973930e-01
9.376819059469587714e-01
9.396351503890931767e-01
9.438217811372019428e-01
9.487451253825575082e-01
9.511221588995646403e-01
9.449274474295911164e-01
9.537364189310573170e-01
9.527249279886398359e-01
9.528918210139061262e-01
9.507198274993691189e-01
9.465862448914342808e-01
9.451950723165359891e-01
9.412295748269050577e-01
9.402890134202257499e-01
9.374720975723382921e-01
9.373797103619230242e-01
9.364486856995446473e-01
9.366328640738563749e-01
9.349687021933439368e-01
9.368510170997401687e-01
9.371675178012273122e-01
9.361959619755699791e-01
9.370560571022101826e-01
9.397048878317937337e-01
9.409840036611560876e-01
9.408999611020041343e-01
9.440959625358537055e-01
9.442706041658645022e-01
9.471924242010621997e-01
9.479231772331210282e-01
9.508902968037482584e-01
9.517772140237348300e-01
9.508521498265445349e-01
9.499646365600391551e-01
9.493918358554644943e-01
9.467215474512037376e-01
9.410066534288707985e-01
9.363783522103252821e-01
9.333176533362451677e-01
9.292615567757555040e-01
9.276021632673935313e-01
9.278691921078195959e-01
9.305448449307495151e-01
9.350682419619849028e-01
9.410251308709538520e-01
9.447510176600238951e-01
9.470851358276767273e-01
9.464658434946350285e-01
9.384305403745818452e-01
9.304065621383860174e-01
9.252322823086120973e-01
9.223652985531447523e-01
9.249813467241938536e-01
9.319860854132276939e-01
9.409232069162376533e-01
9.444935255638987615e-01
9.418077399501491032e-01
9.347690266095431966e-01
9.306479609785033302e-01
9.260756881327257828e-01
9.213061238892226168e-01
9.205115938796513131e-01
9.277434262923510699e-01
9.449852639419155098e-01
9.559787459348136895e-01
9.453738862721784431e-01
9.177304408228922350e-01
8.955092305552042609e-01
9.149534600917649252e-01
9.585351894539820838e-01
9.726465907867658522e-01
9.410066534288707985e-01
9.000362038655523866e-01
8.936787716959442296e-01
9.253652006823063214e-01
9.528512898506271700e-01
9.570492454825932915e-01
9.365839882593141041e-01
9.090222011831046167e-01
8.859379155561822872e-01
9.162862201078200153e-01
9.727491107880009702e-01
9.694392644690590366e-01
8.913166393419074129e-01
8.728964177246592016e-01
9.474749502509772769e-01
9.736330477753935009e-01
9.188718699064100104e-01
8.985270140799300753e-01
9.295703088724981411e-01
9.228677657685000479e-01
9.217167999406814527e-01
9.608037425045660163e-01
9.309245265632303257e-01
8.683801732516495120e-01
9.292681132874623939e-01
1.010697604500961910e+00
9.177256724507417696e-01
8.313245572238632253e-01
9.572972008344174943e-01
1.015681149444717102e+00
8.785630319789685672e-01
8.519841256122738793e-01
9.888781295869505383e-01
9.667409618784144065e-01
8.715809430576495487e-01
9.309436000518321874e-01
9.592623662069280632e-01
9.051681643924909260e-01
9.564609475685295070e-01
9.253550678914865824e-01
8.668465455587560653e-01
9.973163601537180512e-01
9.723569121786250768e-01
7.866782887790547685e-01
9.884126172557613499e-01
1.063043005829215737e+00
7.652814108468783960e-01
9.229148534434858941e-01
1.105504763782592326e+00
8.126891628133252610e-01
8.828748324960270510e-01
1.067918070306547840e+00
8.427191785239194211e-01
9.310461200530671944e-01
1.026784900043594906e+00
7.861400587725709821e-01
1.010017515423001777e+00
1.050670272191795318e+00
6.948918932547442084e-01
1.035812620617463597e+00
1.127848759633154785e+00
6.537628953174228208e-01
9.699983561037011093e-01
1.193357252282768677e+00
7.121384992764591138e-01
8.695490204750323526e-01
1.186227939871304038e+00
8.408326912918915319e-01
7.928044548993652407e-01
1.104995144009011332e+00
9.690095149289983389e-01
7.796348070662983964e-01
9.935231201080226837e-01
1.058938629500702611e+00
8.172334214727189350e-01
8.975000259280235815e-01
1.101713311876453494e+00
8.501047909384716883e-01
8.429468682941041457e-01
1.117661132533685375e+00
8.760667891581999100e-01
7.895804392791317960e-01
1.137033240441470250e+00
9.226108697188937224e-01
7.418067147501367087e-01
1.088022719385948189e+00
1.011628629163340287e+00
7.499803006625533897e-01
1.003481865344269863e+00
1.037488107381833391e+00
7.825137117521419050e-01
1.000709056938774211e+00
1.046482449350649047e+00
7.734657255966336242e-01
8.982576010534287780e-01
1.132122413173009434e+00
9.108830584148238652e-01
7.407385993884324504e-01
1.007723928418627679e+00
1.077071556695885279e+00
8.881993160485406325e-01
8.200247073202976411e-01
9.756834478000936395e-01
9.904850710016573911e-01
9.338487307845033669e-01
8.995122789755199966e-01
9.324629226282742378e-01
9.478170809527731722e-01
9.342516582312176965e-01
9.361584110448850637e-01
9.344119947447770969e-01
9.538168852110964213e-01
9.296686565481014908e-01
8.821440794639682226e-01
9.337736289231335363e-01
1.013056160575885878e+00
1.022591116737260331e+00
8.594668936093918798e-01
7.877791866992934766e-01
8.845038276319298065e-01
1.053820974090215357e+00
1.163162131686464651e+00
9.673513135136739827e-01
7.426268747600167641e-01
7.172728439894728858e-01
8.486283837113838269e-01
1.088682542882268844e+00
1.238979248878866235e+00
1.098103058112032127e+00
8.446682506404221691e-01
7.075703987563132236e-01
6.821513989152191426e-01
7.589335154215711698e-01
9.798974966880674708e-01
1.213591839503269210e+00
1.266396196651005335e+00
1.141145961421246691e+00
9.782506201566004700e-01
8.264941962354417360e-01
6.673795780395957999e-01
5.555648273902925594e-01
5.904633510665120433e-01
7.955087179551980636e-01
1.066747434943608575e+00
1.263250859171254570e+00
1.332294503723919776e+00
1.298895633089021784e+00
1.222158816118099178e+00
1.044476156768340713e+00
8.640063838966350884e-01
6.981010077120074486e-01
5.938345901768911084e-01
5.756802053070313452e-01
6.358016295196567969e-01
7.459355289859209703e-01
8.809245682864866867e-01
1.017778041097884278e+00
1.137973801848149558e+00
1.237040905599702034e+00
1.309174455305869067e+00
1.352135104195488102e+00
1.365959807152725025e+00
1.353599590492199800e+00
1.321215191032313330e+00
1.273555907434929413e+00
1.218949105614317130e+00
1.161199946546548123e+00
1.109867824300268202e+00
1.065209634925083471e+00
1.034288529668871082e+00
1.013404847789388663e+00
1.005244374900385651e+00
1.009587169836422271e+00
1.027384522841515935e+00
1.057978398558902633e+00
1.102389228628781970e+00
1.155360478801784385e+00
1.221515681924305152e+00
1.289134775297019031e+00
1.357036394719647765e+00
1.414563824482420129e+00
1.452853852850658045e+00
1.464311655081707908e+00
1.437440089874278293e+00
1.371607943964951559e+00
1.268223079231152406e+00
1.132333413640667530e+00
9.753371447726660870e-01
8.157182712219084308e-01
6.756950230234888277e-01
5.764002295017516264e-01
5.402792144154565657e-01
5.811674095591794487e-01
6.933952204460168689e-01
8.685160718579377770e-01
1.065327652135807490e+00
1.229353693646632939e+00
1.298105871451600946e+00
1.238798050737148548e+00
1.070569285222206846e+00
8.595664333780328459e-01
6.801200723791208658e-01
5.988169430276087946e-01
6.395632790998553308e-01
7.914454688364825907e-01
1.004473686751566675e+00
1.197661304195082765e+00
1.274595412563730878e+00
1.201344275634798509e+00
1.019452931815735264e+00
8.123333230415967776e-01
6.639087991605757688e-01
6.253058463699634473e-01
7.278389606283856006e-01
9.355176610371662704e-01
1.139590876053676149e+00
1.210668231328514866e+00
1.132961050624972765e+00
9.809960104222310573e-01
8.427328875938520092e-01
7.711101497543036976e-01
7.766247721463169773e-01
8.722824898102867763e-01
9.982146022575619781e-01
1.045774346086304929e+00
9.836543778961155393e-01
8.998144745605557437e-01
8.781708333695927848e-01
9.189189575813958566e-01
9.726453986937282359e-01
1.016659857828600133e+00
1.014226199892306335e+00
9.270055207020665433e-01
7.988096235763577635e-01
7.632006124497190402e-01
8.785672043046002244e-01
1.036062960155363033e+00
1.118766798826074549e+00
1.086704264486344496e+00
9.523255768210383554e-01
7.851315480627474308e-01
7.014889361249132538e-01
8.193589233587889042e-01
1.052848822218039215e+00
1.164916296591317346e+00
1.079321036257867350e+00
9.032488946019285869e-01
7.611072970756646017e-01
7.359404249120264918e-01
8.960480566082068554e-01
1.115241779713842751e+00
1.128325596848201329e+00
9.516687335573117412e-01
8.007139922039498980e-01
7.749379604980898284e-01
8.898318874635562370e-01
1.070140131728664734e+00
1.099847686272583669e+00
9.322918572773762902e-01
8.059532411042739097e-01
8.176744958966369881e-01
9.275908383835361759e-01
1.054534441773228748e+00
1.046150451439672890e+00
9.052086955557698822e-01
8.295978104588759283e-01
8.782358024401428764e-01
9.799445843630533171e-01
1.016187192939185246e+00
9.405751157492536763e-01
8.872843846421700764e-01
9.184057615287020138e-01
9.535963479991373948e-01
9.428603581023643487e-01
9.084494004785299559e-01
9.308029330733934570e-01
9.873403295684253234e-01
9.754277438435249303e-01
8.836252550632065494e-01
8.298094069730528322e-01
9.443767004462123582e-01
1.089438329868117616e+00
1.019640686469159840e+00
8.059228427318146926e-01
7.595253896147476924e-01
9.785826180675766262e-01
1.163920898904907464e+00
1.014837743620603527e+00
7.330859581334541186e-01
7.520420255711108837e-01
1.059162146945255678e+00
1.190275095734011579e+00
9.135867254241377688e-01
6.900645124989166490e-01
8.677853188258789485e-01
1.136177913686980512e+00
1.061867006047607198e+00
8.067757853002291979e-01
8.053238159804124718e-01
1.003400206971193143e+00
1.052269465001757665e+00
9.029872301801717960e-01
8.589638303475177761e-01
9.696443044715290505e-01
9.886814342357438390e-01
8.762950749749034429e-01
9.081597218703891805e-01
1.037134055749661332e+00
9.675730428186706256e-01
8.102251065045722456e-01
8.865953548664277095e-01
1.069761046142702732e+00
1.028627279833230990e+00
8.175099870574459304e-01
8.259523899498451005e-01
1.023419621398403700e+00
1.055550701087796917e+00
8.923048844700913751e-01
8.451444918089499048e-01
9.430069855459911610e-01
9.950650924521794449e-01
9.600062322624006717e-01
9.372855350119513318e-01
9.208674336513797964e-01
8.966303940570824471e-01
9.315754093617688580e-01
1.013155700344526844e+00
9.863574488589106348e-01
8.786613796545719168e-01
8.633709983075855687e-01
9.665234048990494209e-01
1.034429196647309812e+00
9.691412412096549467e-01
8.769507261455924407e-01
8.653349715870585213e-01
9.474242862968785817e-01
1.036517147602694866e+00
1.016045929914227708e+00
8.668507178843877226e-01
