-3.750000000000000000e+03
-3.735351562500000000e+03
-3.720703125000000000e+03
-3.706054687500000000e+03
-3.691406250000000000e+03
-3.676757812500000000e+03
-3.662109375000000000e+03
-3.647460937500000000e+03
-3.632812500000000000e+03
-3.618164062500000000e+03
-3.603515625000000000e+03
-3.588867187500000000e+03
-3.574218750000000000e+03
-3.559570312500000000e+03
-3.544921875000000000e+03
-3.530273437500000000e+03
-3.515625000000000000e+03
-3.500976562500000000e+03
-3.486328125000000000e+03
-3.471679687500000000e+03
-3.457031250000000000e+03
-3.442382812500000000e+03
-3.427734375000000000e+03
-3.413085937500000000e+03
-3.398437500000000000e+03
-3.383789062500000000e+03
-3.369140625000000000e+03
-3.354492187500000000e+03
-3.339843750000000000e+03
-3.325195312500000000e+03
-3.310546875000000000e+03
-3.295898437500000000e+03
-3.281250000000000000e+03
-3.266601562500000000e+03
-3.251953125000000000e+03
-3.237304687500000000e+03
-3.222656250000000000e+03
-3.208007812500000000e+03
-3.193359375000000000e+03
-3.178710937500000000e+03
-3.164062500000000000e+03
-3.149414062500000000e+03
-3.134765625000000000e+03
-3.120117187500000000e+03
-3.105468750000000000e+03
-3.090820312500000000e+03
-3.076171875000000000e+03
-3.061523437500000000e+03
-3.046875000000000000e+03
-3.032226562500000000e+03
-3.017578125000000000e+03
-3.002929687500000000e+03
-2.988281250000000000e+03
-2.973632812500000000e+03
-2.958984375000000000e+03
-2.944335937500000000e+03
-2.929687500000000000e+03
-2.915039062500000000e+03
-2.900390625000000000e+03
-2.885742187500000000e+03
-2.871093750000000000e+03
-2.856445312500000000e+03
-2.841796875000000000e+03
-2.827148437500000000e+03
-2.812500000000000000e+03
-2.797851562500000000e+03
-2.783203125000000000e+03
-2.768554687500000000e+03
-2.753906250000000000e+03
-2.739257812500000000e+03
-2.724609375000000000e+03
-2.709960937500000000e+03
-2.695312500000000000e+03
-2.680664062500000000e+03
-2.666015625000000000e+03
-2.651367187500000000e+03
-2.636718750000000000e+03
-2.622070312500000000e+03
-2.607421875000000000e+03
-2.592773437500000000e+03
-2.578125000000000000e+03
-2.563476562500000000e+03
-2.548828125000000000e+03
-2.534179687500000000e+03
-2.519531250000000000e+03
-2.504882812500000000e+03
-2.490234375000000000e+03
-2.475585937500000000e+03
-2.460937500000000000e+03
-2.446289062500000000e+03
-2.431640625000000000e+03
-2.416992187500000000e+03
-2.402343750000000000e+03
-2.387695312500000000e+03
-2.373046875000000000e+03
-2.358398437500000000e+03
-2.343750000000000000e+03
-2.329101562500000000e+03
-2.314453125000000000e+03
-2.299804687500000000e+03
-2.285156250000000000e+03
-2.270507812500000000e+03
-2.255859375000000000e+03
-2.241210937500000000e+03
-2.226562500000000000e+03
-2.211914062500000000e+03
-2.197265625000000000e+03
-2.182617187500000000e+03
-2.167968750000000000e+03
-2.153320312500000000e+03
-2.138671875000000000e+03
-2.124023437500000000e+03
-2.109375000000000000e+03
-2.094726562500000000e+03
-2.080078125000000000e+03
-2.065429687500000000e+03
-2.050781250000000000e+03
-2.036132812500000000e+03
-2.021484375000000000e+03
-2.006835937500000000e+03
-1.992187500000000000e+03
-1.977539062500000000e+03
-1.962890625000000000e+03
-1.948242187500000000e+03
-1.933593750000000000e+03
-1.918945312500000000e+03
-1.904296875000000000e+03
-1.889648437500000000e+03
-1.875000000000000000e+03
-1.860351562500000000e+03
-1.845703125000000000e+03
-1.831054687500000000e+03
-1.816406250000000000e+03
-1.801757812500000000e+03
-1.787109375000000000e+03
-1.772460937500000000e+03
-1.757812500000000000e+03
-1.743164062500000000e+03
-1.728515625000000000e+03
-1.713867187500000000e+03
-1.699218750000000000e+03
-1.684570312500000000e+03
-1.669921875000000000e+03
-1.655273437500000000e+03
-1.640625000000000000e+03
-1.625976562500000000e+03
-1.611328125000000000e+03
-1.596679687500000000e+03
-1.582031250000000000e+03
-1.567382812500000000e+03
-1.552734375000000000e+03
-1.538085937500000000e+03
-1.523437500000000000e+03
-1.508789062500000000e+03
-1.494140625000000000e+03
-1.479492187500000000e+03
-1.464843750000000000e+03
-1.450195312500000000e+03
-1.435546875000000000e+03
-1.420898437500000000e+03
-1.406250000000000000e+03
-1.391601562500000000e+03
-1.376953125000000000e+03
-1.362304687500000000e+03
-1.347656250000000000e+03
-1.333007812500000000e+03
-1.318359375000000000e+03
-1.303710937500000000e+03
-1.289062500000000000e+03
-1.274414062500000000e+03
-1.259765625000000000e+03
-1.245117187500000000e+03
-1.230468750000000000e+03
-1.215820312500000000e+03
-1.201171875000000000e+03
-1.186523437500000000e+03
-1.171875000000000000e+03
-1.157226562500000000e+03
-1.142578125000000000e+03
-1.127929687500000000e+03
-1.113281250000000000e+03
-1.098632812500000000e+03
-1.083984375000000000e+03
-1.069335937500000000e+03
-1.054687500000000000e+03
-1.040039062500000000e+03
-1.025390625000000000e+03
-1.010742187500000000e+03
-9.960937500000000000e+02
-9.814453125000000000e+02
-9.667968750000000000e+02
-9.521484375000000000e+02
-9.375000000000000000e+02
-9.228515625000000000e+02
-9.082031250000000000e+02
-8.935546875000000000e+02
-8.789062500000000000e+02
-8.642578125000000000e+02
-8.496093750000000000e+02
-8.349609375000000000e+02
-8.203125000000000000e+02
-8.056640625000000000e+02
-7.910156250000000000e+02
-7.763671875000000000e+02
-7.617187500000000000e+02
-7.470703125000000000e+02
-7.324218750000000000e+02
-7.177734375000000000e+02
-7.031250000000000000e+02
-6.884765625000000000e+02
-6.738281250000000000e+02
-6.591796875000000000e+02
-6.445312500000000000e+02
-6.298828125000000000e+02
-6.152343750000000000e+02
-6.005859375000000000e+02
-5.859375000000000000e+02
-5.712890625000000000e+02
-5.566406250000000000e+02
-5.419921875000000000e+02
-5.273437500000000000e+02
-5.126953125000000000e+02
-4.980468750000000000e+02
-4.833984375000000000e+02
-4.687500000000000000e+02
-4.541015625000000000e+02
-4.394531250000000000e+02
-4.248046875000000000e+02
-4.101562500000000000e+02
-3.955078125000000000e+02
-3.808593750000000000e+02
-3.662109375000000000e+02
-3.515625000000000000e+02
-3.369140625000000000e+02
-3.222656250000000000e+02
-3.076171875000000000e+02
-2.929687500000000000e+02
-2.783203125000000000e+02
-2.636718750000000000e+02
-2.490234375000000000e+02
-2.343750000000000000e+02
-2.197265625000000000e+02
-2.050781250000000000e+02
-1.904296875000000000e+02
-1.757812500000000000e+02
-1.611328125000000000e+02
-1.464843750000000000e+02
-1.318359375000000000e+02
-1.171875000000000000e+02
-1.025390625000000000e+02
-8.789062500000000000e+01
-7.324218750000000000e+01
-5.859375000000000000e+01
-4.394531250000000000e+01
-2.929687500000000000e+01
-1.464843750000000000e+01
0.000000000000000000e+00
1.464843750000000000e+01
2.929687500000000000e+01
4.394531250000000000e+01
5.859375000000000000e+01
7.324218750000000000e+01
8.789062500000000000e+01
1.025390625000000000e+02
1.171875000000000000e+02
1.318359375000000000e+02
1.464843750000000000e+02
1.611328125000000000e+02
1.757812500000000000e+02
1.904296875000000000e+02
2.050781250000000000e+02
2.197265625000000000e+02
2.343750000000000000e+02
2.490234375000000000e+02
2.636718750000000000e+02
2.783203125000000000e+02
2.929687500000000000e+02
3.076171875000000000e+02
3.222656250000000000e+02
3.369140625000000000e+02
3.515625000000000000e+02
3.662109375000000000e+02
3.808593750000000000e+02
3.955078125000000000e+02
4.101562500000000000e+02
4.248046875000000000e+02
4.394531250000000000e+02
4.541015625000000000e+02
4.687500000000000000e+02
4.833984375000000000e+02
4.980468750000000000e+02
5.126953125000000000e+02
5.273437500000000000e+02
5.419921875000000000e+02
5.566406250000000000e+02
5.712890625000000000e+02
5.859375000000000000e+02
6.005859375000000000e+02
6.152343750000000000e+02
6.298828125000000000e+02
6.445312500000000000e+02
6.591796875000000000e+02
6.738281250000000000e+02
6.884765625000000000e+02
7.031250000000000000e+02
7.177734375000000000e+02
7.324218750000000000e+02
7.470703125000000000e+02
7.617187500000000000e+02
7.763671875000000000e+02
7.910156250000000000e+02
8.056640625000000000e+02
8.203125000000000000e+02
8.349609375000000000e+02
8.496093750000000000e+02
8.642578125000000000e+02
8.789062500000000000e+02
8.935546875000000000e+02
9.082031250000000000e+02
9.228515625000000000e+02
9.375000000000000000e+02
9.521484375000000000e+02
9.667968750000000000e+02
9.814453125000000000e+02
9.960937500000000000e+02
1.010742187500000000e+03
1.025390625000000000e+03
1.040039062500000000e+03
1.054687500000000000e+03
1.069335937500000000e+03
1.083984375000000000e+03
1.098632812500000000e+03
1.113281250000000000e+03
1.127929687500000000e+03
1.142578125000000000e+03
1.157226562500000000e+03
1.171875000000000000e+03
1.186523437500000000e+03
1.201171875000000000e+03
1.215820312500000000e+03
1.230468750000000000e+03
1.245117187500000000e+03
1.259765625000000000e+03
1.274414062500000000e+03
1.289062500000000000e+03
1.303710937500000000e+03
1.318359375000000000e+03
1.333007812500000000e+03
1.347656250000000000e+03
1.362304687500000000e+03
1.376953125000000000e+03
1.391601562500000000e+03
1.406250000000000000e+03
1.420898437500000000e+03
1.435546875000000000e+03
1.450195312500000000e+03
1.464843750000000000e+03
1.479492187500000000e+03
1.494140625000000000e+03
1.508789062500000000e+03
1.523437500000000000e+03
1.538085937500000000e+03
1.552734375000000000e+03
1.567382812500000000e+03
1.582031250000000000e+03
1.596679687500000000e+03
1.611328125000000000e+03
1.625976562500000000e+03
1.640625000000000000e+03
1.655273437500000000e+03
1.669921875000000000e+03
1.684570312500000000e+03
1.699218750000000000e+03
1.713867187500000000e+03
1.728515625000000000e+03
1.743164062500000000e+03
1.757812500000000000e+03
1.772460937500000000e+03
1.787109375000000000e+03
1.801757812500000000e+03
1.816406250000000000e+03
1.831054687500000000e+03
1.845703125000000000e+03
1.860351562500000000e+03
1.875000000000000000e+03
1.889648437500000000e+03
1.904296875000000000e+03
1.918945312500000000e+03
1.933593750000000000e+03
1.948242187500000000e+03
1.962890625000000000e+03
1.977539062500000000e+03
1.992187500000000000e+03
2.006835937500000000e+03
2.021484375000000000e+03
2.036132812500000000e+03
2.050781250000000000e+03
2.065429687500000000e+03
2.080078125000000000e+03
2.094726562500000000e+03
2.109375000000000000e+03
2.124023437500000000e+03
2.138671875000000000e+03
2.153320312500000000e+03
2.167968750000000000e+03
2.182617187500000000e+03
2.197265625000000000e+03
2.211914062500000000e+03
2.226562500000000000e+03
2.241210937500000000e+03
2.255859375000000000e+03
2.270507812500000000e+03
2.285156250000000000e+03
2.299804687500000000e+03
2.314453125000000000e+03
2.329101562500000000e+03
2.343750000000000000e+03
2.358398437500000000e+03
2.373046875000000000e+03
2.387695312500000000e+03
2.402343750000000000e+03
2.416992187500000000e+03
2.431640625000000000e+03
2.446289062500000000e+03
2.460937500000000000e+03
2.475585937500000000e+03
2.490234375000000000e+03
2.504882812500000000e+03
2.519531250000000000e+03
2.534179687500000000e+03
2.548828125000000000e+03
2.563476562500000000e+03
2.578125000000000000e+03
2.592773437500000000e+03
2.607421875000000000e+03
2.622070312500000000e+03
2.636718750000000000e+03
2.651367187500000000e+03
2.666015625000000000e+03
2.680664062500000000e+03
2.695312500000000000e+03
2.709960937500000000e+03
2.724609375000000000e+03
2.739257812500000000e+03
2.753906250000000000e+03
2.768554687500000000e+03
2.783203125000000000e+03
2.797851562500000000e+03
2.812500000000000000e+03
2.827148437500000000e+03
2.841796875000000000e+03
2.856445312500000000e+03
2.871093750000000000e+03
2.885742187500000000e+03
2.900390625000000000e+03
2.915039062500000000e+03
2.929687500000000000e+03
2.944335937500000000e+03
2.958984375000000000e+03
2.973632812500000000e+03
2.988281250000000000e+03
3.002929687500000000e+03
3.017578125000000000e+03
3.032226562500000000e+03
3.046875000000000000e+03
3.061523437500000000e+03
3.076171875000000000e+03
3.090820312500000000e+03
3.105468750000000000e+03
3.120117187500000000e+03
3.134765625000000000e+03
3.149414062500000000e+03
3.164062500000000000e+03
3.178710937500000000e+03
3.193359375000000000e+03
3.208007812500000000e+03
3.222656250000000000e+03
3.237304687500000000e+03
3.251953125000000000e+03
3.266601562500000000e+03
3.281250000000000000e+03
3.295898437500000000e+03
3.310546875000000000e+03
3.325195312500000000e+03
3.339843750000000000e+03
3.354492187500000000e+03
3.369140625000000000e+03
3.383789062500000000e+03
3.398437500000000000e+03
3.413085937500000000e+03
3.427734375000000000e+03
3.442382812500000000e+03
3.457031250000000000e+03
3.471679687500000000e+03
3.486328125000000000e+03
3.500976562500000000e+03
3.515625000000000000e+03
3.530273437500000000e+03
3.544921875000000000e+03
3.559570312500000000e+03
3.574218750000000000e+03
3.588867187500000000e+03
3.603515625000000000e+03
3.618164062500000000e+03
3.632812500000000000e+03
3.647460937500000000e+03
3.662109375000000000e+03
3.676757812500000000e+03
3.691406250000000000e+03
3.706054687500000000e+03
3.720703125000000000e+03
3.735351562500000000e+03
