9.368514312499999497e-02
1.873702862499999899e-01
2.810554293749999988e-01
3.747405724999999799e-01
4.684257156249999610e-01
5.621108587499999976e-01
6.557960018749999787e-01
7.494811449999999597e-01
8.431662881249999408e-01
9.368514312499999219e-01
1.030536574374999903e+00
1.124221717499999995e+00
1.217906860624999865e+00
1.311592003749999957e+00
1.405277146874999827e+00
1.498962289999999919e+00
1.592647433125000012e+00
1.686332576249999882e+00
1.780017719374999974e+00
1.873702862499999844e+00
1.967388005624999936e+00
2.061073148749999806e+00
2.154758291874999898e+00
2.248443434999999990e+00
2.342128578125000082e+00
2.435813721249999730e+00
2.529498864374999823e+00
2.623184007499999915e+00
2.716869150625000007e+00
2.810554293749999655e+00
2.904239436874999747e+00
2.997924579999999839e+00
3.091609723124999931e+00
3.185294866250000023e+00
3.278980009374999671e+00
3.372665152499999763e+00
3.466350295624999855e+00
3.560035438749999948e+00
3.653720581874999596e+00
3.747405724999999688e+00
3.841090868124999780e+00
3.934776011249999872e+00
4.028461154374999964e+00
4.122146297499999612e+00
4.215831440625000148e+00
4.309516583749999796e+00
4.403201726874999444e+00
4.496886869999999981e+00
4.590572013124999629e+00
4.684257156250000165e+00
4.777942299374999813e+00
4.871627442499999461e+00
4.965312585624999997e+00
5.058997728749999645e+00
5.152682871874999293e+00
5.246368014999999829e+00
5.340053158124999477e+00
5.433738301250000013e+00
5.527423444374999661e+00
5.621108587499999310e+00
5.714793730624999846e+00
5.808478873749999494e+00
5.902164016875000030e+00
5.995849159999999678e+00
6.089534303124999326e+00
6.183219446249999862e+00
6.276904589374999510e+00
6.370589732500000046e+00
6.464274875624999694e+00
6.557960018749999342e+00
6.651645161874999879e+00
6.745330304999999527e+00
6.839015448125000063e+00
6.932700591249999711e+00
7.026385734374999359e+00
7.120070877499999895e+00
7.213756020624999543e+00
7.307441163749999191e+00
7.401126306874999727e+00
7.494811449999999375e+00
7.588496593124999912e+00
7.682181736249999560e+00
7.775866879374999208e+00
7.869552022499999744e+00
7.963237165624999392e+00
8.056922308749999928e+00
8.150607451874998688e+00
8.244292594999999224e+00
8.337977738124999760e+00
8.431662881250000297e+00
8.525348024374999056e+00
8.619033167499999593e+00
8.712718310625000129e+00
8.806403453749998889e+00
8.900088596874999425e+00
8.993773739999999961e+00
9.087458883124998721e+00
9.181144026249999257e+00
9.274829169374999793e+00
9.368514312500000329e+00
9.462199455624999089e+00
9.555884598749999626e+00
9.649569741875000162e+00
9.743254884999998922e+00
9.836940028124999458e+00
9.930625171249999994e+00
1.002431031437499875e+01
1.011799545749999929e+01
1.021168060062499983e+01
1.030536574374999859e+01
1.039905088687499912e+01
1.049273602999999966e+01
1.058642117312500019e+01
1.068010631624999895e+01
1.077379145937499949e+01
1.086747660250000003e+01
1.096116174562499879e+01
1.105484688874999932e+01
1.114853203187499986e+01
1.124221717499999862e+01
1.133590231812499916e+01
1.142958746124999969e+01
1.152327260437500023e+01
1.161695774749999899e+01
1.171064289062499952e+01
1.180432803375000006e+01
1.189801317687499882e+01
1.199169831999999936e+01
