-1.310728327405685789e+00
-1.283978769703528977e+00
-1.257229212001372165e+00
-1.230479654299215353e+00
-1.203730096597058319e+00
-1.176980538894901507e+00
-1.150230981192744695e+00
-1.123481423490587883e+00
-1.096731865788431071e+00
-1.069982308086274259e+00
-1.043232750384117224e+00
-1.016483192681960412e+00
-9.897336349798036004e-01
-9.629840772776467883e-01
-9.362345195754898652e-01
-9.094849618733330532e-01
-8.827354041711761301e-01
-8.559858464690193181e-01
-8.292362887668625060e-01
-8.024867310647055829e-01
-7.757371733625487709e-01
-7.489876156603918478e-01
-7.222380579582350357e-01
-6.954885002560782237e-01
-6.687389425539213006e-01
-6.419893848517644885e-01
-6.152398271496076765e-01
-5.884902694474507534e-01
-5.617407117452939413e-01
-5.349911540431371293e-01
-5.082415963409802062e-01
-4.814920386388233942e-01
-4.547424809366665266e-01
-4.279929232345096590e-01
-4.012433655323527915e-01
-3.744938078301959239e-01
-3.477442501280391118e-01
-3.209946924258822443e-01
-2.942451347237253767e-01
-2.674955770215685646e-01
-2.407460193194116971e-01
-2.139964616172548295e-01
-1.872469039150979619e-01
-1.604973462129411221e-01
-1.337477885107842823e-01
-1.069982308086274148e-01
-8.024867310647056107e-02
-5.349911540431370738e-02
-2.674955770215685369e-02
0.000000000000000000e+00
2.674955770215685369e-02
5.349911540431370738e-02
8.024867310647056107e-02
1.069982308086274148e-01
1.337477885107842823e-01
1.604973462129411221e-01
1.872469039150979619e-01
2.139964616172548295e-01
2.407460193194116971e-01
2.674955770215685646e-01
2.942451347237253767e-01
3.209946924258822443e-01
3.477442501280391118e-01
3.744938078301959239e-01
4.012433655323527915e-01
4.279929232345096590e-01
4.547424809366665266e-01
4.814920386388233942e-01
5.082415963409802062e-01
5.349911540431371293e-01
5.617407117452939413e-01
5.884902694474507534e-01
6.152398271496076765e-01
6.419893848517644885e-01
6.687389425539213006e-01
6.954885002560782237e-01
7.222380579582350357e-01
7.489876156603918478e-01
7.757371733625487709e-01
8.024867310647055829e-01
8.292362887668625060e-01
8.559858464690193181e-01
8.827354041711761301e-01
9.094849618733330532e-01
9.362345195754898652e-01
9.629840772776467883e-01
9.897336349798036004e-01
1.016483192681960412e+00
1.043232750384117224e+00
1.069982308086274259e+00
1.096731865788431071e+00
1.123481423490587883e+00
1.150230981192744695e+00
1.176980538894901507e+00
1.203730096597058319e+00
1.230479654299215353e+00
1.257229212001372165e+00
1.283978769703528977e+00
1.310728327405685789e+00
1.337477885107842601e+00
