-1.311182259293965702e+00
-1.284423437675721535e+00
-1.257664616057477369e+00
-1.230905794439232981e+00
-1.204146972820988815e+00
-1.177388151202744648e+00
-1.150629329584500482e+00
-1.123870507966256316e+00
-1.097111686348012149e+00
-1.070352864729767983e+00
-1.043594043111523595e+00
-1.016835221493279429e+00
-9.900763998750352624e-01
-9.633175782567910961e-01
-9.365587566385469298e-01
-9.097999350203027635e-01
-8.830411134020584862e-01
-8.562822917838143200e-01
-8.295234701655701537e-01
-8.027646485473258764e-01
-7.760058269290817101e-01
-7.492470053108375438e-01
-7.224881836925933776e-01
-6.957293620743491003e-01
-6.689705404561049340e-01
-6.422117188378607677e-01
-6.154528972196164904e-01
-5.886940756013723242e-01
-5.619352539831281579e-01
-5.351764323648839916e-01
-5.084176107466397143e-01
-4.816587891283955480e-01
-4.548999675101513818e-01
-4.281411458919071600e-01
-4.013823242736629382e-01
-3.746235026554187719e-01
-3.478646810371745501e-01
-3.211058594189303839e-01
-2.943470378006861621e-01
-2.675882161824419958e-01
-2.408293945641977740e-01
-2.140705729459535800e-01
-1.873117513277093860e-01
-1.605529297094651919e-01
-1.337941080912209979e-01
-1.070352864729767900e-01
-8.027646485473259597e-02
-5.351764323648839500e-02
-2.675882161824419750e-02
0.000000000000000000e+00
2.675882161824419750e-02
5.351764323648839500e-02
8.027646485473259597e-02
1.070352864729767900e-01
1.337941080912209979e-01
1.605529297094651919e-01
1.873117513277093860e-01
2.140705729459535800e-01
2.408293945641977740e-01
2.675882161824419958e-01
2.943470378006861621e-01
3.211058594189303839e-01
3.478646810371745501e-01
3.746235026554187719e-01
4.013823242736629382e-01
4.281411458919071600e-01
4.548999675101513818e-01
4.816587891283955480e-01
5.084176107466397143e-01
5.351764323648839916e-01
5.619352539831281579e-01
5.886940756013723242e-01
6.154528972196164904e-01
6.422117188378607677e-01
6.689705404561049340e-01
6.957293620743491003e-01
7.224881836925933776e-01
7.492470053108375438e-01
7.760058269290817101e-01
8.027646485473258764e-01
8.295234701655701537e-01
8.562822917838143200e-01
8.830411134020584862e-01
9.097999350203027635e-01
9.365587566385469298e-01
9.633175782567910961e-01
9.900763998750352624e-01
1.016835221493279429e+00
1.043594043111523595e+00
1.070352864729767983e+00
1.097111686348012149e+00
1.123870507966256316e+00
1.150629329584500482e+00
1.177388151202744648e+00
1.204146972820988815e+00
1.230905794439232981e+00
1.257664616057477369e+00
1.284423437675721535e+00
1.311182259293965702e+00
1.337941080912209868e+00
