-1.304574673286408526e+00
-1.277950700362195935e+00
-1.251326727437983566e+00
-1.224702754513771197e+00
-1.198078781589558828e+00
-1.171454808665346459e+00
-1.144830835741133868e+00
-1.118206862816921499e+00
-1.091582889892709129e+00
-1.064958916968496760e+00
-1.038334944044284391e+00
-1.011710971120071800e+00
-9.850869981958594312e-01
-9.584630252716470622e-01
-9.318390523474345821e-01
-9.052150794232222131e-01
-8.785911064990097330e-01
-8.519671335747973639e-01
-8.253431606505849949e-01
-7.987191877263725148e-01
-7.720952148021601458e-01
-7.454712418779476657e-01
-7.188472689537352966e-01
-6.922232960295228166e-01
-6.655993231053104475e-01
-6.389753501810979675e-01
-6.123513772568855984e-01
-5.857274043326732293e-01
-5.591034314084607493e-01
-5.324794584842483802e-01
-5.058554855600359001e-01
-4.792315126358235311e-01
-4.526075397116111065e-01
-4.259835667873986820e-01
-3.993595938631862574e-01
-3.727356209389738328e-01
-3.461116480147614083e-01
-3.194876750905489837e-01
-2.928637021663366147e-01
-2.662397292421241901e-01
-2.396157563179117655e-01
-2.129917833936993410e-01
-1.863678104694869164e-01
-1.597438375452744919e-01
-1.331198646210620951e-01
-1.064958916968496705e-01
-7.987191877263724593e-02
-5.324794584842483525e-02
-2.662397292421241762e-02
0.000000000000000000e+00
2.662397292421241762e-02
5.324794584842483525e-02
7.987191877263724593e-02
1.064958916968496705e-01
1.331198646210620951e-01
1.597438375452744919e-01
1.863678104694869164e-01
2.129917833936993410e-01
2.396157563179117655e-01
2.662397292421241901e-01
2.928637021663366147e-01
3.194876750905489837e-01
3.461116480147614083e-01
3.727356209389738328e-01
3.993595938631862574e-01
4.259835667873986820e-01
4.526075397116111065e-01
4.792315126358235311e-01
5.058554855600359001e-01
5.324794584842483802e-01
5.591034314084607493e-01
5.857274043326732293e-01
6.123513772568855984e-01
6.389753501810979675e-01
6.655993231053104475e-01
6.922232960295228166e-01
7.188472689537352966e-01
7.454712418779476657e-01
7.720952148021601458e-01
7.987191877263725148e-01
8.253431606505849949e-01
8.519671335747973639e-01
8.785911064990097330e-01
9.052150794232222131e-01
9.318390523474345821e-01
9.584630252716470622e-01
9.850869981958594312e-01
1.011710971120071800e+00
1.038334944044284391e+00
1.064958916968496760e+00
1.091582889892709129e+00
1.118206862816921499e+00
1.144830835741133868e+00
1.171454808665346459e+00
1.198078781589558828e+00
1.224702754513771197e+00
1.251326727437983566e+00
1.277950700362195935e+00
1.304574673286408526e+00
1.331198646210620895e+00
