-1.318316003903833300e+00
-1.291411595660898026e+00
-1.264507187417962530e+00
-1.237602779175027257e+00
-1.210698370932091761e+00
-1.183793962689156487e+00
-1.156889554446220991e+00
-1.129985146203285717e+00
-1.103080737960350444e+00
-1.076176329717414948e+00
-1.049271921474479674e+00
-1.022367513231544178e+00
-9.954631049886089045e-01
-9.685586967456735197e-01
-9.416542885027381349e-01
-9.147498802598027501e-01
-8.878454720168673653e-01
-8.609410637739319805e-01
-8.340366555309965957e-01
-8.071322472880612109e-01
-7.802278390451258261e-01
-7.533234308021904413e-01
-7.264190225592550565e-01
-6.995146143163197827e-01
-6.726102060733843979e-01
-6.457057978304490131e-01
-6.188013895875136283e-01
-5.918969813445782435e-01
-5.649925731016428587e-01
-5.380881648587074739e-01
-5.111837566157720891e-01
-4.842793483728367598e-01
-4.573749401299013750e-01
-4.304705318869659902e-01
-4.035661236440306054e-01
-3.766617154010952206e-01
-3.497573071581598914e-01
-3.228528989152245066e-01
-2.959484906722891218e-01
-2.690440824293537370e-01
-2.421396741864183799e-01
-2.152352659434829951e-01
-1.883308577005476103e-01
-1.614264494576122533e-01
-1.345220412146768685e-01
-1.076176329717414976e-01
-8.071322472880612664e-02
-5.380881648587074878e-02
-2.690440824293537439e-02
0.000000000000000000e+00
2.690440824293537439e-02
5.380881648587074878e-02
8.071322472880612664e-02
1.076176329717414976e-01
1.345220412146768685e-01
1.614264494576122533e-01
1.883308577005476103e-01
2.152352659434829951e-01
2.421396741864183799e-01
2.690440824293537370e-01
2.959484906722891218e-01
3.228528989152245066e-01
3.497573071581598914e-01
3.766617154010952206e-01
4.035661236440306054e-01
4.304705318869659902e-01
4.573749401299013750e-01
4.842793483728367598e-01
5.111837566157720891e-01
5.380881648587074739e-01
5.649925731016428587e-01
5.918969813445782435e-01
6.188013895875136283e-01
6.457057978304490131e-01
6.726102060733843979e-01
6.995146143163197827e-01
7.264190225592550565e-01
7.533234308021904413e-01
7.802278390451258261e-01
8.071322472880612109e-01
8.340366555309965957e-01
8.609410637739319805e-01
8.878454720168673653e-01
9.147498802598027501e-01
9.416542885027381349e-01
9.685586967456735197e-01
9.954631049886089045e-01
1.022367513231544178e+00
1.049271921474479674e+00
1.076176329717414948e+00
1.103080737960350444e+00
1.129985146203285717e+00
1.156889554446220991e+00
1.183793962689156487e+00
1.210698370932091761e+00
1.237602779175027257e+00
1.264507187417962530e+00
1.291411595660898026e+00
1.318316003903833300e+00
1.345220412146768796e+00
