-1.310671608018113110e+00
-1.283923207854478221e+00
-1.257174807690843110e+00
-1.230426407527208221e+00
-1.203678007363573332e+00
-1.176929607199938221e+00
-1.150181207036303332e+00
-1.123432806872668444e+00
-1.096684406709033333e+00
-1.069936006545398444e+00
-1.043187606381763555e+00
-1.016439206218128444e+00
-9.896908060544935548e-01
-9.629424058908586659e-01
-9.361940057272236659e-01
-9.094456055635886660e-01
-8.826972053999537771e-01
-8.559488052363187771e-01
-8.292004050726837772e-01
-8.024520049090488882e-01
-7.757036047454138883e-01
-7.489552045817788883e-01
-7.222068044181439994e-01
-6.954584042545089995e-01
-6.687100040908739995e-01
-6.419616039272391106e-01
-6.152132037636041106e-01
-5.884648035999691107e-01
-5.617164034363342218e-01
-5.349680032726992218e-01
-5.082196031090642219e-01
-4.814712029454293329e-01
-4.547228027817943330e-01
-4.279744026181593886e-01
-4.012260024545244441e-01
-3.744776022908894442e-01
-3.477292021272544997e-01
-3.209808019636195553e-01
-2.942324017999845553e-01
-2.674840016363496109e-01
-2.407356014727146665e-01
-2.139872013090796943e-01
-1.872388011454447221e-01
-1.604904009818097776e-01
-1.337420008181748055e-01
-1.069936006545398471e-01
-8.024520049090488882e-02
-5.349680032726992357e-02
-2.674840016363496178e-02
0.000000000000000000e+00
2.674840016363496178e-02
5.349680032726992357e-02
8.024520049090488882e-02
1.069936006545398471e-01
1.337420008181748055e-01
1.604904009818097776e-01
1.872388011454447221e-01
2.139872013090796943e-01
2.407356014727146665e-01
2.674840016363496109e-01
2.942324017999845553e-01
3.209808019636195553e-01
3.477292021272544997e-01
3.744776022908894442e-01
4.012260024545244441e-01
4.279744026181593886e-01
4.547228027817943330e-01
4.814712029454293329e-01
5.082196031090642219e-01
5.349680032726992218e-01
5.617164034363342218e-01
5.884648035999691107e-01
6.152132037636041106e-01
6.419616039272391106e-01
6.687100040908739995e-01
6.954584042545089995e-01
7.222068044181439994e-01
7.489552045817788883e-01
7.757036047454138883e-01
8.024520049090488882e-01
8.292004050726837772e-01
8.559488052363187771e-01
8.826972053999537771e-01
9.094456055635886660e-01
9.361940057272236659e-01
9.629424058908586659e-01
9.896908060544935548e-01
1.016439206218128444e+00
1.043187606381763555e+00
1.069936006545398444e+00
1.096684406709033333e+00
1.123432806872668444e+00
1.150181207036303332e+00
1.176929607199938221e+00
1.203678007363573332e+00
1.230426407527208221e+00
1.257174807690843110e+00
1.283923207854478221e+00
1.310671608018113110e+00
1.337420008181747999e+00
