-1.319982140228823209e+00
-1.293043729203745329e+00
-1.266105318178667227e+00
-1.239166907153589126e+00
-1.212228496128511246e+00
-1.185290085103433144e+00
-1.158351674078355042e+00
-1.131413263053277163e+00
-1.104474852028199061e+00
-1.077536441003120959e+00
-1.050598029978043080e+00
-1.023659618952964978e+00
-9.967212079278869874e-01
-9.697827969028088857e-01
-9.428443858777308950e-01
-9.159059748526529043e-01
-8.889675638275748026e-01
-8.620291528024968120e-01
-8.350907417774188213e-01
-8.081523307523407196e-01
-7.812139197272627289e-01
-7.542755087021847382e-01
-7.273370976771066365e-01
-7.003986866520286458e-01
-6.734602756269506552e-01
-6.465218646018726645e-01
-6.195834535767945628e-01
-5.926450425517165721e-01
-5.657066315266385814e-01
-5.387682205015604797e-01
-5.118298094764824890e-01
-4.848913984514044428e-01
-4.579529874263264522e-01
-4.310145764012484060e-01
-4.040761653761703598e-01
-3.771377543510923691e-01
-3.501993433260143229e-01
-3.232609323009363322e-01
-2.963225212758582860e-01
-2.693841102507802399e-01
-2.424456992257022214e-01
-2.155072882006242030e-01
-1.885688771755461846e-01
-1.616304661504681661e-01
-1.346920551253901199e-01
-1.077536441003121015e-01
-8.081523307523408306e-02
-5.387682205015605075e-02
-2.693841102507802537e-02
0.000000000000000000e+00
2.693841102507802537e-02
5.387682205015605075e-02
8.081523307523408306e-02
1.077536441003121015e-01
1.346920551253901199e-01
1.616304661504681661e-01
1.885688771755461846e-01
2.155072882006242030e-01
2.424456992257022214e-01
2.693841102507802399e-01
2.963225212758582860e-01
3.232609323009363322e-01
3.501993433260143229e-01
3.771377543510923691e-01
4.040761653761703598e-01
4.310145764012484060e-01
4.579529874263264522e-01
4.848913984514044428e-01
5.118298094764824890e-01
5.387682205015604797e-01
5.657066315266385814e-01
5.926450425517165721e-01
6.195834535767945628e-01
6.465218646018726645e-01
6.734602756269506552e-01
7.003986866520286458e-01
7.273370976771066365e-01
7.542755087021847382e-01
7.812139197272627289e-01
8.081523307523407196e-01
8.350907417774188213e-01
8.620291528024968120e-01
8.889675638275748026e-01
9.159059748526529043e-01
9.428443858777308950e-01
9.697827969028088857e-01
9.967212079278869874e-01
1.023659618952964978e+00
1.050598029978043080e+00
1.077536441003120959e+00
1.104474852028199061e+00
1.131413263053277163e+00
1.158351674078355042e+00
1.185290085103433144e+00
1.212228496128511246e+00
1.239166907153589126e+00
1.266105318178667227e+00
1.293043729203745329e+00
1.319982140228823209e+00
1.346920551253901310e+00
