-1.315738930916184879e+00
-1.288887115999528099e+00
-1.262035301082871319e+00
-1.235183486166214539e+00
-1.208331671249557537e+00
-1.181479856332900757e+00
-1.154628041416243978e+00
-1.127776226499586976e+00
-1.100924411582930196e+00
-1.074072596666273416e+00
-1.047220781749616636e+00
-1.020368966832959856e+00
-9.935171519163028542e-01
-9.666653369996460743e-01
-9.398135220829892944e-01
-9.129617071663324035e-01
-8.861098922496755126e-01
-8.592580773330187327e-01
-8.324062624163619528e-01
-8.055544474997050619e-01
-7.787026325830481710e-01
-7.518508176663913911e-01
-7.249990027497346112e-01
-6.981471878330777203e-01
-6.712953729164208294e-01
-6.444435579997640495e-01
-6.175917430831072696e-01
-5.907399281664503787e-01
-5.638881132497934878e-01
-5.370362983331367079e-01
-5.101844834164799281e-01
-4.833326684998230371e-01
-4.564808535831662017e-01
-4.296290386665093664e-01
-4.027772237498525310e-01
-3.759254088331956956e-01
-3.490735939165388602e-01
-3.222217789998820248e-01
-2.953699640832251894e-01
-2.685181491665683540e-01
-2.416663342499115186e-01
-2.148145193332546832e-01
-1.879627044165978478e-01
-1.611108894999410124e-01
-1.342590745832841770e-01
-1.074072596666273416e-01
-8.055544474997050619e-02
-5.370362983331367079e-02
-2.685181491665683540e-02
0.000000000000000000e+00
2.685181491665683540e-02
5.370362983331367079e-02
8.055544474997050619e-02
1.074072596666273416e-01
1.342590745832841770e-01
1.611108894999410124e-01
1.879627044165978478e-01
2.148145193332546832e-01
2.416663342499115186e-01
2.685181491665683540e-01
2.953699640832251894e-01
3.222217789998820248e-01
3.490735939165388602e-01
3.759254088331956956e-01
4.027772237498525310e-01
4.296290386665093664e-01
4.564808535831662017e-01
4.833326684998230371e-01
5.101844834164799281e-01
5.370362983331367079e-01
5.638881132497934878e-01
5.907399281664503787e-01
6.175917430831072696e-01
6.444435579997640495e-01
6.712953729164208294e-01
6.981471878330777203e-01
7.249990027497346112e-01
7.518508176663913911e-01
7.787026325830481710e-01
8.055544474997050619e-01
8.324062624163619528e-01
8.592580773330187327e-01
8.861098922496755126e-01
9.129617071663324035e-01
9.398135220829892944e-01
9.666653369996460743e-01
9.935171519163028542e-01
1.020368966832959856e+00
1.047220781749616636e+00
1.074072596666273416e+00
1.100924411582930196e+00
1.127776226499586976e+00
1.154628041416243978e+00
1.181479856332900757e+00
1.208331671249557537e+00
1.235183486166214539e+00
1.262035301082871319e+00
1.288887115999528099e+00
1.315738930916184879e+00
1.342590745832841659e+00
