-1.320269830857005999e+00
-1.293325548594618235e+00
-1.266381266332230249e+00
-1.239436984069842485e+00
-1.212492701807454498e+00
-1.185548419545066734e+00
-1.158604137282678748e+00
-1.131659855020290983e+00
-1.104715572757902997e+00
-1.077771290495515233e+00
-1.050827008233127247e+00
-1.023882725970739482e+00
-9.969384437083514960e-01
-9.699941614459636208e-01
-9.430498791835757455e-01
-9.161055969211878702e-01
-8.891613146587999950e-01
-8.622170323964121197e-01
-8.352727501340242444e-01
-8.083284678716363691e-01
-7.813841856092484939e-01
-7.544399033468606186e-01
-7.274956210844727433e-01
-7.005513388220848681e-01
-6.736070565596969928e-01
-6.466627742973091175e-01
-6.197184920349212423e-01
-5.927742097725333670e-01
-5.658299275101454917e-01
-5.388856452477576164e-01
-5.119413629853697412e-01
-4.849970807229818104e-01
-4.580527984605939351e-01
-4.311085161982060598e-01
-4.041642339358181846e-01
-3.772199516734303093e-01
-3.502756694110424340e-01
-3.233313871486545588e-01
-2.963871048862666835e-01
-2.694428226238788082e-01
-2.424985403614909052e-01
-2.155542580991030299e-01
-1.886099758367151547e-01
-1.616656935743272794e-01
-1.347214113119394041e-01
-1.077771290495515150e-01
-8.083284678716363969e-02
-5.388856452477575748e-02
-2.694428226238787874e-02
0.000000000000000000e+00
2.694428226238787874e-02
5.388856452477575748e-02
8.083284678716363969e-02
1.077771290495515150e-01
1.347214113119394041e-01
1.616656935743272794e-01
1.886099758367151547e-01
2.155542580991030299e-01
2.424985403614909052e-01
2.694428226238788082e-01
2.963871048862666835e-01
3.233313871486545588e-01
3.502756694110424340e-01
3.772199516734303093e-01
4.041642339358181846e-01
4.311085161982060598e-01
4.580527984605939351e-01
4.849970807229818104e-01
5.119413629853697412e-01
5.388856452477576164e-01
5.658299275101454917e-01
5.927742097725333670e-01
6.197184920349212423e-01
6.466627742973091175e-01
6.736070565596969928e-01
7.005513388220848681e-01
7.274956210844727433e-01
7.544399033468606186e-01
7.813841856092484939e-01
8.083284678716363691e-01
8.352727501340242444e-01
8.622170323964121197e-01
8.891613146587999950e-01
9.161055969211878702e-01
9.430498791835757455e-01
9.699941614459636208e-01
9.969384437083514960e-01
1.023882725970739482e+00
1.050827008233127247e+00
1.077771290495515233e+00
1.104715572757902997e+00
1.131659855020290983e+00
1.158604137282678748e+00
1.185548419545066734e+00
1.212492701807454498e+00
1.239436984069842485e+00
1.266381266332230249e+00
1.293325548594618235e+00
1.320269830857005999e+00
1.347214113119393986e+00
