-1.314026472437770598e+00
-1.287209605653326427e+00
-1.260392738868882034e+00
-1.233575872084437863e+00
-1.206759005299993470e+00
-1.179942138515549077e+00
-1.153125271731104906e+00
-1.126308404946660513e+00
-1.099491538162216342e+00
-1.072674671377771949e+00
-1.045857804593327778e+00
-1.019040937808883385e+00
-9.922240710244391027e-01
-9.654072042399948206e-01
-9.385903374555504275e-01
-9.117734706711061454e-01
-8.849566038866618634e-01
-8.581397371022175813e-01
-8.313228703177732992e-01
-8.045060035333290172e-01
-7.776891367488847351e-01
-7.508722699644403420e-01
-7.240554031799960599e-01
-6.972385363955517779e-01
-6.704216696111074958e-01
-6.436048028266632137e-01
-6.167879360422189317e-01
-5.899710692577745386e-01
-5.631542024733302565e-01
-5.363373356888859744e-01
-5.095204689044416924e-01
-4.827036021199974103e-01
-4.558867353355530727e-01
-4.290698685511087906e-01
-4.022530017666645086e-01
-3.754361349822201710e-01
-3.486192681977758889e-01
-3.218024014133316069e-01
-2.949855346288872693e-01
-2.681686678444429872e-01
-2.413518010599987051e-01
-2.145349342755543953e-01
-1.877180674911100855e-01
-1.609012007066658034e-01
-1.340843339222214936e-01
-1.072674671377771977e-01
-8.045060035333290172e-02
-5.363373356888859883e-02
-2.681686678444429942e-02
0.000000000000000000e+00
2.681686678444429942e-02
5.363373356888859883e-02
8.045060035333290172e-02
1.072674671377771977e-01
1.340843339222214936e-01
1.609012007066658034e-01
1.877180674911100855e-01
2.145349342755543953e-01
2.413518010599987051e-01
2.681686678444429872e-01
2.949855346288872693e-01
3.218024014133316069e-01
3.486192681977758889e-01
3.754361349822201710e-01
4.022530017666645086e-01
4.290698685511087906e-01
4.558867353355530727e-01
4.827036021199974103e-01
5.095204689044416924e-01
5.363373356888859744e-01
5.631542024733302565e-01
5.899710692577745386e-01
6.167879360422189317e-01
6.436048028266632137e-01
6.704216696111074958e-01
6.972385363955517779e-01
7.240554031799960599e-01
7.508722699644403420e-01
7.776891367488847351e-01
8.045060035333290172e-01
8.313228703177732992e-01
8.581397371022175813e-01
8.849566038866618634e-01
9.117734706711061454e-01
9.385903374555504275e-01
9.654072042399948206e-01
9.922240710244391027e-01
1.019040937808883385e+00
1.045857804593327778e+00
1.072674671377771949e+00
1.099491538162216342e+00
1.126308404946660513e+00
1.153125271731104906e+00
1.179942138515549077e+00
1.206759005299993470e+00
1.233575872084437863e+00
1.260392738868882034e+00
1.287209605653326427e+00
1.314026472437770598e+00
1.340843339222214992e+00
