-1.299369806507533198e+00
-1.272852055354318335e+00
-1.246334304201103249e+00
-1.219816553047888386e+00
-1.193298801894673300e+00
-1.166781050741458436e+00
-1.140263299588243351e+00
-1.113745548435028487e+00
-1.087227797281813624e+00
-1.060710046128598538e+00
-1.034192294975383675e+00
-1.007674543822168589e+00
-9.811567926689537256e-01
-9.546390415157387510e-01
-9.281212903625237765e-01
-9.016035392093088019e-01
-8.750857880560938273e-01
-8.485680369028788528e-01
-8.220502857496638782e-01
-7.955325345964489037e-01
-7.690147834432339291e-01
-7.424970322900189545e-01
-7.159792811368039800e-01
-6.894615299835891165e-01
-6.629437788303741419e-01
-6.364260276771591673e-01
-6.099082765239441928e-01
-5.833905253707292182e-01
-5.568727742175142437e-01
-5.303550230642992691e-01
-5.038372719110842946e-01
-4.773195207578693755e-01
-4.508017696046544009e-01
-4.242840184514394264e-01
-3.977662672982244518e-01
-3.712485161450094773e-01
-3.447307649917945582e-01
-3.182130138385795837e-01
-2.916952626853646091e-01
-2.651775115321496346e-01
-2.386597603789346878e-01
-2.121420092257197132e-01
-1.856242580725047386e-01
-1.591065069192897918e-01
-1.325887557660748173e-01
-1.060710046128598566e-01
-7.955325345964489592e-02
-5.303550230642992830e-02
-2.651775115321496415e-02
0.000000000000000000e+00
2.651775115321496415e-02
5.303550230642992830e-02
7.955325345964489592e-02
1.060710046128598566e-01
1.325887557660748173e-01
1.591065069192897918e-01
1.856242580725047386e-01
2.121420092257197132e-01
2.386597603789346878e-01
2.651775115321496346e-01
2.916952626853646091e-01
3.182130138385795837e-01
3.447307649917945582e-01
3.712485161450094773e-01
3.977662672982244518e-01
4.242840184514394264e-01
4.508017696046544009e-01
4.773195207578693755e-01
5.038372719110842946e-01
5.303550230642992691e-01
5.568727742175142437e-01
5.833905253707292182e-01
6.099082765239441928e-01
6.364260276771591673e-01
6.629437788303741419e-01
6.894615299835891165e-01
7.159792811368039800e-01
7.424970322900189545e-01
7.690147834432339291e-01
7.955325345964489037e-01
8.220502857496638782e-01
8.485680369028788528e-01
8.750857880560938273e-01
9.016035392093088019e-01
9.281212903625237765e-01
9.546390415157387510e-01
9.811567926689537256e-01
1.007674543822168589e+00
1.034192294975383675e+00
1.060710046128598538e+00
1.087227797281813624e+00
1.113745548435028487e+00
1.140263299588243351e+00
1.166781050741458436e+00
1.193298801894673300e+00
1.219816553047888386e+00
1.246334304201103249e+00
1.272852055354318335e+00
1.299369806507533198e+00
1.325887557660748284e+00
