-1.225701517125595830e+00
-1.200687200449563230e+00
-1.175672883773530630e+00
-1.150658567097498253e+00
-1.125644250421465653e+00
-1.100629933745433053e+00
-1.075615617069400454e+00
-1.050601300393367854e+00
-1.025586983717335254e+00
-1.000572667041302655e+00
-9.755583503652701660e-01
-9.505440336892375663e-01
-9.255297170132050777e-01
-9.005154003371724780e-01
-8.755010836611398783e-01
-8.504867669851072787e-01
-8.254724503090747900e-01
-8.004581336330421903e-01
-7.754438169570095907e-01
-7.504295002809771020e-01
-7.254151836049445023e-01
-7.004008669289119027e-01
-6.753865502528793030e-01
-6.503722335768468144e-01
-6.253579169008142147e-01
-6.003436002247816150e-01
-5.753292835487491264e-01
-5.503149668727165267e-01
-5.253006501966839270e-01
-5.002863335206513273e-01
-4.752720168446187832e-01
-4.502577001685862390e-01
-4.252433834925536393e-01
-4.002290668165210952e-01
-3.752147501404885510e-01
-3.502004334644559513e-01
-3.251861167884234072e-01
-3.001718001123908075e-01
-2.751574834363582633e-01
-2.501431667603256637e-01
-2.251288500842931195e-01
-2.001145334082605476e-01
-1.751002167322279757e-01
-1.500859000561954038e-01
-1.250715833801628318e-01
-1.000572667041302738e-01
-7.504295002809770188e-02
-5.002863335206513690e-02
-2.501431667603256845e-02
0.000000000000000000e+00
2.501431667603256845e-02
5.002863335206513690e-02
7.504295002809770188e-02
1.000572667041302738e-01
1.250715833801628318e-01
1.500859000561954038e-01
1.751002167322279757e-01
2.001145334082605476e-01
2.251288500842931195e-01
2.501431667603256637e-01
2.751574834363582633e-01
3.001718001123908075e-01
3.251861167884234072e-01
3.502004334644559513e-01
3.752147501404885510e-01
4.002290668165210952e-01
4.252433834925536393e-01
4.502577001685862390e-01
4.752720168446187832e-01
5.002863335206513273e-01
5.253006501966839270e-01
5.503149668727165267e-01
5.753292835487491264e-01
6.003436002247816150e-01
6.253579169008142147e-01
6.503722335768468144e-01
6.753865502528793030e-01
7.004008669289119027e-01
7.254151836049445023e-01
7.504295002809771020e-01
7.754438169570095907e-01
8.004581336330421903e-01
8.254724503090747900e-01
8.504867669851072787e-01
8.755010836611398783e-01
9.005154003371724780e-01
9.255297170132050777e-01
9.505440336892375663e-01
9.755583503652701660e-01
1.000572667041302655e+00
1.025586983717335254e+00
1.050601300393367854e+00
1.075615617069400454e+00
1.100629933745433053e+00
1.125644250421465653e+00
1.150658567097498253e+00
1.175672883773530630e+00
1.200687200449563230e+00
1.225701517125595830e+00
1.250715833801628429e+00
