-1.315796089738502372e+00
-1.288943108315267594e+00
-1.262090126892033037e+00
-1.235237145468798259e+00
-1.208384164045563480e+00
-1.181531182622328702e+00
-1.154678201199093923e+00
-1.127825219775859145e+00
-1.100972238352624588e+00
-1.074119256929389810e+00
-1.047266275506155031e+00
-1.020413294082920252e+00
-9.935603126596854739e-01
-9.667073312364508064e-01
-9.398543498132160279e-01
-9.130013683899812493e-01
-8.861483869667465818e-01
-8.592954055435118033e-01
-8.324424241202770247e-01
-8.055894426970423572e-01
-7.787364612738075786e-01
-7.518834798505728001e-01
-7.250304984273381326e-01
-6.981775170041033540e-01
-6.713245355808685755e-01
-6.444715541576337969e-01
-6.176185727343991294e-01
-5.907655913111643509e-01
-5.639126098879295723e-01
-5.370596284646949048e-01
-5.102066470414601262e-01
-4.833536656182254032e-01
-4.565006841949906247e-01
-4.296477027717559016e-01
-4.027947213485211786e-01
-3.759417399252864000e-01
-3.490887585020516770e-01
-3.222357770788168985e-01
-2.953827956555821754e-01
-2.685298142323474524e-01
-2.416768328091127016e-01
-2.148238513858779508e-01
-1.879708699626432000e-01
-1.611178885394084492e-01
-1.342649071161737262e-01
-1.074119256929389754e-01
-8.055894426970422462e-02
-5.370596284646948770e-02
-2.685298142323474385e-02
0.000000000000000000e+00
2.685298142323474385e-02
5.370596284646948770e-02
8.055894426970422462e-02
1.074119256929389754e-01
1.342649071161737262e-01
1.611178885394084492e-01
1.879708699626432000e-01
2.148238513858779508e-01
2.416768328091127016e-01
2.685298142323474524e-01
2.953827956555821754e-01
3.222357770788168985e-01
3.490887585020516770e-01
3.759417399252864000e-01
4.027947213485211786e-01
4.296477027717559016e-01
4.565006841949906247e-01
4.833536656182254032e-01
5.102066470414601262e-01
5.370596284646949048e-01
5.639126098879295723e-01
5.907655913111643509e-01
6.176185727343991294e-01
6.444715541576337969e-01
6.713245355808685755e-01
6.981775170041033540e-01
7.250304984273381326e-01
7.518834798505728001e-01
7.787364612738075786e-01
8.055894426970423572e-01
8.324424241202770247e-01
8.592954055435118033e-01
8.861483869667465818e-01
9.130013683899812493e-01
9.398543498132160279e-01
9.667073312364508064e-01
9.935603126596854739e-01
1.020413294082920252e+00
1.047266275506155031e+00
1.074119256929389810e+00
1.100972238352624588e+00
1.127825219775859145e+00
1.154678201199093923e+00
1.181531182622328702e+00
1.208384164045563480e+00
1.235237145468798259e+00
1.262090126892033037e+00
1.288943108315267594e+00
1.315796089738502372e+00
1.342649071161737151e+00
