-1.306713412558375031e+00
-1.280045791893918539e+00
-1.253378171229461824e+00
-1.226710550565005109e+00
-1.200042929900548616e+00
-1.173375309236091901e+00
-1.146707688571635408e+00
-1.120040067907178694e+00
-1.093372447242721979e+00
-1.066704826578265486e+00
-1.040037205913808771e+00
-1.013369585249352056e+00
-9.867019645848954523e-01
-9.600343439204388485e-01
-9.333667232559822446e-01
-9.066991025915256408e-01
-8.800314819270689259e-01
-8.533638612626123221e-01
-8.266962405981557183e-01
-8.000286199336990034e-01
-7.733609992692423996e-01
-7.466933786047857957e-01
-7.200257579403291919e-01
-6.933581372758724770e-01
-6.666905166114158732e-01
-6.400228959469592693e-01
-6.133552752825025545e-01
-5.866876546180459506e-01
-5.600200339535893468e-01
-5.333524132891327429e-01
-5.066847926246760281e-01
-4.800171719602194242e-01
-4.533495512957628204e-01
-4.266819306313061611e-01
-4.000143099668495017e-01
-3.733466893023928979e-01
-3.466790686379362385e-01
-3.200114479734796347e-01
-2.933438273090229753e-01
-2.666762066445663715e-01
-2.400085859801097121e-01
-2.133409653156530805e-01
-1.866733446511964489e-01
-1.600057239867398173e-01
-1.333381033222831857e-01
-1.066704826578265403e-01
-8.000286199336990867e-02
-5.333524132891327013e-02
-2.666762066445663507e-02
0.000000000000000000e+00
2.666762066445663507e-02
5.333524132891327013e-02
8.000286199336990867e-02
1.066704826578265403e-01
1.333381033222831857e-01
1.600057239867398173e-01
1.866733446511964489e-01
2.133409653156530805e-01
2.400085859801097121e-01
2.666762066445663715e-01
2.933438273090229753e-01
3.200114479734796347e-01
3.466790686379362385e-01
3.733466893023928979e-01
4.000143099668495017e-01
4.266819306313061611e-01
4.533495512957628204e-01
4.800171719602194242e-01
5.066847926246760281e-01
5.333524132891327429e-01
5.600200339535893468e-01
5.866876546180459506e-01
6.133552752825025545e-01
6.400228959469592693e-01
6.666905166114158732e-01
6.933581372758724770e-01
7.200257579403291919e-01
7.466933786047857957e-01
7.733609992692423996e-01
8.000286199336990034e-01
8.266962405981557183e-01
8.533638612626123221e-01
8.800314819270689259e-01
9.066991025915256408e-01
9.333667232559822446e-01
9.600343439204388485e-01
9.867019645848954523e-01
1.013369585249352056e+00
1.040037205913808771e+00
1.066704826578265486e+00
1.093372447242721979e+00
1.120040067907178694e+00
1.146707688571635408e+00
1.173375309236091901e+00
1.200042929900548616e+00
1.226710550565005109e+00
1.253378171229461824e+00
1.280045791893918539e+00
1.306713412558375031e+00
1.333381033222831746e+00
