-1.294482869890187127e+00
-1.268064852137326337e+00
-1.241646834384465325e+00
-1.215228816631604314e+00
-1.188810798878743302e+00
-1.162392781125882291e+00
-1.135974763373021501e+00
-1.109556745620160489e+00
-1.083138727867299478e+00
-1.056720710114438466e+00
-1.030302692361577455e+00
-1.003884674608716665e+00
-9.774666568558556534e-01
-9.510486391029946418e-01
-9.246306213501337412e-01
-8.982126035972727296e-01
-8.717945858444118290e-01
-8.453765680915508174e-01
-8.189585503386898058e-01
-7.925405325858289052e-01
-7.661225148329678936e-01
-7.397044970801069930e-01
-7.132864793272459814e-01
-6.868684615743850808e-01
-6.604504438215240691e-01
-6.340324260686631686e-01
-6.076144083158021569e-01
-5.811963905629411453e-01
-5.547783728100802447e-01
-5.283603550572192331e-01
-5.019423373043583325e-01
-4.755243195514973209e-01
-4.491063017986363648e-01
-4.226882840457754087e-01
-3.962702662929144526e-01
-3.698522485400534965e-01
-3.434342307871925404e-01
-3.170162130343315843e-01
-2.905981952814705727e-01
-2.641801775286096166e-01
-2.377621597757486605e-01
-2.113441420228877043e-01
-1.849261242700267482e-01
-1.585081065171657921e-01
-1.320900887643048083e-01
-1.056720710114438522e-01
-7.925405325858289607e-02
-5.283603550572192609e-02
-2.641801775286096304e-02
0.000000000000000000e+00
2.641801775286096304e-02
5.283603550572192609e-02
7.925405325858289607e-02
1.056720710114438522e-01
1.320900887643048083e-01
1.585081065171657921e-01
1.849261242700267482e-01
2.113441420228877043e-01
2.377621597757486605e-01
2.641801775286096166e-01
2.905981952814705727e-01
3.170162130343315843e-01
3.434342307871925404e-01
3.698522485400534965e-01
3.962702662929144526e-01
4.226882840457754087e-01
4.491063017986363648e-01
4.755243195514973209e-01
5.019423373043583325e-01
5.283603550572192331e-01
5.547783728100802447e-01
5.811963905629411453e-01
6.076144083158021569e-01
6.340324260686631686e-01
6.604504438215240691e-01
6.868684615743850808e-01
7.132864793272459814e-01
7.397044970801069930e-01
7.661225148329678936e-01
7.925405325858289052e-01
8.189585503386898058e-01
8.453765680915508174e-01
8.717945858444118290e-01
8.982126035972727296e-01
9.246306213501337412e-01
9.510486391029946418e-01
9.774666568558556534e-01
1.003884674608716665e+00
1.030302692361577455e+00
1.056720710114438466e+00
1.083138727867299478e+00
1.109556745620160489e+00
1.135974763373021501e+00
1.162392781125882291e+00
1.188810798878743302e+00
1.215228816631604314e+00
1.241646834384465325e+00
1.268064852137326337e+00
1.294482869890187127e+00
1.320900887643048138e+00
