-1.319292193992969153e+00
-1.292367863503316894e+00
-1.265443533013664412e+00
-1.238519202524011931e+00
-1.211594872034359449e+00
-1.184670541544706968e+00
-1.157746211055054708e+00
-1.130821880565402227e+00
-1.103897550075749745e+00
-1.076973219586097263e+00
-1.050048889096444782e+00
-1.023124558606792522e+00
-9.962002281171400409e-01
-9.692758976274875593e-01
-9.423515671378351888e-01
-9.154272366481827072e-01
-8.885029061585303367e-01
-8.615785756688778552e-01
-8.346542451792253736e-01
-8.077299146895730031e-01
-7.808055841999205215e-01
-7.538812537102681510e-01
-7.269569232206156695e-01
-7.000325927309632990e-01
-6.731082622413108174e-01
-6.461839317516584469e-01
-6.192596012620059653e-01
-5.923352707723534838e-01
-5.654109402827011133e-01
-5.384866097930486317e-01
-5.115622793033962612e-01
-4.846379488137437797e-01
-4.577136183240913536e-01
-4.307892878344389276e-01
-4.038649573447865015e-01
-3.769406268551340755e-01
-3.500162963654816495e-01
-3.230919658758292234e-01
-2.961676353861767419e-01
-2.692433048965243159e-01
-2.423189744068718898e-01
-2.153946439172194638e-01
-1.884703134275670378e-01
-1.615459829379146117e-01
-1.346216524482621579e-01
-1.076973219586097319e-01
-8.077299146895730586e-02
-5.384866097930486595e-02
-2.692433048965243297e-02
0.000000000000000000e+00
2.692433048965243297e-02
5.384866097930486595e-02
8.077299146895730586e-02
1.076973219586097319e-01
1.346216524482621579e-01
1.615459829379146117e-01
1.884703134275670378e-01
2.153946439172194638e-01
2.423189744068718898e-01
2.692433048965243159e-01
2.961676353861767419e-01
3.230919658758292234e-01
3.500162963654816495e-01
3.769406268551340755e-01
4.038649573447865015e-01
4.307892878344389276e-01
4.577136183240913536e-01
4.846379488137437797e-01
5.115622793033962612e-01
5.384866097930486317e-01
5.654109402827011133e-01
5.923352707723534838e-01
6.192596012620059653e-01
6.461839317516584469e-01
6.731082622413108174e-01
7.000325927309632990e-01
7.269569232206156695e-01
7.538812537102681510e-01
7.808055841999205215e-01
8.077299146895730031e-01
8.346542451792253736e-01
8.615785756688778552e-01
8.885029061585303367e-01
9.154272366481827072e-01
9.423515671378351888e-01
9.692758976274875593e-01
9.962002281171400409e-01
1.023124558606792522e+00
1.050048889096444782e+00
1.076973219586097263e+00
1.103897550075749745e+00
1.130821880565402227e+00
1.157746211055054708e+00
1.184670541544706968e+00
1.211594872034359449e+00
1.238519202524011931e+00
1.265443533013664412e+00
1.292367863503316894e+00
1.319292193992969153e+00
1.346216524482621635e+00
