-1.303115354717145902e+00
-1.276521163804551051e+00
-1.249926972891956423e+00
-1.223332781979361572e+00
-1.196738591066766721e+00
-1.170144400154171871e+00
-1.143550209241577020e+00
-1.116956018328982170e+00
-1.090361827416387541e+00
-1.063767636503792691e+00
-1.037173445591197840e+00
-1.010579254678602990e+00
-9.839850637660081389e-01
-9.573908728534133994e-01
-9.307966819408185488e-01
-9.042024910282236982e-01
-8.776083001156289587e-01
-8.510141092030341081e-01
-8.244199182904392575e-01
-7.978257273778445180e-01
-7.712315364652496674e-01
-7.446373455526548168e-01
-7.180431546400600773e-01
-6.914489637274652267e-01
-6.648547728148703762e-01
-6.382605819022755256e-01
-6.116663909896807860e-01
-5.850722000770859355e-01
-5.584780091644910849e-01
-5.318838182518963453e-01
-5.052896273393014948e-01
-4.786954364267066997e-01
-4.521012455141118491e-01
-4.255070546015170541e-01
-3.989128636889222590e-01
-3.723186727763274084e-01
-3.457244818637326134e-01
-3.191302909511377628e-01
-2.925361000385429677e-01
-2.659419091259481727e-01
-2.393477182133533498e-01
-2.127535273007585270e-01
-1.861593363881637042e-01
-1.595651454755688814e-01
-1.329709545629740863e-01
-1.063767636503792635e-01
-7.978257273778444070e-02
-5.318838182518963176e-02
-2.659419091259481588e-02
0.000000000000000000e+00
2.659419091259481588e-02
5.318838182518963176e-02
7.978257273778444070e-02
1.063767636503792635e-01
1.329709545629740863e-01
1.595651454755688814e-01
1.861593363881637042e-01
2.127535273007585270e-01
2.393477182133533498e-01
2.659419091259481727e-01
2.925361000385429677e-01
3.191302909511377628e-01
3.457244818637326134e-01
3.723186727763274084e-01
3.989128636889222590e-01
4.255070546015170541e-01
4.521012455141118491e-01
4.786954364267066997e-01
5.052896273393014948e-01
5.318838182518963453e-01
5.584780091644910849e-01
5.850722000770859355e-01
6.116663909896807860e-01
6.382605819022755256e-01
6.648547728148703762e-01
6.914489637274652267e-01
7.180431546400600773e-01
7.446373455526548168e-01
7.712315364652496674e-01
7.978257273778445180e-01
8.244199182904392575e-01
8.510141092030341081e-01
8.776083001156289587e-01
9.042024910282236982e-01
9.307966819408185488e-01
9.573908728534133994e-01
9.839850637660081389e-01
1.010579254678602990e+00
1.037173445591197840e+00
1.063767636503792691e+00
1.090361827416387541e+00
1.116956018328982170e+00
1.143550209241577020e+00
1.170144400154171871e+00
1.196738591066766721e+00
1.223332781979361572e+00
1.249926972891956423e+00
1.276521163804551051e+00
1.303115354717145902e+00
1.329709545629740752e+00
