-1.318258625944054296e+00
-1.291355388679889860e+00
-1.264452151415725645e+00
-1.237548914151561208e+00
-1.210645676887396771e+00
-1.183742439623232556e+00
-1.156839202359068119e+00
-1.129935965094903683e+00
-1.103032727830739246e+00
-1.076129490566575031e+00
-1.049226253302410594e+00
-1.022323016038246157e+00
-9.954197787740818315e-01
-9.685165415099175057e-01
-9.416133042457530689e-01
-9.147100669815887430e-01
-8.878068297174243062e-01
-8.609035924532599804e-01
-8.340003551890956546e-01
-8.070971179249312177e-01
-7.801938806607668919e-01
-7.532906433966024551e-01
-7.263874061324381293e-01
-6.994841688682736924e-01
-6.725809316041093666e-01
-6.456776943399449298e-01
-6.187744570757806040e-01
-5.918712198116162782e-01
-5.649679825474518413e-01
-5.380647452832875155e-01
-5.111615080191230787e-01
-4.842582707549587528e-01
-4.573550334907943715e-01
-4.304517962266299902e-01
-4.035485589624656089e-01
-3.766453216983012275e-01
-3.497420844341368462e-01
-3.228388471699724649e-01
-2.959356099058081391e-01
-2.690323726416437577e-01
-2.421291353774793764e-01
-2.152258981133149951e-01
-1.883226608491506138e-01
-1.614194235849862324e-01
-1.345161863208218789e-01
-1.076129490566574975e-01
-8.070971179249311622e-02
-5.380647452832874877e-02
-2.690323726416437439e-02
0.000000000000000000e+00
2.690323726416437439e-02
5.380647452832874877e-02
8.070971179249311622e-02
1.076129490566574975e-01
1.345161863208218789e-01
1.614194235849862324e-01
1.883226608491506138e-01
2.152258981133149951e-01
2.421291353774793764e-01
2.690323726416437577e-01
2.959356099058081391e-01
3.228388471699724649e-01
3.497420844341368462e-01
3.766453216983012275e-01
4.035485589624656089e-01
4.304517962266299902e-01
4.573550334907943715e-01
4.842582707549587528e-01
5.111615080191230787e-01
5.380647452832875155e-01
5.649679825474518413e-01
5.918712198116162782e-01
6.187744570757806040e-01
6.456776943399449298e-01
6.725809316041093666e-01
6.994841688682736924e-01
7.263874061324381293e-01
7.532906433966024551e-01
7.801938806607668919e-01
8.070971179249312177e-01
8.340003551890956546e-01
8.609035924532599804e-01
8.878068297174243062e-01
9.147100669815887430e-01
9.416133042457530689e-01
9.685165415099175057e-01
9.954197787740818315e-01
1.022323016038246157e+00
1.049226253302410594e+00
1.076129490566575031e+00
1.103032727830739246e+00
1.129935965094903683e+00
1.156839202359068119e+00
1.183742439623232556e+00
1.210645676887396771e+00
1.237548914151561208e+00
1.264452151415725645e+00
1.291355388679889860e+00
1.318258625944054296e+00
1.345161863208218733e+00
