-1.308746065319561502e+00
-1.282036961945693054e+00
-1.255327858571824384e+00
-1.228618755197955714e+00
-1.201909651824087266e+00
-1.175200548450218596e+00
-1.148491445076349926e+00
-1.121782341702481478e+00
-1.095073238328612808e+00
-1.068364134954744138e+00
-1.041655031580875468e+00
-1.014945928207007020e+00
-9.882368248331383498e-01
-9.615277214592697907e-01
-9.348186180854011207e-01
-9.081095147115325616e-01
-8.814004113376638916e-01
-8.546913079637953325e-01
-8.279822045899267735e-01
-8.012731012160581034e-01
-7.745639978421895444e-01
-7.478548944683208743e-01
-7.211457910944523153e-01
-6.944366877205837563e-01
-6.677275843467150862e-01
-6.410184809728465272e-01
-6.143093775989778571e-01
-5.876002742251092981e-01
-5.608911708512407390e-01
-5.341820674773720690e-01
-5.074729641035035099e-01
-4.807638607296348954e-01
-4.540547573557662808e-01
-4.273456539818976663e-01
-4.006365506080290517e-01
-3.739274472341604372e-01
-3.472183438602918781e-01
-3.205092404864232636e-01
-2.938001371125546490e-01
-2.670910337386860345e-01
-2.403819303648174477e-01
-2.136728269909488331e-01
-1.869637236170802186e-01
-1.602546202432116318e-01
-1.335455168693430172e-01
-1.068364134954744166e-01
-8.012731012160581590e-02
-5.341820674773720828e-02
-2.670910337386860414e-02
0.000000000000000000e+00
2.670910337386860414e-02
5.341820674773720828e-02
8.012731012160581590e-02
1.068364134954744166e-01
1.335455168693430172e-01
1.602546202432116318e-01
1.869637236170802186e-01
2.136728269909488331e-01
2.403819303648174477e-01
2.670910337386860345e-01
2.938001371125546490e-01
3.205092404864232636e-01
3.472183438602918781e-01
3.739274472341604372e-01
4.006365506080290517e-01
4.273456539818976663e-01
4.540547573557662808e-01
4.807638607296348954e-01
5.074729641035035099e-01
5.341820674773720690e-01
5.608911708512407390e-01
5.876002742251092981e-01
6.143093775989778571e-01
6.410184809728465272e-01
6.677275843467150862e-01
6.944366877205837563e-01
7.211457910944523153e-01
7.478548944683208743e-01
7.745639978421895444e-01
8.012731012160581034e-01
8.279822045899267735e-01
8.546913079637953325e-01
8.814004113376638916e-01
9.081095147115325616e-01
9.348186180854011207e-01
9.615277214592697907e-01
9.882368248331383498e-01
1.014945928207007020e+00
1.041655031580875468e+00
1.068364134954744138e+00
1.095073238328612808e+00
1.121782341702481478e+00
1.148491445076349926e+00
1.175200548450218596e+00
1.201909651824087266e+00
1.228618755197955714e+00
1.255327858571824384e+00
1.282036961945693054e+00
1.308746065319561502e+00
1.335455168693430172e+00
