-1.092967313427059439e+00
-1.070661858050997006e+00
-1.048356402674934573e+00
-1.026050947298872140e+00
-1.003745491922809707e+00
-9.814400365467471632e-01
-9.591345811706847302e-01
-9.368291257946222972e-01
-9.145236704185598642e-01
-8.922182150424974312e-01
-8.699127596664349982e-01
-8.476073042903725652e-01
-8.253018489143101322e-01
-8.029963935382476992e-01
-7.806909381621852662e-01
-7.583854827861228332e-01
-7.360800274100604002e-01
-7.137745720339979671e-01
-6.914691166579355341e-01
-6.691636612818731011e-01
-6.468582059058106681e-01
-6.245527505297482351e-01
-6.022472951536858021e-01
-5.799418397776233691e-01
-5.576363844015609361e-01
-5.353309290254985031e-01
-5.130254736494360701e-01
-4.907200182733735816e-01
-4.684145628973111486e-01
-4.461091075212487156e-01
-4.238036521451862826e-01
-4.014981967691238496e-01
-3.791927413930614166e-01
-3.568872860169989836e-01
-3.345818306409365506e-01
-3.122763752648741176e-01
-2.899709198888116846e-01
-2.676654645127492516e-01
-2.453600091366867908e-01
-2.230545537606243578e-01
-2.007490983845619248e-01
-1.784436430084994918e-01
-1.561381876324370588e-01
-1.338327322563746258e-01
-1.115272768803121789e-01
-8.922182150424974589e-02
-6.691636612818731289e-02
-4.461091075212487295e-02
-2.230545537606243647e-02
0.000000000000000000e+00
2.230545537606243647e-02
4.461091075212487295e-02
6.691636612818731289e-02
8.922182150424974589e-02
1.115272768803121789e-01
1.338327322563746258e-01
1.561381876324370588e-01
1.784436430084994918e-01
2.007490983845619248e-01
2.230545537606243578e-01
2.453600091366867908e-01
2.676654645127492516e-01
2.899709198888116846e-01
3.122763752648741176e-01
3.345818306409365506e-01
3.568872860169989836e-01
3.791927413930614166e-01
4.014981967691238496e-01
4.238036521451862826e-01
4.461091075212487156e-01
4.684145628973111486e-01
4.907200182733735816e-01
5.130254736494360701e-01
5.353309290254985031e-01
5.576363844015609361e-01
5.799418397776233691e-01
6.022472951536858021e-01
6.245527505297482351e-01
6.468582059058106681e-01
6.691636612818731011e-01
6.914691166579355341e-01
7.137745720339979671e-01
7.360800274100604002e-01
7.583854827861228332e-01
7.806909381621852662e-01
8.029963935382476992e-01
8.253018489143101322e-01
8.476073042903725652e-01
8.699127596664349982e-01
8.922182150424974312e-01
9.145236704185598642e-01
9.368291257946222972e-01
9.591345811706847302e-01
9.814400365467471632e-01
1.003745491922809707e+00
1.026050947298872140e+00
1.048356402674934573e+00
1.070661858050997006e+00
1.092967313427059439e+00
1.115272768803121872e+00
