-1.316596835022411982e+00
-1.289727511858689279e+00
-1.262858188694966577e+00
-1.235988865531243874e+00
-1.209119542367521172e+00
-1.182250219203798469e+00
-1.155380896040075767e+00
-1.128511572876353064e+00
-1.101642249712630361e+00
-1.074772926548907659e+00
-1.047903603385184956e+00
-1.021034280221462254e+00
-9.941649570577396622e-01
-9.672956338940169596e-01
-9.404263107302942570e-01
-9.135569875665715545e-01
-8.866876644028488519e-01
-8.598183412391261493e-01
-8.329490180754034467e-01
-8.060796949116807442e-01
-7.792103717479580416e-01
-7.523410485842353390e-01
-7.254717254205126364e-01
-6.986024022567900449e-01
-6.717330790930673423e-01
-6.448637559293446397e-01
-6.179944327656219372e-01
-5.911251096018992346e-01
-5.642557864381765320e-01
-5.373864632744538294e-01
-5.105171401107311269e-01
-4.836478169470084798e-01
-4.567784937832857772e-01
-4.299091706195630747e-01
-4.030398474558403721e-01
-3.761705242921176695e-01
-3.493012011283950224e-01
-3.224318779646723199e-01
-2.955625548009496173e-01
-2.686932316372269147e-01
-2.418239084735042399e-01
-2.149545853097815373e-01
-1.880852621460588348e-01
-1.612159389823361599e-01
-1.343466158186134574e-01
-1.074772926548907687e-01
-8.060796949116807997e-02
-5.373864632744538433e-02
-2.686932316372269217e-02
0.000000000000000000e+00
2.686932316372269217e-02
5.373864632744538433e-02
8.060796949116807997e-02
1.074772926548907687e-01
1.343466158186134574e-01
1.612159389823361599e-01
1.880852621460588348e-01
2.149545853097815373e-01
2.418239084735042399e-01
2.686932316372269147e-01
2.955625548009496173e-01
3.224318779646723199e-01
3.493012011283950224e-01
3.761705242921176695e-01
4.030398474558403721e-01
4.299091706195630747e-01
4.567784937832857772e-01
4.836478169470084798e-01
5.105171401107311269e-01
5.373864632744538294e-01
5.642557864381765320e-01
5.911251096018992346e-01
6.179944327656219372e-01
6.448637559293446397e-01
6.717330790930673423e-01
6.986024022567900449e-01
7.254717254205126364e-01
7.523410485842353390e-01
7.792103717479580416e-01
8.060796949116807442e-01
8.329490180754034467e-01
8.598183412391261493e-01
8.866876644028488519e-01
9.135569875665715545e-01
9.404263107302942570e-01
9.672956338940169596e-01
9.941649570577396622e-01
1.021034280221462254e+00
1.047903603385184956e+00
1.074772926548907659e+00
1.101642249712630361e+00
1.128511572876353064e+00
1.155380896040075767e+00
1.182250219203798469e+00
1.209119542367521172e+00
1.235988865531243874e+00
1.262858188694966577e+00
1.289727511858689279e+00
1.316596835022411982e+00
1.343466158186134685e+00
