-1.259022745549761124e+00
-1.233328403803847673e+00
-1.207634062057934221e+00
-1.181939720312020770e+00
-1.156245378566107096e+00
-1.130551036820193644e+00
-1.104856695074280193e+00
-1.079162353328366741e+00
-1.053468011582453290e+00
-1.027773669836539838e+00
-1.002079328090626165e+00
-9.763849863447127131e-01
-9.506906445987992615e-01
-9.249963028528858100e-01
-8.993019611069722474e-01
-8.736076193610587959e-01
-8.479132776151452333e-01
-8.222189358692317818e-01
-7.965245941233183302e-01
-7.708302523774047676e-01
-7.451359106314913161e-01
-7.194415688855777535e-01
-6.937472271396643020e-01
-6.680528853937508504e-01
-6.423585436478372879e-01
-6.166642019019238363e-01
-5.909698601560103848e-01
-5.652755184100968222e-01
-5.395811766641833707e-01
-5.138868349182699191e-01
-4.881924931723563565e-01
-4.624981514264429050e-01
-4.368038096805293979e-01
-4.111094679346158909e-01
-3.854151261887023838e-01
-3.597207844427888768e-01
-3.340264426968754252e-01
-3.083321009509619182e-01
-2.826377592050484111e-01
-2.569434174591349596e-01
-2.312490757132214525e-01
-2.055547339673079454e-01
-1.798603922213944384e-01
-1.541660504754809591e-01
-1.284717087295674798e-01
-1.027773669836539727e-01
-7.708302523774047954e-02
-5.138868349182698636e-02
-2.569434174591349318e-02
0.000000000000000000e+00
2.569434174591349318e-02
5.138868349182698636e-02
7.708302523774047954e-02
1.027773669836539727e-01
1.284717087295674798e-01
1.541660504754809591e-01
1.798603922213944384e-01
2.055547339673079454e-01
2.312490757132214525e-01
2.569434174591349596e-01
2.826377592050484111e-01
3.083321009509619182e-01
3.340264426968754252e-01
3.597207844427888768e-01
3.854151261887023838e-01
4.111094679346158909e-01
4.368038096805293979e-01
4.624981514264429050e-01
4.881924931723563565e-01
5.138868349182699191e-01
5.395811766641833707e-01
5.652755184100968222e-01
5.909698601560103848e-01
6.166642019019238363e-01
6.423585436478372879e-01
6.680528853937508504e-01
6.937472271396643020e-01
7.194415688855777535e-01
7.451359106314913161e-01
7.708302523774047676e-01
7.965245941233183302e-01
8.222189358692317818e-01
8.479132776151452333e-01
8.736076193610587959e-01
8.993019611069722474e-01
9.249963028528858100e-01
9.506906445987992615e-01
9.763849863447127131e-01
1.002079328090626165e+00
1.027773669836539838e+00
1.053468011582453290e+00
1.079162353328366741e+00
1.104856695074280193e+00
1.130551036820193644e+00
1.156245378566107096e+00
1.181939720312020770e+00
1.207634062057934221e+00
1.233328403803847673e+00
1.259022745549761124e+00
1.284717087295674576e+00
