-1.322114024605639093e+00
-1.295132105736136241e+00
-1.268150186866633389e+00
-1.241168267997130537e+00
-1.214186349127627684e+00
-1.187204430258124832e+00
-1.160222511388621980e+00
-1.133240592519119128e+00
-1.106258673649616275e+00
-1.079276754780113645e+00
-1.052294835910610793e+00
-1.025312917041107941e+00
-9.983309981716049775e-01
-9.713490793021022363e-01
-9.443671604325993840e-01
-9.173852415630965318e-01
-8.904033226935936796e-01
-8.634214038240908273e-01
-8.364394849545879751e-01
-8.094575660850851229e-01
-7.824756472155822706e-01
-7.554937283460794184e-01
-7.285118094765766772e-01
-7.015298906070738250e-01
-6.745479717375709727e-01
-6.475660528680681205e-01
-6.205841339985652683e-01
-5.936022151290624160e-01
-5.666202962595595638e-01
-5.396383773900568226e-01
-5.126564585205539704e-01
-4.856745396510511181e-01
-4.586926207815482659e-01
-4.317107019120454137e-01
-4.047287830425425614e-01
-3.777468641730397092e-01
-3.507649453035369125e-01
-3.237830264340340602e-01
-2.968011075645312080e-01
-2.698191886950284113e-01
-2.428372698255255591e-01
-2.158553509560227068e-01
-1.888734320865198546e-01
-1.618915132170170301e-01
-1.349095943475142056e-01
-1.079276754780113534e-01
-8.094575660850851506e-02
-5.396383773900567671e-02
-2.698191886950283835e-02
0.000000000000000000e+00
2.698191886950283835e-02
5.396383773900567671e-02
8.094575660850851506e-02
1.079276754780113534e-01
1.349095943475142056e-01
1.618915132170170301e-01
1.888734320865198546e-01
2.158553509560227068e-01
2.428372698255255591e-01
2.698191886950284113e-01
2.968011075645312080e-01
3.237830264340340602e-01
3.507649453035369125e-01
3.777468641730397092e-01
4.047287830425425614e-01
4.317107019120454137e-01
4.586926207815482659e-01
4.856745396510511181e-01
5.126564585205539704e-01
5.396383773900568226e-01
5.666202962595595638e-01
5.936022151290624160e-01
6.205841339985652683e-01
6.475660528680681205e-01
6.745479717375709727e-01
7.015298906070738250e-01
7.285118094765766772e-01
7.554937283460794184e-01
7.824756472155822706e-01
8.094575660850851229e-01
8.364394849545879751e-01
8.634214038240908273e-01
8.904033226935936796e-01
9.173852415630965318e-01
9.443671604325993840e-01
9.713490793021022363e-01
9.983309981716049775e-01
1.025312917041107941e+00
1.052294835910610793e+00
1.079276754780113645e+00
1.106258673649616275e+00
1.133240592519119128e+00
1.160222511388621980e+00
1.187204430258124832e+00
1.214186349127627684e+00
1.241168267997130537e+00
1.268150186866633389e+00
1.295132105736136241e+00
1.322114024605639093e+00
1.349095943475141945e+00
