-1.304630866199628425e+00
-1.278005746481268634e+00
-1.251380626762908843e+00
-1.224755507044549052e+00
-1.198130387326189261e+00
-1.171505267607829470e+00
-1.144880147889469901e+00
-1.118255028171110110e+00
-1.091629908452750319e+00
-1.065004788734390528e+00
-1.038379669016030737e+00
-1.011754549297670946e+00
-9.851294295793112665e-01
-9.585043098609514756e-01
-9.318791901425916846e-01
-9.052540704242320047e-01
-8.786289507058722137e-01
-8.520038309875124227e-01
-8.253787112691526318e-01
-7.987535915507928408e-01
-7.721284718324331608e-01
-7.455033521140733699e-01
-7.188782323957135789e-01
-6.922531126773538990e-01
-6.656279929589941080e-01
-6.390028732406343170e-01
-6.123777535222745261e-01
-5.857526338039147351e-01
-5.591275140855550552e-01
-5.325023943671952642e-01
-5.058772746488354732e-01
-4.792521549304757378e-01
-4.526270352121160023e-01
-4.260019154937562114e-01
-3.993767957753964204e-01
-3.727516760570366849e-01
-3.461265563386769495e-01
-3.195014366203171585e-01
-2.928763169019573676e-01
-2.662511971835976321e-01
-2.396260774652378689e-01
-2.130009577468781057e-01
-1.863758380285183425e-01
-1.597507183101585793e-01
-1.331255985917988161e-01
-1.065004788734390528e-01
-7.987535915507928963e-02
-5.325023943671952642e-02
-2.662511971835976321e-02
0.000000000000000000e+00
2.662511971835976321e-02
5.325023943671952642e-02
7.987535915507928963e-02
1.065004788734390528e-01
1.331255985917988161e-01
1.597507183101585793e-01
1.863758380285183425e-01
2.130009577468781057e-01
2.396260774652378689e-01
2.662511971835976321e-01
2.928763169019573676e-01
3.195014366203171585e-01
3.461265563386769495e-01
3.727516760570366849e-01
3.993767957753964204e-01
4.260019154937562114e-01
4.526270352121160023e-01
4.792521549304757378e-01
5.058772746488354732e-01
5.325023943671952642e-01
5.591275140855550552e-01
5.857526338039147351e-01
6.123777535222745261e-01
6.390028732406343170e-01
6.656279929589941080e-01
6.922531126773538990e-01
7.188782323957135789e-01
7.455033521140733699e-01
7.721284718324331608e-01
7.987535915507928408e-01
8.253787112691526318e-01
8.520038309875124227e-01
8.786289507058722137e-01
9.052540704242320047e-01
9.318791901425916846e-01
9.585043098609514756e-01
9.851294295793112665e-01
1.011754549297670946e+00
1.038379669016030737e+00
1.065004788734390528e+00
1.091629908452750319e+00
1.118255028171110110e+00
1.144880147889469901e+00
1.171505267607829470e+00
1.198130387326189261e+00
1.224755507044549052e+00
1.251380626762908843e+00
1.278005746481268634e+00
1.304630866199628425e+00
1.331255985917988216e+00
