-1.311182259293965258e+00
-1.284423437675721091e+00
-1.257664616057476925e+00
-1.230905794439232759e+00
-1.204146972820988593e+00
-1.177388151202744426e+00
-1.150629329584500260e+00
-1.123870507966256094e+00
-1.097111686348011705e+00
-1.070352864729767539e+00
-1.043594043111523373e+00
-1.016835221493279207e+00
-9.900763998750350403e-01
-9.633175782567908740e-01
-9.365587566385467078e-01
-9.097999350203024305e-01
-8.830411134020582642e-01
-8.562822917838140979e-01
-8.295234701655699316e-01
-8.027646485473257654e-01
-7.760058269290814881e-01
-7.492470053108373218e-01
-7.224881836925931555e-01
-6.957293620743489893e-01
-6.689705404561047120e-01
-6.422117188378605457e-01
-6.154528972196163794e-01
-5.886940756013722131e-01
-5.619352539831280469e-01
-5.351764323648837696e-01
-5.084176107466396033e-01
-4.816587891283954370e-01
-4.548999675101512152e-01
-4.281411458919070490e-01
-4.013823242736628827e-01
-3.746235026554186609e-01
-3.478646810371744946e-01
-3.211058594189302728e-01
-2.943470378006861066e-01
-2.675882161824418848e-01
-2.408293945641977185e-01
-2.140705729459535245e-01
-1.873117513277093305e-01
-1.605529297094651364e-01
-1.337941080912209424e-01
-1.070352864729767622e-01
-8.027646485473256821e-02
-5.351764323648838112e-02
-2.675882161824419056e-02
0.000000000000000000e+00
2.675882161824419056e-02
5.351764323648838112e-02
8.027646485473256821e-02
1.070352864729767622e-01
1.337941080912209424e-01
1.605529297094651364e-01
1.873117513277093305e-01
2.140705729459535245e-01
2.408293945641977185e-01
2.675882161824418848e-01
2.943470378006861066e-01
3.211058594189302728e-01
3.478646810371744946e-01
3.746235026554186609e-01
4.013823242736628827e-01
4.281411458919070490e-01
4.548999675101512152e-01
4.816587891283954370e-01
5.084176107466396033e-01
5.351764323648837696e-01
5.619352539831280469e-01
5.886940756013722131e-01
6.154528972196163794e-01
6.422117188378605457e-01
6.689705404561047120e-01
6.957293620743489893e-01
7.224881836925931555e-01
7.492470053108373218e-01
7.760058269290814881e-01
8.027646485473257654e-01
8.295234701655699316e-01
8.562822917838140979e-01
8.830411134020582642e-01
9.097999350203024305e-01
9.365587566385467078e-01
9.633175782567908740e-01
9.900763998750350403e-01
1.016835221493279207e+00
1.043594043111523373e+00
1.070352864729767539e+00
1.097111686348011705e+00
1.123870507966256094e+00
1.150629329584500260e+00
1.177388151202744426e+00
1.204146972820988593e+00
1.230905794439232759e+00
1.257664616057476925e+00
1.284423437675721091e+00
1.311182259293965258e+00
1.337941080912209424e+00
