-1.308519902781810851e+00
-1.281815414969937228e+00
-1.255110927158063605e+00
-1.228406439346189760e+00
-1.201701951534316137e+00
-1.174997463722442514e+00
-1.148292975910568670e+00
-1.121588488098695047e+00
-1.094884000286821424e+00
-1.068179512474947579e+00
-1.041475024663073956e+00
-1.014770536851200333e+00
-9.880660490393265993e-01
-9.613615612274528655e-01
-9.346570734155792426e-01
-9.079525856037055087e-01
-8.812480977918318858e-01
-8.545436099799581520e-01
-8.278391221680844181e-01
-8.011346343562107952e-01
-7.744301465443370613e-01
-7.477256587324634385e-01
-7.210211709205897046e-01
-6.943166831087159707e-01
-6.676121952968423479e-01
-6.409077074849686140e-01
-6.142032196730948801e-01
-5.874987318612212572e-01
-5.607942440493475234e-01
-5.340897562374737895e-01
-5.073852684256001666e-01
-4.806807806137264327e-01
-4.539762928018527544e-01
-4.272718049899790760e-01
-4.005673171781053976e-01
-3.738628293662317192e-01
-3.471583415543579854e-01
-3.204538537424843070e-01
-2.937493659306106286e-01
-2.670448781187368947e-01
-2.403403903068632164e-01
-2.136359024949895380e-01
-1.869314146831158596e-01
-1.602269268712421535e-01
-1.335224390593684474e-01
-1.068179512474947690e-01
-8.011346343562107675e-02
-5.340897562374738450e-02
-2.670448781187369225e-02
0.000000000000000000e+00
2.670448781187369225e-02
5.340897562374738450e-02
8.011346343562107675e-02
1.068179512474947690e-01
1.335224390593684474e-01
1.602269268712421535e-01
1.869314146831158596e-01
2.136359024949895380e-01
2.403403903068632164e-01
2.670448781187368947e-01
2.937493659306106286e-01
3.204538537424843070e-01
3.471583415543579854e-01
3.738628293662317192e-01
4.005673171781053976e-01
4.272718049899790760e-01
4.539762928018527544e-01
4.806807806137264327e-01
5.073852684256001666e-01
5.340897562374737895e-01
5.607942440493475234e-01
5.874987318612212572e-01
6.142032196730948801e-01
6.409077074849686140e-01
6.676121952968423479e-01
6.943166831087159707e-01
7.210211709205897046e-01
7.477256587324634385e-01
7.744301465443370613e-01
8.011346343562107952e-01
8.278391221680844181e-01
8.545436099799581520e-01
8.812480977918318858e-01
9.079525856037055087e-01
9.346570734155792426e-01
9.613615612274528655e-01
9.880660490393265993e-01
1.014770536851200333e+00
1.041475024663073956e+00
1.068179512474947579e+00
1.094884000286821424e+00
1.121588488098695047e+00
1.148292975910568670e+00
1.174997463722442514e+00
1.201701951534316137e+00
1.228406439346189760e+00
1.255110927158063605e+00
1.281815414969937228e+00
1.308519902781810851e+00
1.335224390593684696e+00
