-1.311579707690234242e+00
-1.284812774880229380e+00
-1.258045842070224518e+00
-1.231278909260219878e+00
-1.204511976450215016e+00
-1.177745043640210376e+00
-1.150978110830205514e+00
-1.124211178020200652e+00
-1.097444245210196012e+00
-1.070677312400191150e+00
-1.043910379590186288e+00
-1.017143446780181648e+00
-9.903765139701767861e-01
-9.636095811601720351e-01
-9.368426483501672841e-01
-9.100757155401624221e-01
-8.833087827301576711e-01
-8.565418499201529201e-01
-8.297749171101481691e-01
-8.030079843001434181e-01
-7.762410514901385561e-01
-7.494741186801338051e-01
-7.227071858701290541e-01
-6.959402530601241921e-01
-6.691733202501194411e-01
-6.424063874401146901e-01
-6.156394546301099391e-01
-5.888725218201051881e-01
-5.621055890101003261e-01
-5.353386562000955751e-01
-5.085717233900908241e-01
-4.818047905800860176e-01
-4.550378577700812111e-01
-4.282709249600764601e-01
-4.015039921500717091e-01
-3.747370593400669025e-01
-3.479701265300620960e-01
-3.212031937200573450e-01
-2.944362609100525940e-01
-2.676693281000477875e-01
-2.409023952900430088e-01
-2.141354624800382300e-01
-1.873685296700334513e-01
-1.606015968600286725e-01
-1.338346640500238938e-01
-1.070677312400191150e-01
-8.030079843001433626e-02
-5.353386562000955751e-02
-2.676693281000477875e-02
0.000000000000000000e+00
2.676693281000477875e-02
5.353386562000955751e-02
8.030079843001433626e-02
1.070677312400191150e-01
1.338346640500238938e-01
1.606015968600286725e-01
1.873685296700334513e-01
2.141354624800382300e-01
2.409023952900430088e-01
2.676693281000477875e-01
2.944362609100525940e-01
3.212031937200573450e-01
3.479701265300620960e-01
3.747370593400669025e-01
4.015039921500717091e-01
4.282709249600764601e-01
4.550378577700812111e-01
4.818047905800860176e-01
5.085717233900908241e-01
5.353386562000955751e-01
5.621055890101003261e-01
5.888725218201051881e-01
6.156394546301099391e-01
6.424063874401146901e-01
6.691733202501194411e-01
6.959402530601241921e-01
7.227071858701290541e-01
7.494741186801338051e-01
7.762410514901385561e-01
8.030079843001434181e-01
8.297749171101481691e-01
8.565418499201529201e-01
8.833087827301576711e-01
9.100757155401624221e-01
9.368426483501672841e-01
9.636095811601720351e-01
9.903765139701767861e-01
1.017143446780181648e+00
1.043910379590186288e+00
1.070677312400191150e+00
1.097444245210196012e+00
1.124211178020200652e+00
1.150978110830205514e+00
1.177745043640210376e+00
1.204511976450215016e+00
1.231278909260219878e+00
1.258045842070224518e+00
1.284812774880229380e+00
1.311579707690234242e+00
1.338346640500238882e+00
