-1.322518128970858298e+00
-1.295527963073493716e+00
-1.268537797176129356e+00
-1.241547631278764774e+00
-1.214557465381400414e+00
-1.187567299484036054e+00
-1.160577133586671472e+00
-1.133586967689307112e+00
-1.106596801791942530e+00
-1.079606635894578170e+00
-1.052616469997213589e+00
-1.025626304099849229e+00
-9.986361382024847577e-01
-9.716459723051202868e-01
-9.446558064077559269e-01
-9.176656405103914560e-01
-8.906754746130269851e-01
-8.636853087156625142e-01
-8.366951428182980433e-01
-8.097049769209335723e-01
-7.827148110235691014e-01
-7.557246451262047415e-01
-7.287344792288402706e-01
-7.017443133314757997e-01
-6.747541474341113288e-01
-6.477639815367468579e-01
-6.207738156393823870e-01
-5.937836497420180271e-01
-5.667934838446535561e-01
-5.398033179472890852e-01
-5.128131520499246143e-01
-4.858229861525601434e-01
-4.588328202551957280e-01
-4.318426543578312571e-01
-4.048524884604667862e-01
-3.778623225631023708e-01
-3.508721566657378998e-01
-3.238819907683734289e-01
-2.968918248710090135e-01
-2.699016589736445426e-01
-2.429114930762800717e-01
-2.159213271789156285e-01
-1.889311612815511854e-01
-1.619409953841867145e-01
-1.349508294868222713e-01
-1.079606635894578143e-01
-8.097049769209335723e-02
-5.398033179472890714e-02
-2.699016589736445357e-02
0.000000000000000000e+00
2.699016589736445357e-02
5.398033179472890714e-02
8.097049769209335723e-02
1.079606635894578143e-01
1.349508294868222713e-01
1.619409953841867145e-01
1.889311612815511854e-01
2.159213271789156285e-01
2.429114930762800717e-01
2.699016589736445426e-01
2.968918248710090135e-01
3.238819907683734289e-01
3.508721566657378998e-01
3.778623225631023708e-01
4.048524884604667862e-01
4.318426543578312571e-01
4.588328202551957280e-01
4.858229861525601434e-01
5.128131520499246143e-01
5.398033179472890852e-01
5.667934838446535561e-01
5.937836497420180271e-01
6.207738156393823870e-01
6.477639815367468579e-01
6.747541474341113288e-01
7.017443133314757997e-01
7.287344792288402706e-01
7.557246451262047415e-01
7.827148110235691014e-01
8.097049769209335723e-01
8.366951428182980433e-01
8.636853087156625142e-01
8.906754746130269851e-01
9.176656405103914560e-01
9.446558064077559269e-01
9.716459723051202868e-01
9.986361382024847577e-01
1.025626304099849229e+00
1.052616469997213589e+00
1.079606635894578170e+00
1.106596801791942530e+00
1.133586967689307112e+00
1.160577133586671472e+00
1.187567299484036054e+00
1.214557465381400414e+00
1.241547631278764774e+00
1.268537797176129356e+00
1.295527963073493716e+00
1.322518128970858298e+00
1.349508294868222658e+00
