-1.322633632737579168e+00
-1.295641109620485842e+00
-1.268648586503392295e+00
-1.241656063386298969e+00
-1.214663540269205422e+00
-1.187671017152111874e+00
-1.160678494035018549e+00
-1.133685970917925001e+00
-1.106693447800831676e+00
-1.079700924683738128e+00
-1.052708401566644802e+00
-1.025715878449551255e+00
-9.987233553324578184e-01
-9.717308322153643818e-01
-9.447383090982708342e-01
-9.177457859811773977e-01
-8.907532628640839611e-01
-8.637607397469905246e-01
-8.367682166298970881e-01
-8.097756935128036515e-01
-7.827831703957102150e-01
-7.557906472786166674e-01
-7.287981241615232308e-01
-7.018056010444297943e-01
-6.748130779273363578e-01
-6.478205548102429212e-01
-6.208280316931494847e-01
-5.938355085760559371e-01
-5.668429854589625005e-01
-5.398504623418690640e-01
-5.128579392247756275e-01
-4.858654161076821909e-01
-4.588728929905886988e-01
-4.318803698734952623e-01
-4.048878467564018258e-01
-3.778953236393083337e-01
-3.509028005222148971e-01
-3.239102774051214606e-01
-2.969177542880279685e-01
-2.699252311709345320e-01
-2.429327080538410955e-01
-2.159401849367476312e-01
-1.889476618196541668e-01
-1.619551387025607303e-01
-1.349626155854672660e-01
-1.079700924683738156e-01
-8.097756935128036515e-02
-5.398504623418690779e-02
-2.699252311709345389e-02
0.000000000000000000e+00
2.699252311709345389e-02
5.398504623418690779e-02
8.097756935128036515e-02
1.079700924683738156e-01
1.349626155854672660e-01
1.619551387025607303e-01
1.889476618196541668e-01
2.159401849367476312e-01
2.429327080538410955e-01
2.699252311709345320e-01
2.969177542880279685e-01
3.239102774051214606e-01
3.509028005222148971e-01
3.778953236393083337e-01
4.048878467564018258e-01
4.318803698734952623e-01
4.588728929905886988e-01
4.858654161076821909e-01
5.128579392247756275e-01
5.398504623418690640e-01
5.668429854589625005e-01
5.938355085760559371e-01
6.208280316931494847e-01
6.478205548102429212e-01
6.748130779273363578e-01
7.018056010444297943e-01
7.287981241615232308e-01
7.557906472786166674e-01
7.827831703957102150e-01
8.097756935128036515e-01
8.367682166298970881e-01
8.637607397469905246e-01
8.907532628640839611e-01
9.177457859811773977e-01
9.447383090982708342e-01
9.717308322153643818e-01
9.987233553324578184e-01
1.025715878449551255e+00
1.052708401566644802e+00
1.079700924683738128e+00
1.106693447800831676e+00
1.133685970917925001e+00
1.160678494035018549e+00
1.187671017152111874e+00
1.214663540269205422e+00
1.241656063386298969e+00
1.268648586503392295e+00
1.295641109620485842e+00
1.322633632737579168e+00
1.349626155854672716e+00
