-1.318660376581070048e+00
-1.291748940324313422e+00
-1.264837504067556795e+00
-1.237926067810800390e+00
-1.211014631554043763e+00
-1.184103195297287359e+00
-1.157191759040530732e+00
-1.130280322783774327e+00
-1.103368886527017700e+00
-1.076457450270261074e+00
-1.049546014013504669e+00
-1.022634577756748042e+00
-9.957231414999916375e-01
-9.688117052432350107e-01
-9.419002689864784950e-01
-9.149888327297219792e-01
-8.880773964729654635e-01
-8.611659602162089477e-01
-8.342545239594524320e-01
-8.073430877026959163e-01
-7.804316514459394005e-01
-7.535202151891828848e-01
-7.266087789324262580e-01
-6.996973426756697423e-01
-6.727859064189132265e-01
-6.458744701621567108e-01
-6.189630339054001951e-01
-5.920515976486436793e-01
-5.651401613918871636e-01
-5.382287251351305368e-01
-5.113172888783740211e-01
-4.844058526216175053e-01
-4.574944163648609896e-01
-4.305829801081044739e-01
-4.036715438513479581e-01
-3.767601075945914424e-01
-3.498486713378348711e-01
-3.229372350810783554e-01
-2.960257988243218397e-01
-2.691143625675652684e-01
-2.422029263108087527e-01
-2.152914900540522369e-01
-1.883800537972957212e-01
-1.614686175405391777e-01
-1.345571812837826342e-01
-1.076457450270261185e-01
-8.073430877026958885e-02
-5.382287251351305923e-02
-2.691143625675652962e-02
0.000000000000000000e+00
2.691143625675652962e-02
5.382287251351305923e-02
8.073430877026958885e-02
1.076457450270261185e-01
1.345571812837826342e-01
1.614686175405391777e-01
1.883800537972957212e-01
2.152914900540522369e-01
2.422029263108087527e-01
2.691143625675652684e-01
2.960257988243218397e-01
3.229372350810783554e-01
3.498486713378348711e-01
3.767601075945914424e-01
4.036715438513479581e-01
4.305829801081044739e-01
4.574944163648609896e-01
4.844058526216175053e-01
5.113172888783740211e-01
5.382287251351305368e-01
5.651401613918871636e-01
5.920515976486436793e-01
6.189630339054001951e-01
6.458744701621567108e-01
6.727859064189132265e-01
6.996973426756697423e-01
7.266087789324262580e-01
7.535202151891828848e-01
7.804316514459394005e-01
8.073430877026959163e-01
8.342545239594524320e-01
8.611659602162089477e-01
8.880773964729654635e-01
9.149888327297219792e-01
9.419002689864784950e-01
9.688117052432350107e-01
9.957231414999916375e-01
1.022634577756748042e+00
1.049546014013504669e+00
1.076457450270261074e+00
1.103368886527017700e+00
1.130280322783774327e+00
1.157191759040530732e+00
1.184103195297287359e+00
1.211014631554043763e+00
1.237926067810800390e+00
1.264837504067556795e+00
1.291748940324313422e+00
1.318660376581070048e+00
1.345571812837826453e+00
