-1.313342736522876253e+00
-1.286539823532613536e+00
-1.259736910542350596e+00
-1.232933997552087879e+00
-1.206131084561825162e+00
-1.179328171571562223e+00
-1.152525258581299505e+00
-1.125722345591036788e+00
-1.098919432600774071e+00
-1.072116519610511132e+00
-1.045313606620248414e+00
-1.018510693629985697e+00
-9.917077806397228690e-01
-9.649048676494600407e-01
-9.381019546591973235e-01
-9.112990416689344952e-01
-8.844961286786717780e-01
-8.576932156884089498e-01
-8.308903026981461215e-01
-8.040873897078834043e-01
-7.772844767176205760e-01
-7.504815637273578588e-01
-7.236786507370950305e-01
-6.968757377468323133e-01
-6.700728247565694851e-01
-6.432699117663067678e-01
-6.164669987760439396e-01
-5.896640857857811113e-01
-5.628611727955183941e-01
-5.360582598052555658e-01
-5.092553468149928486e-01
-4.824524338247300204e-01
-4.556495208344672476e-01
-4.288466078442044749e-01
-4.020436948539417021e-01
-3.752407818636789294e-01
-3.484378688734161567e-01
-3.216349558831533839e-01
-2.948320428928905557e-01
-2.680291299026277829e-01
-2.412262169123650102e-01
-2.144233039221022374e-01
-1.876203909318394647e-01
-1.608174779415766920e-01
-1.340145649513138915e-01
-1.072116519610511187e-01
-8.040873897078834598e-02
-5.360582598052555936e-02
-2.680291299026277968e-02
0.000000000000000000e+00
2.680291299026277968e-02
5.360582598052555936e-02
8.040873897078834598e-02
1.072116519610511187e-01
1.340145649513138915e-01
1.608174779415766920e-01
1.876203909318394647e-01
2.144233039221022374e-01
2.412262169123650102e-01
2.680291299026277829e-01
2.948320428928905557e-01
3.216349558831533839e-01
3.484378688734161567e-01
3.752407818636789294e-01
4.020436948539417021e-01
4.288466078442044749e-01
4.556495208344672476e-01
4.824524338247300204e-01
5.092553468149928486e-01
5.360582598052555658e-01
5.628611727955183941e-01
5.896640857857811113e-01
6.164669987760439396e-01
6.432699117663067678e-01
6.700728247565694851e-01
6.968757377468323133e-01
7.236786507370950305e-01
7.504815637273578588e-01
7.772844767176205760e-01
8.040873897078834043e-01
8.308903026981461215e-01
8.576932156884089498e-01
8.844961286786717780e-01
9.112990416689344952e-01
9.381019546591973235e-01
9.649048676494600407e-01
9.917077806397228690e-01
1.018510693629985697e+00
1.045313606620248414e+00
1.072116519610511132e+00
1.098919432600774071e+00
1.125722345591036788e+00
1.152525258581299505e+00
1.179328171571562223e+00
1.206131084561825162e+00
1.232933997552087879e+00
1.259736910542350596e+00
1.286539823532613536e+00
1.313342736522876253e+00
1.340145649513138970e+00
