-1.317513166718455198e+00
-1.290625142907874334e+00
-1.263737119097293693e+00
-1.236849095286713052e+00
-1.209961071476132188e+00
-1.183073047665551547e+00
-1.156185023854970906e+00
-1.129297000044390042e+00
-1.102408976233809401e+00
-1.075520952423228760e+00
-1.048632928612647897e+00
-1.021744904802067255e+00
-9.948568809914865030e-01
-9.679688571809058617e-01
-9.410808333703251094e-01
-9.141928095597443571e-01
-8.873047857491637158e-01
-8.604167619385829635e-01
-8.335287381280022112e-01
-8.066407143174215699e-01
-7.797526905068408176e-01
-7.528646666962600653e-01
-7.259766428856794240e-01
-6.990886190750986717e-01
-6.722005952645179194e-01
-6.453125714539371671e-01
-6.184245476433565258e-01
-5.915365238327757735e-01
-5.646485000221950212e-01
-5.377604762116143799e-01
-5.108724524010336276e-01
-4.839844285904529309e-01
-4.570964047798721785e-01
-4.302083809692914818e-01
-4.033203571587107850e-01
-3.764323333481300327e-01
-3.495443095375493359e-01
-3.226562857269685836e-01
-2.957682619163878868e-01
-2.688802381058071900e-01
-2.419922142952264654e-01
-2.151041904846457409e-01
-1.882161666740650163e-01
-1.613281428634842918e-01
-1.344401190529035950e-01
-1.075520952423228704e-01
-8.066407143174214589e-02
-5.377604762116143522e-02
-2.688802381058071761e-02
0.000000000000000000e+00
2.688802381058071761e-02
5.377604762116143522e-02
8.066407143174214589e-02
1.075520952423228704e-01
1.344401190529035950e-01
1.613281428634842918e-01
1.882161666740650163e-01
2.151041904846457409e-01
2.419922142952264654e-01
2.688802381058071900e-01
2.957682619163878868e-01
3.226562857269685836e-01
3.495443095375493359e-01
3.764323333481300327e-01
4.033203571587107850e-01
4.302083809692914818e-01
4.570964047798721785e-01
4.839844285904529309e-01
5.108724524010336276e-01
5.377604762116143799e-01
5.646485000221950212e-01
5.915365238327757735e-01
6.184245476433565258e-01
6.453125714539371671e-01
6.722005952645179194e-01
6.990886190750986717e-01
7.259766428856794240e-01
7.528646666962600653e-01
7.797526905068408176e-01
8.066407143174215699e-01
8.335287381280022112e-01
8.604167619385829635e-01
8.873047857491637158e-01
9.141928095597443571e-01
9.410808333703251094e-01
9.679688571809058617e-01
9.948568809914865030e-01
1.021744904802067255e+00
1.048632928612647897e+00
1.075520952423228760e+00
1.102408976233809401e+00
1.129297000044390042e+00
1.156185023854970906e+00
1.183073047665551547e+00
1.209961071476132188e+00
1.236849095286713052e+00
1.263737119097293693e+00
1.290625142907874334e+00
1.317513166718455198e+00
1.344401190529035839e+00
