-1.306882559099525443e+00
-1.280211486464841286e+00
-1.253540413830156908e+00
-1.226869341195472751e+00
-1.200198268560788595e+00
-1.173527195926104438e+00
-1.146856123291420282e+00
-1.120185050656736125e+00
-1.093513978022051747e+00
-1.066842905387367590e+00
-1.040171832752683434e+00
-1.013500760117999278e+00
-9.868296874833151211e-01
-9.601586148486308536e-01
-9.334875422139466972e-01
-9.068164695792625407e-01
-8.801453969445782732e-01
-8.534743243098941168e-01
-8.268032516752099603e-01
-8.001321790405256928e-01
-7.734611064058415364e-01
-7.467900337711573799e-01
-7.201189611364731125e-01
-6.934478885017889560e-01
-6.667768158671047996e-01
-6.401057432324206431e-01
-6.134346705977363756e-01
-5.867635979630522192e-01
-5.600925253283680627e-01
-5.334214526936837952e-01
-5.067503800589996388e-01
-4.800793074243154268e-01
-4.534082347896312704e-01
-4.267371621549470584e-01
-4.000660895202628464e-01
-3.733950168855786900e-01
-3.467239442508944780e-01
-3.200528716162103215e-01
-2.933817989815261096e-01
-2.667107263468418976e-01
-2.400396537121577134e-01
-2.133685810774735292e-01
-1.866975084427893450e-01
-1.600264358081051608e-01
-1.333553631734209488e-01
-1.066842905387367646e-01
-8.001321790405258039e-02
-5.334214526936838230e-02
-2.667107263468419115e-02
0.000000000000000000e+00
2.667107263468419115e-02
5.334214526936838230e-02
8.001321790405258039e-02
1.066842905387367646e-01
1.333553631734209488e-01
1.600264358081051608e-01
1.866975084427893450e-01
2.133685810774735292e-01
2.400396537121577134e-01
2.667107263468418976e-01
2.933817989815261096e-01
3.200528716162103215e-01
3.467239442508944780e-01
3.733950168855786900e-01
4.000660895202628464e-01
4.267371621549470584e-01
4.534082347896312704e-01
4.800793074243154268e-01
5.067503800589996388e-01
5.334214526936837952e-01
5.600925253283680627e-01
5.867635979630522192e-01
6.134346705977363756e-01
6.401057432324206431e-01
6.667768158671047996e-01
6.934478885017889560e-01
7.201189611364731125e-01
7.467900337711573799e-01
7.734611064058415364e-01
8.001321790405256928e-01
8.268032516752099603e-01
8.534743243098941168e-01
8.801453969445782732e-01
9.068164695792625407e-01
9.334875422139466972e-01
9.601586148486308536e-01
9.868296874833151211e-01
1.013500760117999278e+00
1.040171832752683434e+00
1.066842905387367590e+00
1.093513978022051747e+00
1.120185050656736125e+00
1.146856123291420282e+00
1.173527195926104438e+00
1.200198268560788595e+00
1.226869341195472751e+00
1.253540413830156908e+00
1.280211486464841286e+00
1.306882559099525443e+00
1.333553631734209599e+00
