-1.317054841487610206e+00
-1.290176171253169191e+00
-1.263297501018727953e+00
-1.236418830784286937e+00
-1.209540160549845922e+00
-1.182661490315404906e+00
-1.155782820080963891e+00
-1.128904149846522875e+00
-1.102025479612081860e+00
-1.075146809377640844e+00
-1.048268139143199829e+00
-1.021389468908758813e+00
-9.945107986743177975e-01
-9.676321284398767819e-01
-9.407534582054357664e-01
-9.138747879709947508e-01
-8.869961177365537353e-01
-8.601174475021127197e-01
-8.332387772676717042e-01
-8.063601070332306886e-01
-7.794814367987896730e-01
-7.526027665643486575e-01
-7.257240963299076419e-01
-6.988454260954666264e-01
-6.719667558610256108e-01
-6.450880856265845953e-01
-6.182094153921434687e-01
-5.913307451577024532e-01
-5.644520749232614376e-01
-5.375734046888204221e-01
-5.106947344543794065e-01
-4.838160642199383910e-01
-4.569373939854973754e-01
-4.300587237510563599e-01
-4.031800535166153443e-01
-3.763013832821743287e-01
-3.494227130477333132e-01
-3.225440428132922976e-01
-2.956653725788512266e-01
-2.687867023444102110e-01
-2.419080321099691955e-01
-2.150293618755281799e-01
-1.881506916410871644e-01
-1.612720214066461488e-01
-1.343933511722051055e-01
-1.075146809377640900e-01
-8.063601070332307441e-02
-5.375734046888204498e-02
-2.687867023444102249e-02
0.000000000000000000e+00
2.687867023444102249e-02
5.375734046888204498e-02
8.063601070332307441e-02
1.075146809377640900e-01
1.343933511722051055e-01
1.612720214066461488e-01
1.881506916410871644e-01
2.150293618755281799e-01
2.419080321099691955e-01
2.687867023444102110e-01
2.956653725788512266e-01
3.225440428132922976e-01
3.494227130477333132e-01
3.763013832821743287e-01
4.031800535166153443e-01
4.300587237510563599e-01
4.569373939854973754e-01
4.838160642199383910e-01
5.106947344543794065e-01
5.375734046888204221e-01
5.644520749232614376e-01
5.913307451577024532e-01
6.182094153921434687e-01
6.450880856265845953e-01
6.719667558610256108e-01
6.988454260954666264e-01
7.257240963299076419e-01
7.526027665643486575e-01
7.794814367987896730e-01
8.063601070332306886e-01
8.332387772676717042e-01
8.601174475021127197e-01
8.869961177365537353e-01
9.138747879709947508e-01
9.407534582054357664e-01
9.676321284398767819e-01
9.945107986743177975e-01
1.021389468908758813e+00
1.048268139143199829e+00
1.075146809377640844e+00
1.102025479612081860e+00
1.128904149846522875e+00
1.155782820080963891e+00
1.182661490315404906e+00
1.209540160549845922e+00
1.236418830784286937e+00
1.263297501018727953e+00
1.290176171253169191e+00
1.317054841487610206e+00
1.343933511722051222e+00
