-1.322864700807590443e+00
-1.295867462015598770e+00
-1.268870223223607097e+00
-1.241872984431615645e+00
-1.214875745639623972e+00
-1.187878506847632298e+00
-1.160881268055640625e+00
-1.133884029263648952e+00
-1.106886790471657278e+00
-1.079889551679665605e+00
-1.052892312887674153e+00
-1.025895074095682480e+00
-9.988978353036908064e-01
-9.719005965116991330e-01
-9.449033577197074596e-01
-9.179061189277157862e-01
-8.909088801357242238e-01
-8.639116413437325503e-01
-8.369144025517408769e-01
-8.099171637597493145e-01
-7.829199249677576411e-01
-7.559226861757659677e-01
-7.289254473837742943e-01
-7.019282085917827319e-01
-6.749309697997910584e-01
-6.479337310077993850e-01
-6.209364922158078226e-01
-5.939392534238161492e-01
-5.669420146318244758e-01
-5.399447758398328023e-01
-5.129475370478412399e-01
-4.859502982558495665e-01
-4.589530594638578931e-01
-4.319558206718662752e-01
-4.049585818798746573e-01
-3.779613430878829838e-01
-3.509641042958913659e-01
-3.239668655038996925e-01
-2.969696267119080746e-01
-2.699723879199164012e-01
-2.429751491279247833e-01
-2.159779103359331376e-01
-1.889806715439414919e-01
-1.619834327519498463e-01
-1.349861939599582006e-01
-1.079889551679665688e-01
-8.099171637597492313e-02
-5.399447758398328440e-02
-2.699723879199164220e-02
0.000000000000000000e+00
2.699723879199164220e-02
5.399447758398328440e-02
8.099171637597492313e-02
1.079889551679665688e-01
1.349861939599582006e-01
1.619834327519498463e-01
1.889806715439414919e-01
2.159779103359331376e-01
2.429751491279247833e-01
2.699723879199164012e-01
2.969696267119080746e-01
3.239668655038996925e-01
3.509641042958913659e-01
3.779613430878829838e-01
4.049585818798746573e-01
4.319558206718662752e-01
4.589530594638578931e-01
4.859502982558495665e-01
5.129475370478412399e-01
5.399447758398328023e-01
5.669420146318244758e-01
5.939392534238161492e-01
6.209364922158078226e-01
6.479337310077993850e-01
6.749309697997910584e-01
7.019282085917827319e-01
7.289254473837742943e-01
7.559226861757659677e-01
7.829199249677576411e-01
8.099171637597493145e-01
8.369144025517408769e-01
8.639116413437325503e-01
8.909088801357242238e-01
9.179061189277157862e-01
9.449033577197074596e-01
9.719005965116991330e-01
9.988978353036908064e-01
1.025895074095682480e+00
1.052892312887674153e+00
1.079889551679665605e+00
1.106886790471657278e+00
1.133884029263648952e+00
1.160881268055640625e+00
1.187878506847632298e+00
1.214875745639623972e+00
1.241872984431615645e+00
1.268870223223607097e+00
1.295867462015598770e+00
1.322864700807590443e+00
1.349861939599582117e+00
