-1.311409343162910357e+00
-1.284645887179993728e+00
-1.257882431197077322e+00
-1.231118975214160693e+00
-1.204355519231244287e+00
-1.177592063248327658e+00
-1.150828607265411252e+00
-1.124065151282494623e+00
-1.097301695299577995e+00
-1.070538239316661588e+00
-1.043774783333744960e+00
-1.017011327350828553e+00
-9.902478713679119249e-01
-9.634844153849954074e-01
-9.367209594020788899e-01
-9.099575034191622613e-01
-8.831940474362457438e-01
-8.564305914533292263e-01
-8.296671354704127088e-01
-8.029036794874961913e-01
-7.761402235045795628e-01
-7.493767675216630453e-01
-7.226133115387465278e-01
-6.958498555558300103e-01
-6.690863995729134928e-01
-6.423229435899968642e-01
-6.155594876070803467e-01
-5.887960316241638292e-01
-5.620325756412473117e-01
-5.352691196583307942e-01
-5.085056636754142767e-01
-4.817422076924977037e-01
-4.549787517095811307e-01
-4.282152957266646132e-01
-4.014518397437480957e-01
-3.746883837608315226e-01
-3.479249277779150051e-01
-3.211614717949984321e-01
-2.943980158120819146e-01
-2.676345598291653971e-01
-2.408711038462488518e-01
-2.141076478633323066e-01
-1.873441918804157613e-01
-1.605807358974992161e-01
-1.338172799145826986e-01
-1.070538239316661533e-01
-8.029036794874960803e-02
-5.352691196583307665e-02
-2.676345598291653832e-02
0.000000000000000000e+00
2.676345598291653832e-02
5.352691196583307665e-02
8.029036794874960803e-02
1.070538239316661533e-01
1.338172799145826986e-01
1.605807358974992161e-01
1.873441918804157613e-01
2.141076478633323066e-01
2.408711038462488518e-01
2.676345598291653971e-01
2.943980158120819146e-01
3.211614717949984321e-01
3.479249277779150051e-01
3.746883837608315226e-01
4.014518397437480957e-01
4.282152957266646132e-01
4.549787517095811307e-01
4.817422076924977037e-01
5.085056636754142767e-01
5.352691196583307942e-01
5.620325756412473117e-01
5.887960316241638292e-01
6.155594876070803467e-01
6.423229435899968642e-01
6.690863995729134928e-01
6.958498555558300103e-01
7.226133115387465278e-01
7.493767675216630453e-01
7.761402235045795628e-01
8.029036794874961913e-01
8.296671354704127088e-01
8.564305914533292263e-01
8.831940474362457438e-01
9.099575034191622613e-01
9.367209594020788899e-01
9.634844153849954074e-01
9.902478713679119249e-01
1.017011327350828553e+00
1.043774783333744960e+00
1.070538239316661588e+00
1.097301695299577995e+00
1.124065151282494623e+00
1.150828607265411252e+00
1.177592063248327658e+00
1.204355519231244287e+00
1.231118975214160693e+00
1.257882431197077322e+00
1.284645887179993728e+00
1.311409343162910357e+00
1.338172799145826986e+00
