-1.320442505435982961e+00
-1.293494699202595521e+00
-1.266546892969208082e+00
-1.239599086735820865e+00
-1.212651280502433426e+00
-1.185703474269045987e+00
-1.158755668035658548e+00
-1.131807861802271109e+00
-1.104860055568883670e+00
-1.077912249335496231e+00
-1.050964443102109014e+00
-1.024016636868721575e+00
-9.970688306353341357e-01
-9.701210244019466966e-01
-9.431732181685592575e-01
-9.162254119351718185e-01
-8.892776057017844904e-01
-8.623297994683970513e-01
-8.353819932350096122e-01
-8.084341870016222842e-01
-7.814863807682348451e-01
-7.545385745348474060e-01
-7.275907683014599669e-01
-7.006429620680726389e-01
-6.736951558346851998e-01
-6.467473496012977607e-01
-6.197995433679104327e-01
-5.928517371345229936e-01
-5.659039309011355545e-01
-5.389561246677481154e-01
-5.120083184343607874e-01
-4.850605122009733483e-01
-4.581127059675859092e-01
-4.311648997341985257e-01
-4.042170935008111421e-01
-3.772692872674237030e-01
-3.503214810340363194e-01
-3.233736748006488804e-01
-2.964258685672614968e-01
-2.694780623338740577e-01
-2.425302561004866742e-01
-2.155824498670992628e-01
-1.886346436337118515e-01
-1.616868374003244402e-01
-1.347390311669370289e-01
-1.077912249335496314e-01
-8.084341870016222009e-02
-5.389561246677481571e-02
-2.694780623338740785e-02
0.000000000000000000e+00
2.694780623338740785e-02
5.389561246677481571e-02
8.084341870016222009e-02
1.077912249335496314e-01
1.347390311669370289e-01
1.616868374003244402e-01
1.886346436337118515e-01
2.155824498670992628e-01
2.425302561004866742e-01
2.694780623338740577e-01
2.964258685672614968e-01
3.233736748006488804e-01
3.503214810340363194e-01
3.772692872674237030e-01
4.042170935008111421e-01
4.311648997341985257e-01
4.581127059675859092e-01
4.850605122009733483e-01
5.120083184343607874e-01
5.389561246677481154e-01
5.659039309011355545e-01
5.928517371345229936e-01
6.197995433679104327e-01
6.467473496012977607e-01
6.736951558346851998e-01
7.006429620680726389e-01
7.275907683014599669e-01
7.545385745348474060e-01
7.814863807682348451e-01
8.084341870016222842e-01
8.353819932350096122e-01
8.623297994683970513e-01
8.892776057017844904e-01
9.162254119351718185e-01
9.431732181685592575e-01
9.701210244019466966e-01
9.970688306353341357e-01
1.024016636868721575e+00
1.050964443102109014e+00
1.077912249335496231e+00
1.104860055568883670e+00
1.131807861802271109e+00
1.158755668035658548e+00
1.185703474269045987e+00
1.212651280502433426e+00
1.239599086735820865e+00
1.266546892969208082e+00
1.293494699202595521e+00
1.320442505435982961e+00
1.347390311669370400e+00
