-1.313684515513992013e+00
-1.286874627442277763e+00
-1.260064739370563736e+00
-1.233254851298849486e+00
-1.206444963227135458e+00
-1.179635075155421431e+00
-1.152825187083707181e+00
-1.126015299011993154e+00
-1.099205410940278904e+00
-1.072395522868564877e+00
-1.045585634796850627e+00
-1.018775746725136599e+00
-9.919658586534224609e-01
-9.651559705817083223e-01
-9.383460825099942948e-01
-9.115361944382801562e-01
-8.847263063665660177e-01
-8.579164182948518791e-01
-8.311065302231377405e-01
-8.042966421514236020e-01
-7.774867540797094634e-01
-7.506768660079954358e-01
-7.238669779362812973e-01
-6.970570898645671587e-01
-6.702472017928530201e-01
-6.434373137211388816e-01
-6.166274256494247430e-01
-5.898175375777107154e-01
-5.630076495059965769e-01
-5.361977614342824383e-01
-5.093878733625682997e-01
-4.825779852908541612e-01
-4.557680972191400781e-01
-4.289582091474259395e-01
-4.021483210757118010e-01
-3.753384330039977179e-01
-3.485285449322835793e-01
-3.217186568605694408e-01
-2.949087687888553577e-01
-2.680988807171412192e-01
-2.412889926454270806e-01
-2.144791045737129698e-01
-1.876692165019988590e-01
-1.608593284302847204e-01
-1.340494403585706096e-01
-1.072395522868564849e-01
-8.042966421514236020e-02
-5.361977614342824244e-02
-2.680988807171412122e-02
0.000000000000000000e+00
2.680988807171412122e-02
5.361977614342824244e-02
8.042966421514236020e-02
1.072395522868564849e-01
1.340494403585706096e-01
1.608593284302847204e-01
1.876692165019988590e-01
2.144791045737129698e-01
2.412889926454270806e-01
2.680988807171412192e-01
2.949087687888553577e-01
3.217186568605694408e-01
3.485285449322835793e-01
3.753384330039977179e-01
4.021483210757118010e-01
4.289582091474259395e-01
4.557680972191400781e-01
4.825779852908541612e-01
5.093878733625682997e-01
5.361977614342824383e-01
5.630076495059965769e-01
5.898175375777107154e-01
6.166274256494247430e-01
6.434373137211388816e-01
6.702472017928530201e-01
6.970570898645671587e-01
7.238669779362812973e-01
7.506768660079954358e-01
7.774867540797094634e-01
8.042966421514236020e-01
8.311065302231377405e-01
8.579164182948518791e-01
8.847263063665660177e-01
9.115361944382801562e-01
9.383460825099942948e-01
9.651559705817083223e-01
9.919658586534224609e-01
1.018775746725136599e+00
1.045585634796850627e+00
1.072395522868564877e+00
1.099205410940278904e+00
1.126015299011993154e+00
1.152825187083707181e+00
1.179635075155421431e+00
1.206444963227135458e+00
1.233254851298849486e+00
1.260064739370563736e+00
1.286874627442277763e+00
1.313684515513992013e+00
1.340494403585706040e+00
