-1.265651673130699484e+00
-1.239822047148440465e+00
-1.213992421166181224e+00
-1.188162795183921983e+00
-1.162333169201662963e+00
-1.136503543219403722e+00
-1.110673917237144481e+00
-1.084844291254885462e+00
-1.059014665272626221e+00
-1.033185039290366980e+00
-1.007355413308107739e+00
-9.815257873258486088e-01
-9.556961613435894787e-01
-9.298665353613303486e-01
-9.040369093790711075e-01
-8.782072833968119774e-01
-8.523776574145527363e-01
-8.265480314322936062e-01
-8.007184054500344761e-01
-7.748887794677752350e-01
-7.490591534855161049e-01
-7.232295275032568638e-01
-6.973999015209977337e-01
-6.715702755387386036e-01
-6.457406495564793625e-01
-6.199110235742202324e-01
-5.940813975919609913e-01
-5.682517716097018612e-01
-5.424221456274427311e-01
-5.165925196451834900e-01
-4.907628936629243044e-01
-4.649332676806651743e-01
-4.391036416984059887e-01
-4.132740157161468031e-01
-3.874443897338876175e-01
-3.616147637516284319e-01
-3.357851377693693018e-01
-3.099555117871101162e-01
-2.841258858048509306e-01
-2.582962598225917450e-01
-2.324666338403325871e-01
-2.066370078580734015e-01
-1.808073818758142159e-01
-1.549777558935550581e-01
-1.291481299112958725e-01
-1.033185039290367008e-01
-7.748887794677752905e-02
-5.165925196451835039e-02
-2.582962598225917519e-02
0.000000000000000000e+00
2.582962598225917519e-02
5.165925196451835039e-02
7.748887794677752905e-02
1.033185039290367008e-01
1.291481299112958725e-01
1.549777558935550581e-01
1.808073818758142159e-01
2.066370078580734015e-01
2.324666338403325871e-01
2.582962598225917450e-01
2.841258858048509306e-01
3.099555117871101162e-01
3.357851377693693018e-01
3.616147637516284319e-01
3.874443897338876175e-01
4.132740157161468031e-01
4.391036416984059887e-01
4.649332676806651743e-01
4.907628936629243044e-01
5.165925196451834900e-01
5.424221456274427311e-01
5.682517716097018612e-01
5.940813975919609913e-01
6.199110235742202324e-01
6.457406495564793625e-01
6.715702755387386036e-01
6.973999015209977337e-01
7.232295275032568638e-01
7.490591534855161049e-01
7.748887794677752350e-01
8.007184054500344761e-01
8.265480314322936062e-01
8.523776574145527363e-01
8.782072833968119774e-01
9.040369093790711075e-01
9.298665353613303486e-01
9.556961613435894787e-01
9.815257873258486088e-01
1.007355413308107739e+00
1.033185039290366980e+00
1.059014665272626221e+00
1.084844291254885462e+00
1.110673917237144481e+00
1.136503543219403722e+00
1.162333169201662963e+00
1.188162795183921983e+00
1.213992421166181224e+00
1.239822047148440465e+00
1.265651673130699484e+00
1.291481299112958725e+00
