-1.308067812122245988e+00
-1.281372550650363484e+00
-1.254677289178480981e+00
-1.227982027706598256e+00
-1.201286766234715753e+00
-1.174591504762833249e+00
-1.147896243290950524e+00
-1.121200981819068021e+00
-1.094505720347185518e+00
-1.067810458875302793e+00
-1.041115197403420289e+00
-1.014419935931537786e+00
-9.877246744596551720e-01
-9.610294129877725577e-01
-9.343341515158900545e-01
-9.076388900440074403e-01
-8.809436285721249371e-01
-8.542483671002423229e-01
-8.275531056283597087e-01
-8.008578441564772055e-01
-7.741625826845945912e-01
-7.474673212127120880e-01
-7.207720597408294738e-01
-6.940767982689468596e-01
-6.673815367970643564e-01
-6.406862753251817422e-01
-6.139910138532991279e-01
-5.872957523814166247e-01
-5.606004909095340105e-01
-5.339052294376513963e-01
-5.072099679657688931e-01
-4.805147064938862789e-01
-4.538194450220037202e-01
-4.271241835501211614e-01
-4.004289220782386027e-01
-3.737336606063560440e-01
-3.470383991344734298e-01
-3.203431376625908711e-01
-2.936478761907083124e-01
-2.669526147188256981e-01
-2.402573532469431394e-01
-2.135620917750605807e-01
-1.868668303031780220e-01
-1.601715688312954355e-01
-1.334763073594128491e-01
-1.067810458875302904e-01
-8.008578441564771777e-02
-5.339052294376514518e-02
-2.669526147188257259e-02
0.000000000000000000e+00
2.669526147188257259e-02
5.339052294376514518e-02
8.008578441564771777e-02
1.067810458875302904e-01
1.334763073594128491e-01
1.601715688312954355e-01
1.868668303031780220e-01
2.135620917750605807e-01
2.402573532469431394e-01
2.669526147188256981e-01
2.936478761907083124e-01
3.203431376625908711e-01
3.470383991344734298e-01
3.737336606063560440e-01
4.004289220782386027e-01
4.271241835501211614e-01
4.538194450220037202e-01
4.805147064938862789e-01
5.072099679657688931e-01
5.339052294376513963e-01
5.606004909095340105e-01
5.872957523814166247e-01
6.139910138532991279e-01
6.406862753251817422e-01
6.673815367970643564e-01
6.940767982689468596e-01
7.207720597408294738e-01
7.474673212127120880e-01
7.741625826845945912e-01
8.008578441564772055e-01
8.275531056283597087e-01
8.542483671002423229e-01
8.809436285721249371e-01
9.076388900440074403e-01
9.343341515158900545e-01
9.610294129877725577e-01
9.877246744596551720e-01
1.014419935931537786e+00
1.041115197403420289e+00
1.067810458875302793e+00
1.094505720347185518e+00
1.121200981819068021e+00
1.147896243290950524e+00
1.174591504762833249e+00
1.201286766234715753e+00
1.227982027706598256e+00
1.254677289178480981e+00
1.281372550650363484e+00
1.308067812122245988e+00
1.334763073594128713e+00
