-1.307672488977229763e+00
-1.280985295324633233e+00
-1.254298101672036703e+00
-1.227610908019440172e+00
-1.200923714366843642e+00
-1.174236520714247112e+00
-1.147549327061650581e+00
-1.120862133409054051e+00
-1.094174939756457521e+00
-1.067487746103860990e+00
-1.040800552451264460e+00
-1.014113358798667930e+00
-9.874261651460715106e-01
-9.607389714934749803e-01
-9.340517778408784499e-01
-9.073645841882819196e-01
-8.806773905356853893e-01
-8.539901968830888590e-01
-8.273030032304923287e-01
-8.006158095778957984e-01
-7.739286159252992681e-01
-7.472414222727027378e-01
-7.205542286201062074e-01
-6.938670349675096771e-01
-6.671798413149131468e-01
-6.404926476623166165e-01
-6.138054540097200862e-01
-5.871182603571235559e-01
-5.604310667045270256e-01
-5.337438730519304952e-01
-5.070566793993339649e-01
-4.803694857467374901e-01
-4.536822920941409598e-01
-4.269950984415444295e-01
-4.003079047889478992e-01
-3.736207111363513689e-01
-3.469335174837548386e-01
-3.202463238311583082e-01
-2.935591301785617779e-01
-2.668719365259652476e-01
-2.401847428733687451e-01
-2.134975492207722148e-01
-1.868103555681756844e-01
-1.601231619155791541e-01
-1.334359682629826238e-01
-1.067487746103861074e-01
-8.006158095778957706e-02
-5.337438730519305369e-02
-2.668719365259652684e-02
0.000000000000000000e+00
2.668719365259652684e-02
5.337438730519305369e-02
8.006158095778957706e-02
1.067487746103861074e-01
1.334359682629826238e-01
1.601231619155791541e-01
1.868103555681756844e-01
2.134975492207722148e-01
2.401847428733687451e-01
2.668719365259652476e-01
2.935591301785617779e-01
3.202463238311583082e-01
3.469335174837548386e-01
3.736207111363513689e-01
4.003079047889478992e-01
4.269950984415444295e-01
4.536822920941409598e-01
4.803694857467374901e-01
5.070566793993339649e-01
5.337438730519304952e-01
5.604310667045270256e-01
5.871182603571235559e-01
6.138054540097200862e-01
6.404926476623166165e-01
6.671798413149131468e-01
6.938670349675096771e-01
7.205542286201062074e-01
7.472414222727027378e-01
7.739286159252992681e-01
8.006158095778957984e-01
8.273030032304923287e-01
8.539901968830888590e-01
8.806773905356853893e-01
9.073645841882819196e-01
9.340517778408784499e-01
9.607389714934749803e-01
9.874261651460715106e-01
1.014113358798667930e+00
1.040800552451264460e+00
1.067487746103860990e+00
1.094174939756457521e+00
1.120862133409054051e+00
1.147549327061650581e+00
1.174236520714247112e+00
1.200923714366843642e+00
1.227610908019440172e+00
1.254298101672036703e+00
1.280985295324633233e+00
1.307672488977229763e+00
1.334359682629826294e+00
