-1.310444779547898841e+00
-1.283701008536717314e+00
-1.256957237525535787e+00
-1.230213466514354037e+00
-1.203469695503172510e+00
-1.176725924491990760e+00
-1.149982153480809233e+00
-1.123238382469627705e+00
-1.096494611458445956e+00
-1.069750840447264428e+00
-1.043007069436082901e+00
-1.016263298424901151e+00
-9.895195274137196240e-01
-9.627757564025379855e-01
-9.360319853913563470e-01
-9.092882143801748196e-01
-8.825444433689931811e-01
-8.558006723578115427e-01
-8.290569013466299042e-01
-8.023131303354482657e-01
-7.755693593242667383e-01
-7.488255883130850998e-01
-7.220818173019034614e-01
-6.953380462907219339e-01
-6.685942752795402955e-01
-6.418505042683586570e-01
-6.151067332571770185e-01
-5.883629622459953801e-01
-5.616191912348138526e-01
-5.348754202236322142e-01
-5.081316492124505757e-01
-4.813878782012689928e-01
-4.546441071900874098e-01
-4.279003361789057713e-01
-4.011565651677241329e-01
-3.744127941565425499e-01
-3.476690231453609670e-01
-3.209252521341793285e-01
-2.941814811229976900e-01
-2.674377101118161071e-01
-2.406939391006344964e-01
-2.139501680894528857e-01
-1.872063970782712750e-01
-1.604626260670896643e-01
-1.337188550559080535e-01
-1.069750840447264428e-01
-8.023131303354483213e-02
-5.348754202236322142e-02
-2.674377101118161071e-02
0.000000000000000000e+00
2.674377101118161071e-02
5.348754202236322142e-02
8.023131303354483213e-02
1.069750840447264428e-01
1.337188550559080535e-01
1.604626260670896643e-01
1.872063970782712750e-01
2.139501680894528857e-01
2.406939391006344964e-01
2.674377101118161071e-01
2.941814811229976900e-01
3.209252521341793285e-01
3.476690231453609670e-01
3.744127941565425499e-01
4.011565651677241329e-01
4.279003361789057713e-01
4.546441071900874098e-01
4.813878782012689928e-01
5.081316492124505757e-01
5.348754202236322142e-01
5.616191912348138526e-01
5.883629622459953801e-01
6.151067332571770185e-01
6.418505042683586570e-01
6.685942752795402955e-01
6.953380462907219339e-01
7.220818173019034614e-01
7.488255883130850998e-01
7.755693593242667383e-01
8.023131303354482657e-01
8.290569013466299042e-01
8.558006723578115427e-01
8.825444433689931811e-01
9.092882143801748196e-01
9.360319853913563470e-01
9.627757564025379855e-01
9.895195274137196240e-01
1.016263298424901151e+00
1.043007069436082901e+00
1.069750840447264428e+00
1.096494611458445956e+00
1.123238382469627705e+00
1.149982153480809233e+00
1.176725924491990760e+00
1.203469695503172510e+00
1.230213466514354037e+00
1.256957237525535787e+00
1.283701008536717314e+00
1.310444779547898841e+00
1.337188550559080591e+00
