-1.304799473988307090e+00
-1.278170913294668143e+00
-1.251542352601029195e+00
-1.224913791907390248e+00
-1.198285231213751301e+00
-1.171656670520112353e+00
-1.145028109826473628e+00
-1.118399549132834681e+00
-1.091770988439195733e+00
-1.065142427745556786e+00
-1.038513867051917838e+00
-1.011885306358278891e+00
-9.852567456646400545e-01
-9.586281849710011072e-01
-9.319996242773621598e-01
-9.053710635837233234e-01
-8.787425028900843760e-01
-8.521139421964454286e-01
-8.254853815028064812e-01
-7.988568208091675338e-01
-7.722282601155286974e-01
-7.455996994218897500e-01
-7.189711387282508026e-01
-6.923425780346119662e-01
-6.657140173409730188e-01
-6.390854566473340714e-01
-6.124568959536951240e-01
-5.858283352600561766e-01
-5.591997745664173403e-01
-5.325712138727783929e-01
-5.059426531791394455e-01
-4.793140924855005536e-01
-4.526855317918616617e-01
-4.260569710982227143e-01
-3.994284104045837669e-01
-3.727998497109448750e-01
-3.461712890173059831e-01
-3.195427283236670357e-01
-2.929141676300280883e-01
-2.662856069363891964e-01
-2.396570462427502768e-01
-2.130284855491113571e-01
-1.863999248554724375e-01
-1.597713641618335179e-01
-1.331428034681945982e-01
-1.065142427745556786e-01
-7.988568208091675893e-02
-5.325712138727783929e-02
-2.662856069363891964e-02
0.000000000000000000e+00
2.662856069363891964e-02
5.325712138727783929e-02
7.988568208091675893e-02
1.065142427745556786e-01
1.331428034681945982e-01
1.597713641618335179e-01
1.863999248554724375e-01
2.130284855491113571e-01
2.396570462427502768e-01
2.662856069363891964e-01
2.929141676300280883e-01
3.195427283236670357e-01
3.461712890173059831e-01
3.727998497109448750e-01
3.994284104045837669e-01
4.260569710982227143e-01
4.526855317918616617e-01
4.793140924855005536e-01
5.059426531791394455e-01
5.325712138727783929e-01
5.591997745664173403e-01
5.858283352600561766e-01
6.124568959536951240e-01
6.390854566473340714e-01
6.657140173409730188e-01
6.923425780346119662e-01
7.189711387282508026e-01
7.455996994218897500e-01
7.722282601155286974e-01
7.988568208091675338e-01
8.254853815028064812e-01
8.521139421964454286e-01
8.787425028900843760e-01
9.053710635837233234e-01
9.319996242773621598e-01
9.586281849710011072e-01
9.852567456646400545e-01
1.011885306358278891e+00
1.038513867051917838e+00
1.065142427745556786e+00
1.091770988439195733e+00
1.118399549132834681e+00
1.145028109826473628e+00
1.171656670520112353e+00
1.198285231213751301e+00
1.224913791907390248e+00
1.251542352601029195e+00
1.278170913294668143e+00
1.304799473988307090e+00
1.331428034681946038e+00
