-1.309142037936143588e+00
-1.282424853488467242e+00
-1.255707669040790897e+00
-1.228990484593114552e+00
-1.202273300145437984e+00
-1.175556115697761639e+00
-1.148838931250085293e+00
-1.122121746802408726e+00
-1.095404562354732381e+00
-1.068687377907056035e+00
-1.041970193459379690e+00
-1.015253009011703345e+00
-9.885358245640267771e-01
-9.618186401163504318e-01
-9.351014556686740864e-01
-9.083842712209976300e-01
-8.816670867733211736e-01
-8.549499023256448282e-01
-8.282327178779684829e-01
-8.015155334302920265e-01
-7.747983489826155701e-01
-7.480811645349392247e-01
-7.213639800872628793e-01
-6.946467956395864229e-01
-6.679296111919099665e-01
-6.412124267442336212e-01
-6.144952422965572758e-01
-5.877780578488808194e-01
-5.610608734012043630e-01
-5.343436889535280176e-01
-5.076265045058516723e-01
-4.809093200581752159e-01
-4.541921356104988150e-01
-4.274749511628224141e-01
-4.007577667151460132e-01
-3.740405822674696124e-01
-3.473233978197932115e-01
-3.206062133721168106e-01
-2.938890289244404097e-01
-2.671718444767640088e-01
-2.404546600290876079e-01
-2.137374755814112071e-01
-1.870202911337348062e-01
-1.603031066860584053e-01
-1.335859222383820044e-01
-1.068687377907056035e-01
-8.015155334302920265e-02
-5.343436889535280176e-02
-2.671718444767640088e-02
0.000000000000000000e+00
2.671718444767640088e-02
5.343436889535280176e-02
8.015155334302920265e-02
1.068687377907056035e-01
1.335859222383820044e-01
1.603031066860584053e-01
1.870202911337348062e-01
2.137374755814112071e-01
2.404546600290876079e-01
2.671718444767640088e-01
2.938890289244404097e-01
3.206062133721168106e-01
3.473233978197932115e-01
3.740405822674696124e-01
4.007577667151460132e-01
4.274749511628224141e-01
4.541921356104988150e-01
4.809093200581752159e-01
5.076265045058516723e-01
5.343436889535280176e-01
5.610608734012043630e-01
5.877780578488808194e-01
6.144952422965572758e-01
6.412124267442336212e-01
6.679296111919099665e-01
6.946467956395864229e-01
7.213639800872628793e-01
7.480811645349392247e-01
7.747983489826155701e-01
8.015155334302920265e-01
8.282327178779684829e-01
8.549499023256448282e-01
8.816670867733211736e-01
9.083842712209976300e-01
9.351014556686740864e-01
9.618186401163504318e-01
9.885358245640267771e-01
1.015253009011703345e+00
1.041970193459379690e+00
1.068687377907056035e+00
1.095404562354732381e+00
1.122121746802408726e+00
1.148838931250085293e+00
1.175556115697761639e+00
1.202273300145437984e+00
1.228990484593114552e+00
1.255707669040790897e+00
1.282424853488467242e+00
1.309142037936143588e+00
1.335859222383819933e+00
