-1.322171738680399278e+00
-1.295188641972635946e+00
-1.268205545264872613e+00
-1.241222448557109503e+00
-1.214239351849346171e+00
-1.187256255141583061e+00
-1.160273158433819729e+00
-1.133290061726056397e+00
-1.106306965018293287e+00
-1.079323868310529955e+00
-1.052340771602766623e+00
-1.025357674895003512e+00
-9.983745781872401803e-01
-9.713914814794769592e-01
-9.444083847717137381e-01
-9.174252880639504060e-01
-8.904421913561871849e-01
-8.634590946484239637e-01
-8.364759979406607426e-01
-8.094929012328975215e-01
-7.825098045251341894e-01
-7.555267078173709683e-01
-7.285436111096077472e-01
-7.015605144018444150e-01
-6.745774176940811939e-01
-6.475943209863179728e-01
-6.206112242785547517e-01
-5.936281275707915306e-01
-5.666450308630281985e-01
-5.396619341552649773e-01
-5.126788374475017562e-01
-4.856957407397384796e-01
-4.587126440319752030e-01
-4.317295473242119819e-01
-4.047464506164487608e-01
-3.777633539086854841e-01
-3.507802572009222075e-01
-3.237971604931589864e-01
-2.968140637853957653e-01
-2.698309670776324887e-01
-2.428478703698692398e-01
-2.158647736621059909e-01
-1.888816769543427421e-01
-1.618985802465794932e-01
-1.349154835388162443e-01
-1.079323868310529955e-01
-8.094929012328974660e-02
-5.396619341552649773e-02
-2.698309670776324887e-02
0.000000000000000000e+00
2.698309670776324887e-02
5.396619341552649773e-02
8.094929012328974660e-02
1.079323868310529955e-01
1.349154835388162443e-01
1.618985802465794932e-01
1.888816769543427421e-01
2.158647736621059909e-01
2.428478703698692398e-01
2.698309670776324887e-01
2.968140637853957653e-01
3.237971604931589864e-01
3.507802572009222075e-01
3.777633539086854841e-01
4.047464506164487608e-01
4.317295473242119819e-01
4.587126440319752030e-01
4.856957407397384796e-01
5.126788374475017562e-01
5.396619341552649773e-01
5.666450308630281985e-01
5.936281275707915306e-01
6.206112242785547517e-01
6.475943209863179728e-01
6.745774176940811939e-01
7.015605144018444150e-01
7.285436111096077472e-01
7.555267078173709683e-01
7.825098045251341894e-01
8.094929012328975215e-01
8.364759979406607426e-01
8.634590946484239637e-01
8.904421913561871849e-01
9.174252880639504060e-01
9.444083847717137381e-01
9.713914814794769592e-01
9.983745781872401803e-01
1.025357674895003512e+00
1.052340771602766623e+00
1.079323868310529955e+00
1.106306965018293287e+00
1.133290061726056397e+00
1.160273158433819729e+00
1.187256255141583061e+00
1.214239351849346171e+00
1.241222448557109503e+00
1.268205545264872613e+00
1.295188641972635946e+00
1.322171738680399278e+00
1.349154835388162388e+00
