-1.323674075242138759e+00
-1.296660318604544004e+00
-1.269646561966949472e+00
-1.242632805329354717e+00
-1.215619048691759962e+00
-1.188605292054165430e+00
-1.161591535416570675e+00
-1.134577778778976143e+00
-1.107564022141381388e+00
-1.080550265503786633e+00
-1.053536508866192101e+00
-1.026522752228597346e+00
-9.995089955910027024e-01
-9.724952389534080588e-01
-9.454814823158134152e-01
-9.184677256782186605e-01
-8.914539690406240169e-01
-8.644402124030293733e-01
-8.374264557654347296e-01
-8.104126991278400860e-01
-7.833989424902453313e-01
-7.563851858526506877e-01
-7.293714292150560441e-01
-7.023576725774614005e-01
-6.753439159398666458e-01
-6.483301593022720022e-01
-6.213164026646773586e-01
-5.943026460270827149e-01
-5.672888893894880713e-01
-5.402751327518933167e-01
-5.132613761142986730e-01
-4.862476194767040294e-01
-4.592338628391093303e-01
-4.322201062015146866e-01
-4.052063495639200430e-01
-3.781925929263253439e-01
-3.511788362887307002e-01
-3.241650796511360011e-01
-2.971513230135413575e-01
-2.701375663759466583e-01
-2.431238097383520147e-01
-2.161100531007573433e-01
-1.890962964631626719e-01
-1.620825398255680005e-01
-1.350687831879733292e-01
-1.080550265503786717e-01
-8.104126991278400027e-02
-5.402751327518933583e-02
-2.701375663759466791e-02
0.000000000000000000e+00
2.701375663759466791e-02
5.402751327518933583e-02
8.104126991278400027e-02
1.080550265503786717e-01
1.350687831879733292e-01
1.620825398255680005e-01
1.890962964631626719e-01
2.161100531007573433e-01
2.431238097383520147e-01
2.701375663759466583e-01
2.971513230135413575e-01
3.241650796511360011e-01
3.511788362887307002e-01
3.781925929263253439e-01
4.052063495639200430e-01
4.322201062015146866e-01
4.592338628391093303e-01
4.862476194767040294e-01
5.132613761142986730e-01
5.402751327518933167e-01
5.672888893894880713e-01
5.943026460270827149e-01
6.213164026646773586e-01
6.483301593022720022e-01
6.753439159398666458e-01
7.023576725774614005e-01
7.293714292150560441e-01
7.563851858526506877e-01
7.833989424902453313e-01
8.104126991278400860e-01
8.374264557654347296e-01
8.644402124030293733e-01
8.914539690406240169e-01
9.184677256782186605e-01
9.454814823158134152e-01
9.724952389534080588e-01
9.995089955910027024e-01
1.026522752228597346e+00
1.053536508866192101e+00
1.080550265503786633e+00
1.107564022141381388e+00
1.134577778778976143e+00
1.161591535416570675e+00
1.188605292054165430e+00
1.215619048691759962e+00
1.242632805329354717e+00
1.269646561966949472e+00
1.296660318604544004e+00
1.323674075242138759e+00
1.350687831879733292e+00
