-1.299425551919456412e+00
-1.272906663104773628e+00
-1.246387774290090844e+00
-1.219868885475408060e+00
-1.193349996660725276e+00
-1.166831107846042492e+00
-1.140312219031359708e+00
-1.113793330216676924e+00
-1.087274441401994141e+00
-1.060755552587311357e+00
-1.034236663772628573e+00
-1.007717774957945789e+00
-9.811988861432630049e-01
-9.546799973285802210e-01
-9.281611085138974371e-01
-9.016422196992146532e-01
-8.751233308845318692e-01
-8.486044420698490853e-01
-8.220855532551663014e-01
-7.955666644404835175e-01
-7.690477756258007336e-01
-7.425288868111179497e-01
-7.160099979964351657e-01
-6.894911091817523818e-01
-6.629722203670695979e-01
-6.364533315523868140e-01
-6.099344427377040301e-01
-5.834155539230212462e-01
-5.568966651083384622e-01
-5.303777762936556783e-01
-5.038588874789728944e-01
-4.773399986642901105e-01
-4.508211098496073266e-01
-4.243022210349245427e-01
-3.977833322202417587e-01
-3.712644434055589748e-01
-3.447455545908761909e-01
-3.182266657761934070e-01
-2.917077769615106231e-01
-2.651888881468278392e-01
-2.386699993321450552e-01
-2.121511105174622713e-01
-1.856322217027794874e-01
-1.591133328880967035e-01
-1.325944440734139196e-01
-1.060755552587311357e-01
-7.955666644404835175e-02
-5.303777762936556783e-02
-2.651888881468278392e-02
0.000000000000000000e+00
2.651888881468278392e-02
5.303777762936556783e-02
7.955666644404835175e-02
1.060755552587311357e-01
1.325944440734139196e-01
1.591133328880967035e-01
1.856322217027794874e-01
2.121511105174622713e-01
2.386699993321450552e-01
2.651888881468278392e-01
2.917077769615106231e-01
3.182266657761934070e-01
3.447455545908761909e-01
3.712644434055589748e-01
3.977833322202417587e-01
4.243022210349245427e-01
4.508211098496073266e-01
4.773399986642901105e-01
5.038588874789728944e-01
5.303777762936556783e-01
5.568966651083384622e-01
5.834155539230212462e-01
6.099344427377040301e-01
6.364533315523868140e-01
6.629722203670695979e-01
6.894911091817523818e-01
7.160099979964351657e-01
7.425288868111179497e-01
7.690477756258007336e-01
7.955666644404835175e-01
8.220855532551663014e-01
8.486044420698490853e-01
8.751233308845318692e-01
9.016422196992146532e-01
9.281611085138974371e-01
9.546799973285802210e-01
9.811988861432630049e-01
1.007717774957945789e+00
1.034236663772628573e+00
1.060755552587311357e+00
1.087274441401994141e+00
1.113793330216676924e+00
1.140312219031359708e+00
1.166831107846042492e+00
1.193349996660725276e+00
1.219868885475408060e+00
1.246387774290090844e+00
1.272906663104773628e+00
1.299425551919456412e+00
1.325944440734139196e+00
