-1.320903191874862159e+00
-1.293945983877416106e+00
-1.266988775879969831e+00
-1.240031567882523778e+00
-1.213074359885077502e+00
-1.186117151887631449e+00
-1.159159943890185174e+00
-1.132202735892739121e+00
-1.105245527895292845e+00
-1.078288319897846792e+00
-1.051331111900400517e+00
-1.024373903902954464e+00
-9.974166959055081882e-01
-9.704594879080620240e-01
-9.435022799106158597e-01
-9.165450719131696955e-01
-8.895878639157235312e-01
-8.626306559182773670e-01
-8.356734479208312028e-01
-8.087162399233850385e-01
-7.817590319259388743e-01
-7.548018239284927100e-01
-7.278446159310465458e-01
-7.008874079336003815e-01
-6.739301999361542173e-01
-6.469729919387080530e-01
-6.200157839412618888e-01
-5.930585759438157245e-01
-5.661013679463695603e-01
-5.391441599489233960e-01
-5.121869519514772318e-01
-4.852297439540310120e-01
-4.582725359565848477e-01
-4.313153279591386835e-01
-4.043581199616925193e-01
-3.774009119642463550e-01
-3.504437039668001908e-01
-3.234864959693540265e-01
-2.965292879719078623e-01
-2.695720799744616980e-01
-2.426148719770155060e-01
-2.156576639795693418e-01
-1.887004559821231775e-01
-1.617432479846770133e-01
-1.347860399872308490e-01
-1.078288319897846709e-01
-8.087162399233850663e-02
-5.391441599489233544e-02
-2.695720799744616772e-02
0.000000000000000000e+00
2.695720799744616772e-02
5.391441599489233544e-02
8.087162399233850663e-02
1.078288319897846709e-01
1.347860399872308490e-01
1.617432479846770133e-01
1.887004559821231775e-01
2.156576639795693418e-01
2.426148719770155060e-01
2.695720799744616980e-01
2.965292879719078623e-01
3.234864959693540265e-01
3.504437039668001908e-01
3.774009119642463550e-01
4.043581199616925193e-01
4.313153279591386835e-01
4.582725359565848477e-01
4.852297439540310120e-01
5.121869519514772318e-01
5.391441599489233960e-01
5.661013679463695603e-01
5.930585759438157245e-01
6.200157839412618888e-01
6.469729919387080530e-01
6.739301999361542173e-01
7.008874079336003815e-01
7.278446159310465458e-01
7.548018239284927100e-01
7.817590319259388743e-01
8.087162399233850385e-01
8.356734479208312028e-01
8.626306559182773670e-01
8.895878639157235312e-01
9.165450719131696955e-01
9.435022799106158597e-01
9.704594879080620240e-01
9.974166959055081882e-01
1.024373903902954464e+00
1.051331111900400517e+00
1.078288319897846792e+00
1.105245527895292845e+00
1.132202735892739121e+00
1.159159943890185174e+00
1.186117151887631449e+00
1.213074359885077502e+00
1.240031567882523778e+00
1.266988775879969831e+00
1.293945983877416106e+00
1.320903191874862159e+00
1.347860399872308435e+00
