-1.304574673286410302e+00
-1.277950700362197933e+00
-1.251326727437985342e+00
-1.224702754513772973e+00
-1.198078781589560604e+00
-1.171454808665348013e+00
-1.144830835741135644e+00
-1.118206862816923053e+00
-1.091582889892710684e+00
-1.064958916968498315e+00
-1.038334944044285724e+00
-1.011710971120073355e+00
-9.850869981958608745e-01
-9.584630252716483945e-01
-9.318390523474359144e-01
-9.052150794232235453e-01
-8.785911064990110653e-01
-8.519671335747985852e-01
-8.253431606505861051e-01
-7.987191877263736250e-01
-7.720952148021612560e-01
-7.454712418779487759e-01
-7.188472689537362958e-01
-6.922232960295238158e-01
-6.655993231053114467e-01
-6.389753501810989667e-01
-6.123513772568864866e-01
-5.857274043326740065e-01
-5.591034314084615264e-01
-5.324794584842491574e-01
-5.058554855600366773e-01
-4.792315126358241972e-01
-4.526075397116117727e-01
-4.259835667873992926e-01
-3.993595938631868125e-01
-3.727356209389743880e-01
-3.461116480147619079e-01
-3.194876750905494833e-01
-2.928637021663370033e-01
-2.662397292421245787e-01
-2.396157563179120986e-01
-2.129917833936996463e-01
-1.863678104694871940e-01
-1.597438375452747417e-01
-1.331198646210622893e-01
-1.064958916968498231e-01
-7.987191877263737083e-02
-5.324794584842491157e-02
-2.662397292421245579e-02
0.000000000000000000e+00
2.662397292421245579e-02
5.324794584842491157e-02
7.987191877263737083e-02
1.064958916968498231e-01
1.331198646210622893e-01
1.597438375452747417e-01
1.863678104694871940e-01
2.129917833936996463e-01
2.396157563179120986e-01
2.662397292421245787e-01
2.928637021663370033e-01
3.194876750905494833e-01
3.461116480147619079e-01
3.727356209389743880e-01
3.993595938631868125e-01
4.259835667873992926e-01
4.526075397116117727e-01
4.792315126358241972e-01
5.058554855600366773e-01
5.324794584842491574e-01
5.591034314084615264e-01
5.857274043326740065e-01
6.123513772568864866e-01
6.389753501810989667e-01
6.655993231053114467e-01
6.922232960295238158e-01
7.188472689537362958e-01
7.454712418779487759e-01
7.720952148021612560e-01
7.987191877263736250e-01
8.253431606505861051e-01
8.519671335747985852e-01
8.785911064990110653e-01
9.052150794232235453e-01
9.318390523474359144e-01
9.584630252716483945e-01
9.850869981958608745e-01
1.011710971120073355e+00
1.038334944044285724e+00
1.064958916968498315e+00
1.091582889892710684e+00
1.118206862816923053e+00
1.144830835741135644e+00
1.171454808665348013e+00
1.198078781589560604e+00
1.224702754513772973e+00
1.251326727437985342e+00
1.277950700362197933e+00
1.304574673286410302e+00
1.331198646210622893e+00
