-1.322056315569209772e+00
-1.295075574435144317e+00
-1.268094833301078861e+00
-1.241114092167013405e+00
-1.214133351032947949e+00
-1.187152609898882272e+00
-1.160171868764816816e+00
-1.133191127630751360e+00
-1.106210386496685905e+00
-1.079229645362620227e+00
-1.052248904228554771e+00
-1.025268163094489315e+00
-9.982874219604237487e-01
-9.713066808263582930e-01
-9.443259396922927262e-01
-9.173451985582272705e-01
-8.903644574241617038e-01
-8.633837162900962481e-01
-8.364029751560307924e-01
-8.094222340219652256e-01
-7.824414928878997699e-01
-7.554607517538342032e-01
-7.284800106197687475e-01
-7.014992694857031807e-01
-6.745185283516377250e-01
-6.475377872175721583e-01
-6.205570460835067026e-01
-5.935763049494411359e-01
-5.665955638153756802e-01
-5.396148226813101134e-01
-5.126340815472446577e-01
-4.856533404131791465e-01
-4.586725992791136353e-01
-4.316918581450481240e-01
-4.047111170109826128e-01
-3.777303758769171016e-01
-3.507496347428515904e-01
-3.237688936087860792e-01
-2.967881524747205679e-01
-2.698074113406550567e-01
-2.428266702065895732e-01
-2.158459290725240620e-01
-1.888651879384585508e-01
-1.618844468043930396e-01
-1.349037056703275284e-01
-1.079229645362620310e-01
-8.094222340219651979e-02
-5.396148226813101551e-02
-2.698074113406550775e-02
0.000000000000000000e+00
2.698074113406550775e-02
5.396148226813101551e-02
8.094222340219651979e-02
1.079229645362620310e-01
1.349037056703275284e-01
1.618844468043930396e-01
1.888651879384585508e-01
2.158459290725240620e-01
2.428266702065895732e-01
2.698074113406550567e-01
2.967881524747205679e-01
3.237688936087860792e-01
3.507496347428515904e-01
3.777303758769171016e-01
4.047111170109826128e-01
4.316918581450481240e-01
4.586725992791136353e-01
4.856533404131791465e-01
5.126340815472446577e-01
5.396148226813101134e-01
5.665955638153756802e-01
5.935763049494411359e-01
6.205570460835067026e-01
6.475377872175721583e-01
6.745185283516377250e-01
7.014992694857031807e-01
7.284800106197687475e-01
7.554607517538342032e-01
7.824414928878997699e-01
8.094222340219652256e-01
8.364029751560307924e-01
8.633837162900962481e-01
8.903644574241617038e-01
9.173451985582272705e-01
9.443259396922927262e-01
9.713066808263582930e-01
9.982874219604237487e-01
1.025268163094489315e+00
1.052248904228554771e+00
1.079229645362620227e+00
1.106210386496685905e+00
1.133191127630751360e+00
1.160171868764816816e+00
1.187152609898882272e+00
1.214133351032947949e+00
1.241114092167013405e+00
1.268094833301078861e+00
1.295075574435144317e+00
1.322056315569209772e+00
1.349037056703275450e+00
