-1.333405687417597685e+00
-1.306193326449891723e+00
-1.278980965482185539e+00
-1.251768604514479577e+00
-1.224556243546773393e+00
-1.197343882579067431e+00
-1.170131521611361247e+00
-1.142919160643655285e+00
-1.115706799675949101e+00
-1.088494438708243139e+00
-1.061282077740536955e+00
-1.034069716772830994e+00
-1.006857355805124810e+00
-9.796449948374187366e-01
-9.524326338697126637e-01
-9.252202729020065908e-01
-8.980079119343005178e-01
-8.707955509665944449e-01
-8.435831899988883720e-01
-8.163708290311822990e-01
-7.891584680634762261e-01
-7.619461070957701532e-01
-7.347337461280640802e-01
-7.075213851603580073e-01
-6.803090241926519344e-01
-6.530966632249458614e-01
-6.258843022572397885e-01
-5.986719412895337156e-01
-5.714595803218276426e-01
-5.442472193541215697e-01
-5.170348583864154968e-01
-4.898224974187093683e-01
-4.626101364510032954e-01
-4.353977754832972225e-01
-4.081854145155911495e-01
-3.809730535478850766e-01
-3.537606925801790037e-01
-3.265483316124729307e-01
-2.993359706447668578e-01
-2.721236096770607849e-01
-2.449112487093546842e-01
-2.176988877416486112e-01
-1.904865267739425383e-01
-1.632741658062364654e-01
-1.360618048385303924e-01
-1.088494438708243056e-01
-8.163708290311823268e-02
-5.442472193541215281e-02
-2.721236096770607640e-02
0.000000000000000000e+00
2.721236096770607640e-02
5.442472193541215281e-02
8.163708290311823268e-02
1.088494438708243056e-01
1.360618048385303924e-01
1.632741658062364654e-01
1.904865267739425383e-01
2.176988877416486112e-01
2.449112487093546842e-01
2.721236096770607849e-01
2.993359706447668578e-01
3.265483316124729307e-01
3.537606925801790037e-01
3.809730535478850766e-01
4.081854145155911495e-01
4.353977754832972225e-01
4.626101364510032954e-01
4.898224974187093683e-01
5.170348583864154968e-01
5.442472193541215697e-01
5.714595803218276426e-01
5.986719412895337156e-01
6.258843022572397885e-01
6.530966632249458614e-01
6.803090241926519344e-01
7.075213851603580073e-01
7.347337461280640802e-01
7.619461070957701532e-01
7.891584680634762261e-01
8.163708290311822990e-01
8.435831899988883720e-01
8.707955509665944449e-01
8.980079119343005178e-01
9.252202729020065908e-01
9.524326338697126637e-01
9.796449948374187366e-01
1.006857355805124810e+00
1.034069716772830994e+00
1.061282077740536955e+00
1.088494438708243139e+00
1.115706799675949101e+00
1.142919160643655285e+00
1.170131521611361247e+00
1.197343882579067431e+00
1.224556243546773393e+00
1.251768604514479577e+00
1.278980965482185539e+00
1.306193326449891723e+00
1.333405687417597685e+00
1.360618048385303869e+00
