-1.306769789873612364e+00
-1.280101018651701894e+00
-1.253432247429791424e+00
-1.226763476207880954e+00
-1.200094704985970484e+00
-1.173425933764060014e+00
-1.146757162542149544e+00
-1.120088391320239074e+00
-1.093419620098328604e+00
-1.066750848876418356e+00
-1.040082077654507886e+00
-1.013413306432597416e+00
-9.867445352106868350e-01
-9.600757639887764761e-01
-9.334069927668660061e-01
-9.067382215449555360e-01
-8.800694503230450660e-01
-8.534006791011345960e-01
-8.267319078792241260e-01
-8.000631366573136560e-01
-7.733943654354031860e-01
-7.467255942134927160e-01
-7.200568229915823570e-01
-6.933880517696718870e-01
-6.667192805477614170e-01
-6.400505093258509470e-01
-6.133817381039404770e-01
-5.867129668820300070e-01
-5.600441956601195370e-01
-5.333754244382091780e-01
-5.067066532162987080e-01
-4.800378819943882380e-01
-4.533691107724777680e-01
-4.267003395505672980e-01
-4.000315683286568280e-01
-3.733627971067463580e-01
-3.466940258848359435e-01
-3.200252546629254735e-01
-2.933564834410150035e-01
-2.666877122191045890e-01
-2.400189409971941190e-01
-2.133501697752836490e-01
-1.866813985533731790e-01
-1.600126273314627368e-01
-1.333438561095522945e-01
-1.066750848876418245e-01
-8.000631366573136838e-02
-5.333754244382091225e-02
-2.666877122191045613e-02
0.000000000000000000e+00
2.666877122191045613e-02
5.333754244382091225e-02
8.000631366573136838e-02
1.066750848876418245e-01
1.333438561095522945e-01
1.600126273314627368e-01
1.866813985533731790e-01
2.133501697752836490e-01
2.400189409971941190e-01
2.666877122191045890e-01
2.933564834410150035e-01
3.200252546629254735e-01
3.466940258848359435e-01
3.733627971067463580e-01
4.000315683286568280e-01
4.267003395505672980e-01
4.533691107724777680e-01
4.800378819943882380e-01
5.067066532162987080e-01
5.333754244382091780e-01
5.600441956601195370e-01
5.867129668820300070e-01
6.133817381039404770e-01
6.400505093258509470e-01
6.667192805477614170e-01
6.933880517696718870e-01
7.200568229915823570e-01
7.467255942134927160e-01
7.733943654354031860e-01
8.000631366573136560e-01
8.267319078792241260e-01
8.534006791011345960e-01
8.800694503230450660e-01
9.067382215449555360e-01
9.334069927668660061e-01
9.600757639887764761e-01
9.867445352106868350e-01
1.013413306432597416e+00
1.040082077654507886e+00
1.066750848876418356e+00
1.093419620098328604e+00
1.120088391320239074e+00
1.146757162542149544e+00
1.173425933764060014e+00
1.200094704985970484e+00
1.226763476207880954e+00
1.253432247429791424e+00
1.280101018651701894e+00
1.306769789873612364e+00
1.333438561095522834e+00
