-1.311750116487248929e+00
-1.284979705946692974e+00
-1.258209295406136796e+00
-1.231438884865580619e+00
-1.204668474325024663e+00
-1.177898063784468485e+00
-1.151127653243912308e+00
-1.124357242703356352e+00
-1.097586832162800174e+00
-1.070816421622243997e+00
-1.044046011081688041e+00
-1.017275600541131864e+00
-9.905051900005757970e-01
-9.637347794600196194e-01
-9.369643689194635527e-01
-9.101939583789074861e-01
-8.834235478383513085e-01
-8.566531372977952419e-01
-8.298827267572391753e-01
-8.031123162166829976e-01
-7.763419056761269310e-01
-7.495714951355708644e-01
-7.228010845950146868e-01
-6.960306740544586201e-01
-6.692602635139025535e-01
-6.424898529733464869e-01
-6.157194424327903093e-01
-5.889490318922342427e-01
-5.621786213516781761e-01
-5.354082108111219984e-01
-5.086378002705659318e-01
-4.818673897300098097e-01
-4.550969791894537431e-01
-4.283265686488976209e-01
-4.015561581083414988e-01
-3.747857475677854322e-01
-3.480153370272293101e-01
-3.212449264866732435e-01
-2.944745159461171213e-01
-2.677041054055609992e-01
-2.409336948650049048e-01
-2.141632843244488105e-01
-1.873928737838927161e-01
-1.606224632433366217e-01
-1.338520527027804996e-01
-1.070816421622244052e-01
-8.031123162166831086e-02
-5.354082108111220262e-02
-2.677041054055610131e-02
0.000000000000000000e+00
2.677041054055610131e-02
5.354082108111220262e-02
8.031123162166831086e-02
1.070816421622244052e-01
1.338520527027804996e-01
1.606224632433366217e-01
1.873928737838927161e-01
2.141632843244488105e-01
2.409336948650049048e-01
2.677041054055609992e-01
2.944745159461171213e-01
3.212449264866732435e-01
3.480153370272293101e-01
3.747857475677854322e-01
4.015561581083414988e-01
4.283265686488976209e-01
4.550969791894537431e-01
4.818673897300098097e-01
5.086378002705659318e-01
5.354082108111219984e-01
5.621786213516781761e-01
5.889490318922342427e-01
6.157194424327903093e-01
6.424898529733464869e-01
6.692602635139025535e-01
6.960306740544586201e-01
7.228010845950146868e-01
7.495714951355708644e-01
7.763419056761269310e-01
8.031123162166829976e-01
8.298827267572391753e-01
8.566531372977952419e-01
8.834235478383513085e-01
9.101939583789074861e-01
9.369643689194635527e-01
9.637347794600196194e-01
9.905051900005757970e-01
1.017275600541131864e+00
1.044046011081688041e+00
1.070816421622243997e+00
1.097586832162800174e+00
1.124357242703356352e+00
1.151127653243912308e+00
1.177898063784468485e+00
1.204668474325024663e+00
1.231438884865580619e+00
1.258209295406136796e+00
1.284979705946692974e+00
1.311750116487248929e+00
1.338520527027805107e+00
