-1.318086522028399266e+00
-1.291186797089044269e+00
-1.264287072149689051e+00
-1.237387347210334054e+00
-1.210487622270978836e+00
-1.183587897331623839e+00
-1.156688172392268621e+00
-1.129788447452913625e+00
-1.102888722513558628e+00
-1.075988997574203410e+00
-1.049089272634848413e+00
-1.022189547695493195e+00
-9.952898227561381983e-01
-9.683900978167830909e-01
-9.414903728774279834e-01
-9.145906479380729870e-01
-8.876909229987178795e-01
-8.607911980593627721e-01
-8.338914731200076647e-01
-8.069917481806525572e-01
-7.800920232412975608e-01
-7.531922983019424533e-01
-7.262925733625873459e-01
-6.993928484232322385e-01
-6.724931234838771310e-01
-6.455933985445221346e-01
-6.186936736051670271e-01
-5.917939486658119197e-01
-5.648942237264568123e-01
-5.379944987871017048e-01
-5.110947738477465974e-01
-4.841950489083915454e-01
-4.572953239690364935e-01
-4.303955990296813860e-01
-4.034958740903262786e-01
-3.765961491509712267e-01
-3.496964242116161192e-01
-3.227966992722610673e-01
-2.958969743329059598e-01
-2.689972493935508524e-01
-2.420975244541957727e-01
-2.151977995148406930e-01
-1.882980745754856133e-01
-1.613983496361305336e-01
-1.344986246967754262e-01
-1.075988997574203465e-01
-8.069917481806526682e-02
-5.379944987871017326e-02
-2.689972493935508663e-02
0.000000000000000000e+00
2.689972493935508663e-02
5.379944987871017326e-02
8.069917481806526682e-02
1.075988997574203465e-01
1.344986246967754262e-01
1.613983496361305336e-01
1.882980745754856133e-01
2.151977995148406930e-01
2.420975244541957727e-01
2.689972493935508524e-01
2.958969743329059598e-01
3.227966992722610673e-01
3.496964242116161192e-01
3.765961491509712267e-01
4.034958740903262786e-01
4.303955990296813860e-01
4.572953239690364935e-01
4.841950489083915454e-01
5.110947738477465974e-01
5.379944987871017048e-01
5.648942237264568123e-01
5.917939486658119197e-01
6.186936736051670271e-01
6.455933985445221346e-01
6.724931234838771310e-01
6.993928484232322385e-01
7.262925733625873459e-01
7.531922983019424533e-01
7.800920232412975608e-01
8.069917481806525572e-01
8.338914731200076647e-01
8.607911980593627721e-01
8.876909229987178795e-01
9.145906479380729870e-01
9.414903728774279834e-01
9.683900978167830909e-01
9.952898227561381983e-01
1.022189547695493195e+00
1.049089272634848413e+00
1.075988997574203410e+00
1.102888722513558628e+00
1.129788447452913625e+00
1.156688172392268621e+00
1.183587897331623839e+00
1.210487622270978836e+00
1.237387347210334054e+00
1.264287072149689051e+00
1.291186797089044269e+00
1.318086522028399266e+00
1.344986246967754262e+00
