-1.475535158069406050e+00
-1.445422195659826325e+00
-1.415309233250246823e+00
-1.385196270840667099e+00
-1.355083308431087374e+00
-1.324970346021507650e+00
-1.294857383611927926e+00
-1.264744421202348201e+00
-1.234631458792768477e+00
-1.204518496383188753e+00
-1.174405533973609028e+00
-1.144292571564029304e+00
-1.114179609154449579e+00
-1.084066646744869855e+00
-1.053953684335290131e+00
-1.023840721925710406e+00
-9.937277595161306820e-01
-9.636147971065509577e-01
-9.335018346969712333e-01
-9.033888722873915089e-01
-8.732759098778117846e-01
-8.431629474682320602e-01
-8.130499850586523358e-01
-7.829370226490726115e-01
-7.528240602394928871e-01
-7.227110978299131627e-01
-6.925981354203335494e-01
-6.624851730107538250e-01
-6.323722106011741007e-01
-6.022592481915943763e-01
-5.721462857820146519e-01
-5.420333233724349276e-01
-5.119203609628552032e-01
-4.818073985532754788e-01
-4.516944361436957545e-01
-4.215814737341160301e-01
-3.914685113245363057e-01
-3.613555489149565814e-01
-3.312425865053769125e-01
-3.011296240957971881e-01
-2.710166616862174638e-01
-2.409036992766377394e-01
-2.107907368670580150e-01
-1.806777744574782907e-01
-1.505648120478985941e-01
-1.204518496383188697e-01
-9.033888722873914534e-02
-6.022592481915943485e-02
-3.011296240957971743e-02
0.000000000000000000e+00
3.011296240957971743e-02
6.022592481915943485e-02
9.033888722873914534e-02
1.204518496383188697e-01
1.505648120478985941e-01
1.806777744574782907e-01
2.107907368670580150e-01
2.409036992766377394e-01
2.710166616862174638e-01
3.011296240957971881e-01
3.312425865053769125e-01
3.613555489149565814e-01
3.914685113245363057e-01
4.215814737341160301e-01
4.516944361436957545e-01
4.818073985532754788e-01
5.119203609628552032e-01
5.420333233724349276e-01
5.721462857820146519e-01
6.022592481915943763e-01
6.323722106011741007e-01
6.624851730107538250e-01
6.925981354203335494e-01
7.227110978299131627e-01
7.528240602394928871e-01
7.829370226490726115e-01
8.130499850586523358e-01
8.431629474682320602e-01
8.732759098778117846e-01
9.033888722873915089e-01
9.335018346969712333e-01
9.636147971065509577e-01
9.937277595161306820e-01
1.023840721925710406e+00
1.053953684335290131e+00
1.084066646744869855e+00
1.114179609154449579e+00
1.144292571564029304e+00
1.174405533973609028e+00
1.204518496383188753e+00
1.234631458792768477e+00
1.264744421202348201e+00
1.294857383611927926e+00
1.324970346021507650e+00
1.355083308431087374e+00
1.385196270840667099e+00
1.415309233250246823e+00
1.445422195659826325e+00
1.475535158069406050e+00
1.505648120478985774e+00
