-1.308632974279135386e+00
-1.281926178885683498e+00
-1.255219383492231833e+00
-1.228512588098780167e+00
-1.201805792705328280e+00
-1.175098997311876614e+00
-1.148392201918424949e+00
-1.121685406524973061e+00
-1.094978611131521395e+00
-1.068271815738069730e+00
-1.041565020344617842e+00
-1.014858224951166177e+00
-9.881514295577144003e-01
-9.614446341642627347e-01
-9.347378387708109582e-01
-9.080310433773591816e-01
-8.813242479839075161e-01
-8.546174525904557395e-01
-8.279106571970039630e-01
-8.012038618035522974e-01
-7.744970664101005209e-01
-7.477902710166487443e-01
-7.210834756231970788e-01
-6.943766802297453022e-01
-6.676698848362935257e-01
-6.409630894428417491e-01
-6.142562940493900836e-01
-5.875494986559383070e-01
-5.608427032624865305e-01
-5.341359078690348650e-01
-5.074291124755830884e-01
-4.807223170821313674e-01
-4.540155216886795908e-01
-4.273087262952278698e-01
-4.006019309017761487e-01
-3.738951355083243722e-01
-3.471883401148726511e-01
-3.204815447214208746e-01
-2.937747493279691535e-01
-2.670679539345174325e-01
-2.403611585410656837e-01
-2.136543631476139349e-01
-1.869475677541621861e-01
-1.602407723607104373e-01
-1.335339769672587162e-01
-1.068271815738069674e-01
-8.012038618035521864e-02
-5.341359078690348372e-02
-2.670679539345174186e-02
0.000000000000000000e+00
2.670679539345174186e-02
5.341359078690348372e-02
8.012038618035521864e-02
1.068271815738069674e-01
1.335339769672587162e-01
1.602407723607104373e-01
1.869475677541621861e-01
2.136543631476139349e-01
2.403611585410656837e-01
2.670679539345174325e-01
2.937747493279691535e-01
3.204815447214208746e-01
3.471883401148726511e-01
3.738951355083243722e-01
4.006019309017761487e-01
4.273087262952278698e-01
4.540155216886795908e-01
4.807223170821313674e-01
5.074291124755830884e-01
5.341359078690348650e-01
5.608427032624865305e-01
5.875494986559383070e-01
6.142562940493900836e-01
6.409630894428417491e-01
6.676698848362935257e-01
6.943766802297453022e-01
7.210834756231970788e-01
7.477902710166487443e-01
7.744970664101005209e-01
8.012038618035522974e-01
8.279106571970039630e-01
8.546174525904557395e-01
8.813242479839075161e-01
9.080310433773591816e-01
9.347378387708109582e-01
9.614446341642627347e-01
9.881514295577144003e-01
1.014858224951166177e+00
1.041565020344617842e+00
1.068271815738069730e+00
1.094978611131521395e+00
1.121685406524973061e+00
1.148392201918424949e+00
1.175098997311876614e+00
1.201805792705328280e+00
1.228512588098780167e+00
1.255219383492231833e+00
1.281926178885683498e+00
1.308632974279135386e+00
1.335339769672587051e+00
