3.580451288263570286e-01
2.685547439184363672e-01
3.761694317976094215e-01
3.514416806791623715e-01
3.598547488570290054e-01
3.554813996898837924e-01
2.902138460005436738e-01
3.428756519988437335e-01
3.705563276258582728e-01
3.501974598779713510e-01
3.186021611114843166e-01
3.326041883619866857e-01
3.085476877384153993e-01
3.677303327231538632e-01
3.623516368450938052e-01
3.775415864910552921e-01
2.775887277057350055e-01
3.460235682548021274e-01
3.550402773676367696e-01
3.566682453473498104e-01
3.858640836257097306e-01
2.859105625292034381e-01
2.837535260259769765e-01
4.031278014466489479e-01
3.407141702811239958e-01
3.848046428690054532e-01
3.050107257535303318e-01
2.858940976333037010e-01
3.717000346710749858e-01
3.443281985816041835e-01
3.485533565278056689e-01
3.717985652189680357e-01
2.771827460357398354e-01
3.710021383417480001e-01
3.848323286362375639e-01
3.418907135091364125e-01
3.356754308859095093e-01
3.389422090631423745e-01
3.517825740658661049e-01
3.488315009154352442e-01
3.910874353446354701e-01
3.376083170420866586e-01
3.004423229598756628e-01
3.858016701128234582e-01
3.709346924983263349e-01
3.483154921267480053e-01
3.710588695375858781e-01
2.845125030359705876e-01
3.339032815907278517e-01
3.652538300175868224e-01
3.457025337707554380e-01
4.059557262058169913e-01
3.204321053471414493e-01
3.800010076634183220e-01
3.889201903410672290e-01
3.672105138566833515e-01
3.415446670577600430e-01
3.392623775943832132e-01
3.268451962411748624e-01
3.565295956624394691e-01
3.382281016161915455e-01
3.542580869434967528e-01
2.899520628790402954e-01
3.258626767790741563e-01
3.964184658302945530e-01
3.527626445464731586e-01
3.844744606613816895e-01
3.047209145587233547e-01
3.424686131791034316e-01
4.326590362036292214e-01
4.010288808549991035e-01
4.037593480534438228e-01
3.780489310245296886e-01
2.828920559812896918e-01
3.936697325681108861e-01
3.954237973480622115e-01
3.179972079765536752e-01
3.761437039434195606e-01
3.120618095031928996e-01
3.918057527397484918e-01
4.264913758262247057e-01
3.771852595539236797e-01
4.143312238812315584e-01
3.990731914785349832e-01
3.812398720519237783e-01
4.303309770933280154e-01
3.622804995120598726e-01
3.653583878786723638e-01
3.827825904008427260e-01
4.205252750968611064e-01
4.801897437684937708e-01
4.686231871885496170e-01
4.628725298845568492e-01
3.794582424992933301e-01
4.212006889330321968e-01
4.553168337669319388e-01
4.087829138692843367e-01
4.492758995356013751e-01
4.088995203153826252e-01
4.262706537841461363e-01
5.064702728443389868e-01
4.124804267226261922e-01
3.462035155850724522e-01
3.663379730295691639e-01
3.338086743091187580e-01
4.392520322262978838e-01
4.150693728961250550e-01
3.032114498630129051e-01
3.645475285434069401e-01
3.856416340760818184e-01
3.756400957107201566e-01
4.301246181989760720e-01
4.662021279301115095e-01
4.535664107432049730e-01
4.929246156887072683e-01
5.208370646703135431e-01
5.033955031054406781e-01
4.403059271117327755e-01
4.372203480637198436e-01
3.451493889304388385e-01
4.133157101444442372e-01
4.364847694056764316e-01
3.787544452712157117e-01
5.506472297884287270e-01
5.315830353648084428e-01
5.747124302511693594e-01
6.400843864374766712e-01
4.574419496051436163e-01
4.364450594975403108e-01
4.519079375563355150e-01
4.281528398957468173e-01
4.420702711118066341e-01
2.973283938841720375e-01
1.856173383803369492e-01
2.225005845478071065e-01
3.733402139286133847e-01
6.252523553608443363e-01
7.052099376672721354e-01
7.150144509991899211e-01
7.528546758179641696e-01
7.851594449129547515e-01
8.800517338881628238e-01
8.901194928944514695e-01
9.815781840101104327e-01
9.923304508879908781e-01
9.778169679898925937e-01
6.392529498659907938e-01
3.617913778284415627e-01
1.958590009285172268e-02
4.462620423295459160e-01
7.965446686313844005e-01
1.130697939911577521e+00
1.377866840646286617e+00
1.373923003784170538e+00
1.388739595871284038e+00
1.227146530521114887e+00
8.627610542319641418e-01
5.646305002932594519e-01
3.288685937068361320e-01
4.262375440024360196e-01
7.394611862164522931e-01
9.281326310509628863e-01
1.124895617252511526e+00
1.247252906851101795e+00
1.398723669849796014e+00
1.546387023124952798e+00
1.520859128525545056e+00
1.301254926577121163e+00
1.110798393885367608e+00
9.557647461183857995e-01
1.032513053944002390e+00
1.210684359128687104e+00
1.237031307753715836e+00
1.313052964914830811e+00
1.472878068427235343e+00
1.918683965365307831e+00
2.376194376290277521e+00
2.706244668608397852e+00
2.751497957619701840e+00
2.700997824841075090e+00
2.322779396378543915e+00
1.873825315747573272e+00
1.451368388036858637e+00
9.723316788790421494e-01
6.043090935857771129e-01
5.407947412563356426e-01
1.142051355106237454e+00
1.898011725815532458e+00
2.991139923925953070e+00
4.197038944601561461e+00
5.531143547887031886e+00
6.912350245336362775e+00
8.440484458456245065e+00
9.994504853183608262e+00
1.136267434057930714e+01
1.265746001657361752e+01
1.372880431540482071e+01
1.465939441468135307e+01
1.537191900508544684e+01
1.582997032350908917e+01
1.625042045426627269e+01
1.628942747246616918e+01
1.616426577201405124e+01
1.543711365396847768e+01
1.428081604284971817e+01
1.245134163313354492e+01
1.050252303240443119e+01
8.955920230497930845e+00
8.482920546687930496e+00
9.043721207098931458e+00
9.700505138927024262e+00
9.585399904377997160e+00
9.285189447827113085e+00
9.737863559785139955e+00
1.262489184825115451e+01
1.707380749645819762e+01
2.132685287264887819e+01
2.364407730898240345e+01
2.315964538181439636e+01
1.932975797216190728e+01
1.354101422905362284e+01
8.915797312973825939e+00
9.703793284912867634e+00
1.218580108880802548e+01
1.221011819166085566e+01
9.374028525836274994e+00
6.556562266799224048e+00
8.110161561277017483e+00
1.083543634212581708e+01
1.088665583901708267e+01
7.893990747925714757e+00
5.658929614841874844e+00
8.393154649943953771e+00
1.114046414310009681e+01
1.018432488429909455e+01
6.268016446192178570e+00
5.739421487678780132e+00
9.766364341502560720e+00
1.095306981427196291e+01
7.316081327027349701e+00
3.774311879164716999e+00
8.897239082709067048e+00
1.157435828317884408e+01
8.391328173278875369e+00
2.365522455581569261e+00
9.490777677610456209e+00
1.366510341815247465e+01
9.667341645858604338e+00
1.401330318766205174e+00
1.227064613859902309e+01
1.902676441358714499e+01
1.403989829537808021e+01
3.343480461929859260e+00
2.452588927173912836e+01
4.264763847993587831e+01
6.106560891272516756e+01
1.666256876853772664e-13
1.114317316564213058e+02
4.253689423199546837e+01
1.017912770925193655e+01
1.807959712518934126e+01
1.495490963826890329e+01
8.391801447234461975e+00
7.122660359307901423e+00
6.989152639783879017e+00
7.007211621966934700e+00
6.908938966913207302e+00
4.790793567501583361e+00
3.427437157591207484e+00
5.037363350750820423e+00
5.253595436250236617e+00
3.293986688385038608e+00
2.218552835954066271e+00
3.939619221537004723e+00
4.504751143184468454e+00
2.945267116395012597e+00
1.202844444780596822e+00
2.963567517693967535e+00
3.892295440642927762e+00
3.225459223437266765e+00
1.298858555268326276e+00
1.357745747418384719e+00
3.122485920877354992e+00
3.460142746332468100e+00
2.425393690144890257e+00
5.634632854655946543e-01
1.705785321736472238e+00
3.147694404586924399e+00
3.283691075816873806e+00
2.039017258483160955e+00
3.475672078263968845e-01
2.215435074231054013e+00
3.975698535625757479e+00
4.790035124948252232e+00
4.790418361640419675e+00
4.527693063640871429e+00
4.217744866736580889e+00
4.184201457293894144e+00
3.838329896152607557e+00
3.091960870626042635e+00
2.018883430772408172e+00
8.737231346972823554e-01
1.252849828065746740e+00
2.232679937168153383e+00
2.710927305956311706e+00
2.872630529424746282e+00
2.579889198851712528e+00
2.340822628711214826e+00
2.633355858818825723e+00
3.472749655824456827e+00
4.064363518313885315e+00
4.488792506953664940e+00
4.782450202889320323e+00
4.683105320577066522e+00
4.297251777362370184e+00
3.856128930873643057e+00
3.441590692324502765e+00
2.740765050197972119e+00
2.186100998387543459e+00
1.832904905436494536e+00
1.513805973070241562e+00
1.370067477744645768e+00
1.357465194947978349e+00
1.430495157169073828e+00
1.349490814972120978e+00
1.230455651418375762e+00
1.088892240531582845e+00
8.090528270909319586e-01
6.726530263892133155e-01
4.915313682716722643e-01
4.394791299535353857e-01
5.344510814434473289e-01
7.646653224642535607e-01
1.079813589923980910e+00
1.299493494360905999e+00
1.394926521956389553e+00
1.400172158062824801e+00
1.289951069444949860e+00
1.126149865361311786e+00
9.633276785948057253e-01
9.036478313361663295e-01
9.411076967925923187e-01
9.182599302244327522e-01
9.988680240951591793e-01
9.620218879887582064e-01
9.869225301728089539e-01
1.128064698140879063e+00
1.064507099069314844e+00
1.070816874332410240e+00
9.837481143299516839e-01
8.353772001565767935e-01
8.265242783942496896e-01
7.588268457397867595e-01
6.664872883665849956e-01
6.945952873529421812e-01
6.972278739205211018e-01
8.001944290382866365e-01
1.044572199089697451e+00
1.023480943426718026e+00
1.008899224192583377e+00
9.171103633736893412e-01
7.282324176484905598e-01
5.988304229310227322e-01
4.498353659113851766e-01
4.695015635078232386e-01
5.844541630446227209e-01
7.518692608764934171e-01
7.785701902634465377e-01
8.277420451367160092e-01
8.278474293204933776e-01
7.333575265970436741e-01
6.796035244086668925e-01
7.204583002094293587e-01
6.770337786628018995e-01
6.332789362613894246e-01
5.119829233303473393e-01
3.793061784544373705e-01
4.096604761261311567e-01
3.798983665065711057e-01
4.468227911494569438e-01
5.531117646057607251e-01
4.820611438349259315e-01
5.691032468998564742e-01
6.478771455255609713e-01
5.629900565603518370e-01
6.043412910675813876e-01
5.642290305576210807e-01
5.436244702204446888e-01
6.159569854018158708e-01
5.488911411291241826e-01
4.818566635082005001e-01
4.821966370629929832e-01
4.908687938322440769e-01
5.012442034791773082e-01
5.393544728679325884e-01
5.474827566001762014e-01
4.855846633133473200e-01
5.147269252505728421e-01
5.628037223473594253e-01
4.657320614801409020e-01
4.891416316605701753e-01
4.040525090196511182e-01
3.848137584828507651e-01
5.580168313431055349e-01
4.708464007231736304e-01
4.553638684367454226e-01
4.604546748576054949e-01
4.457857656368878763e-01
5.043238749895534445e-01
4.977701718480612159e-01
4.437371442144020794e-01
4.711567473240516057e-01
4.425803400077192862e-01
4.803643010642407174e-01
5.128869387814629643e-01
4.524061649056129175e-01
4.512164862173344004e-01
4.994308888106969158e-01
4.795496143958267732e-01
5.288614583302466698e-01
4.614842818970086302e-01
4.488764235496540689e-01
3.666066375649085218e-01
4.600690947872936865e-01
4.292013139969536595e-01
4.252843478251642217e-01
4.708965386599560099e-01
3.970759845566920743e-01
4.259938399175897672e-01
5.214188989042114475e-01
4.183063774858017947e-01
4.286236257076740386e-01
4.209358890925588570e-01
3.405591315214599457e-01
4.601074431143771237e-01
3.726707198823503431e-01
3.272031683515100320e-01
3.740732237772026458e-01
3.553320816797306825e-01
4.663296676612384006e-01
4.758040479347602769e-01
4.054905625708231098e-01
4.099986064864578061e-01
4.286097343518572855e-01
4.250178247818724997e-01
3.907601043889550874e-01
3.565471799497653693e-01
3.525780226770626191e-01
3.648562115725467736e-01
4.427403195596112950e-01
3.738328311884590027e-01
3.426340141595259903e-01
3.993410133359369119e-01
3.931210488530176295e-01
4.046129321448036498e-01
4.551655420727661605e-01
3.336328095419356377e-01
3.777697804549369209e-01
3.807372879239769858e-01
3.600604582187000302e-01
4.481142838351482305e-01
3.477017658057017235e-01
3.379911013640303219e-01
3.854555696415573052e-01
3.869157088880045281e-01
3.952404439397075309e-01
3.912093601935370257e-01
3.449962039401839875e-01
3.777410675085775549e-01
3.921614381991175291e-01
3.707843212010941136e-01
3.503478340179875805e-01
3.646646959634856078e-01
3.422945441974168945e-01
3.694009430707140829e-01
4.551913963093967563e-01
3.249957801262429169e-01
3.137635804180794463e-01
3.813339991207767010e-01
3.279771172608129670e-01
3.848964888461203215e-01
3.868757504865567576e-01
2.366596577174654159e-01
3.671815749268728113e-01
3.496746350703443529e-01
3.618980633364692889e-01
3.852942659774563072e-01
2.986453969604602743e-01
3.614183231347285474e-01
3.959635130281254356e-01
3.195369829605619327e-01
3.681068017329379161e-01
3.441195454311778423e-01
3.232003936942208777e-01
3.524527162173480277e-01
3.796890804328814650e-01
3.587150944817050213e-01
3.551108189771415291e-01
3.372963097104671459e-01
3.607712569375401968e-01
3.409764115348301594e-01
3.861975193305832166e-01
2.927973731052300743e-01
3.306561513637297778e-01
3.529323089897569155e-01
3.283581968847961163e-01
4.245912099468230338e-01
2.862100970218625640e-01
2.840829045920074680e-01
3.617978972839072660e-01
3.449545979345116642e-01
3.817876260954610745e-01
