2.001937388564409975e-02
5.600846127908950395e-02
8.814858634913484703e-02
4.851532891646505308e-02
1.015313726331106281e-01
1.561124025079942967e-01
1.383973882501208508e-01
7.551745034096125908e-02
1.186494706405475524e-01
9.416447851923739898e-02
9.704050733625582681e-02
1.127504534400700503e-01
9.947669227070250753e-02
9.044922508733957422e-02
5.677761485488331400e-02
4.778783843033819478e-02
7.871167314170116058e-02
7.104861392608731452e-02
1.128666991026550971e-02
1.204258288541910776e-01
1.053311570563560950e-01
6.357885829255381649e-02
7.258248503481869174e-02
1.790705739060867441e-01
1.604324979766046377e-01
8.273397429546597293e-02
1.127140595528339506e-01
1.603743332655355736e-01
8.501360273453058281e-02
5.688137713122044109e-02
1.434350761635590776e-01
1.041648469943738387e-01
3.405677188804881461e-02
8.964500142304716868e-02
2.223172568526082804e-02
5.272851974606284492e-02
1.046800354054235049e-01
1.313920134797040007e-01
8.585146300825539922e-02
6.473374940878305617e-02
1.306426861313058352e-01
1.563544404098664853e-01
1.282300392629069641e-01
7.604752128603443906e-02
8.158131993425685180e-02
1.654592294589585233e-01
7.200393091651860478e-02
3.268788922986002460e-02
1.050431361526620450e-01
1.186991347975851485e-01
4.464789837744906342e-02
1.302733134803213677e-01
1.600255302376216437e-01
3.566865217426741508e-02
1.797882543032376101e-01
1.764948783931642451e-01
1.156953257845123317e-01
7.789173887626925363e-02
1.539979273374701141e-01
1.231137005942689738e-01
7.230700109440434120e-02
1.185309809751701193e-01
1.284680857868262249e-01
6.694431717376056468e-02
1.536643426255278333e-01
8.904222821858202852e-02
1.071398839469547004e-01
1.843852611136074515e-01
7.901412759958731380e-02
1.171442465318926346e-01
2.315333471995971171e-01
9.671424410385147385e-02
1.616574360281438361e-01
2.384409015260561537e-01
9.577925886430833924e-02
1.400335639153257317e-01
1.514312165449142600e-01
8.958263202672599179e-02
1.422504687099556964e-01
6.897459219585870549e-02
1.324144966545077462e-01
1.291769080390082203e-01
3.741107888063394810e-02
9.276155773409508476e-02
5.249770322711006659e-02
1.557318699991278310e-01
7.191417100903110815e-02
1.308315310998255099e-01
1.673041533509797840e-01
1.005316329361663763e-01
1.392626417449810972e-01
1.781986813112672596e-01
1.263826917447598563e-01
1.348757970847004328e-01
1.371035726921369657e-01
1.441011557913010332e-01
1.778704165562532136e-01
3.935920338324155887e-02
2.179818779596729428e-01
7.789939702777604058e-02
1.759795118972686812e-01
5.204375138633376280e-02
1.628173508284392057e-01
1.224033853814314454e-01
8.359330951689079858e-02
1.214845062466419212e-01
1.833811564174462339e-01
1.218703189305305051e-01
1.400012769642837718e-01
2.240405705586778484e-01
9.670399282084216064e-02
1.642677805873796748e-01
1.196958147297820657e-01
1.377909571156508139e-01
1.500716824488079748e-01
8.399351284752849811e-02
1.298441763403755111e-01
1.709531327062722983e-01
8.250405854511785875e-02
2.217162071807592949e-01
1.299908635306040450e-01
2.034171003064425554e-01
9.897292987530961761e-02
2.045483468667970428e-01
1.663216988385658457e-01
2.128372186415954104e-01
1.693194409517266574e-01
1.294671191138930255e-01
2.117916342320149414e-01
9.781890476718621552e-02
1.853320790556148845e-01
1.475389834700678027e-01
3.893628828044545798e-01
3.355120526003000925e-01
3.404892043373045629e-01
6.093220583133013291e-01
7.030449483954626100e-01
7.122259627638124480e-01
1.143344440227532566e+00
1.668647613645991123e+00
1.499512080676475012e+00
1.416309095126375706e+00
1.897950114338361027e+00
1.992643562175361538e+00
1.677885376759124192e+00
1.615944978497855899e+00
1.480708093841838213e+00
1.050053083683277322e+00
5.346187778275874880e-01
4.720052930985944029e-01
3.624017895630508024e-01
6.778281862632909993e-01
1.008011500129675220e+00
8.280666566158985109e-01
1.074085409799306223e+00
1.010237415247170256e+00
8.298208505782244115e-01
1.341819342938743720e+00
1.618421009834545954e+00
1.278679300052757206e+00
1.344051946540598674e+00
1.219070871422061275e+00
1.010709542304063069e+00
1.783443762700230195e+00
1.896313227939023793e+00
1.264788227733560921e+00
1.224405737447592069e+00
8.365549394489887325e-01
9.627477656420082575e-01
7.508585600311693531e-01
9.447567098759455106e-01
1.678536435087601753e+00
8.234137996889621114e-01
5.680415719456882728e-01
1.290934084264150794e+00
1.170586764168239036e+00
1.162404181779368439e+00
8.636083320267012864e-01
1.479421425015973401e+00
1.652051064057501240e+00
1.056157952304038972e+00
1.363451145454392055e+00
1.215117786782743625e+00
1.692241778330450863e+00
1.429445439660681938e+00
9.123916190201785126e-01
1.778077141101784608e+00
1.385620286685543379e+00
1.623091148669061345e+00
9.288703563190208179e-01
1.049653047379400572e+00
1.822472670542847339e+00
1.546605013036766563e+00
1.457650518025407127e+00
3.783874151177205603e-01
1.440972065277949410e+00
1.724590202478482936e+00
1.794640234039760918e+00
3.584473541822631448e-01
3.457837157380815873e-01
2.046109401324207155e+00
1.779247085950937501e+00
1.619386550088680155e+00
9.094950899608112982e-01
1.000682802707977492e+00
1.473057692165776977e+00
2.553943624195331719e+00
1.304725974627193974e+00
1.397252799497607612e+00
8.109672069036053532e-01
1.011047344097121714e+00
2.016436759964538084e+00
2.686568230594373219e+00
1.817182835311402789e+00
2.625852565479250611e+00
2.061097010665739582e+00
1.703019629453037087e+00
3.380023505618314328e+00
3.361225906721263090e+00
3.303442240073954039e+00
4.739967457948831786e+00
4.694141264306868955e+00
5.325072912731611652e+00
7.623349253824788896e+00
7.407439415778410030e+00
8.318934542439821556e+00
9.926749535219698828e+00
8.947615527649633194e+00
9.907613227856574056e+00
1.147369930700807572e+01
1.023099010359352690e+01
1.195129647188162991e+01
1.320215057333598274e+01
1.166680711355713029e+01
1.341535751996079817e+01
1.342032121242056952e+01
9.847110517767509563e+00
1.025604443788414066e+01
7.537694522413589837e+00
1.336570007958915340e+00
2.330361906663151128e+00
9.511484786194870367e+00
1.938043876860506742e+01
2.232304218199918466e+01
2.731512087575242731e+01
3.719802240214163191e+01
3.668951963810734185e+01
3.117808665010747404e+01
3.252530411463282434e+01
2.376914449847378208e+01
5.405761123098796084e+00
7.565574622755042888e+00
7.144564664653931807e+00
2.296749399445120332e+01
2.841631732160823631e+01
1.391698996794753462e+01
3.447702818904691915e-14
5.140841458630766247e+00
1.538058237325668287e+01
3.290903040603826213e+01
3.482610743100422468e+01
1.924015818117728216e+01
2.018684562473339739e+01
2.930540597403235381e+01
2.494653017167593845e+01
9.367018369928052479e+00
6.765419032563969814e+00
1.271663390379865355e+01
1.062830247299730324e+01
1.063543504925431726e+01
1.241278478544652231e+01
1.503143074389701361e+01
1.342635454669975204e+01
1.071999325444380702e+01
1.097053402427626700e+01
1.109576699077552497e+01
1.266732705633232925e+01
1.249771726591092502e+01
1.278129333352408104e+01
1.273106479836579830e+01
1.116539857359578569e+01
1.094658156930971060e+01
9.086949464864785497e+00
8.595745409948499116e+00
7.403320087847136577e+00
6.418946318698171005e+00
6.319569592735025942e+00
5.124771542323154350e+00
5.592974378951556247e+00
4.323942652881570758e+00
4.668551047533716414e+00
5.653262370519936297e+00
6.507857863142024080e+00
9.097260296364998666e+00
1.025848712310524213e+01
1.228259117617151119e+01
1.287103289013706764e+01
1.388266221325230276e+01
1.440747212388275678e+01
1.444231335357767954e+01
1.470989200192700075e+01
1.372812371666026721e+01
1.377679890484364833e+01
1.192847576188845515e+01
1.187047909340373764e+01
9.557890866255023710e+00
9.607693813877130395e+00
7.511843781344224702e+00
7.382633495117515210e+00
6.787617309477307792e+00
6.224612861709340805e+00
7.641998662452731850e+00
7.404058467194549742e+00
9.722330896628152530e+00
8.547197787266860303e+00
9.758154238983813400e+00
9.077452953330110930e+00
8.665732581345622521e+00
1.000521016273899377e+01
9.100966720565162760e+00
1.039402561951443538e+01
9.772433178937863119e+00
9.486093607403216055e+00
1.013830659732022710e+01
8.583077824428487546e+00
9.420246292866249149e+00
1.042082555400351040e+01
8.953044885344123571e+00
9.947961697471455977e+00
9.717089293089692603e+00
7.331771461540641077e+00
8.009065686727875999e+00
7.699229224931214866e+00
6.781332924675733231e+00
7.708833260798859222e+00
6.606112005004450616e+00
6.235762994546075966e+00
7.453191221245970333e+00
5.812992426533465817e+00
2.921764414016659650e+00
5.414906948948111420e+00
7.608179670094091129e+00
7.069327263123721394e+00
5.126485821521612252e+00
5.182933149861556288e+00
5.346113195921580186e+00
6.223360737883146143e+00
7.928803148545862101e+00
8.601905556966752187e+00
8.332301920958862240e+00
6.869347411073013276e+00
4.857198656077006405e+00
5.082540925674653209e+00
6.072424134138644902e+00
6.245772733988164127e+00
5.443147572274736667e+00
4.027118765528695299e+00
3.186691617862130510e+00
3.243164371229488196e+00
3.358188492206322096e+00
3.124098285892416005e+00
2.254828402020955025e+00
1.398320986934168841e+00
1.866386312988970397e+00
2.541747894130750751e+00
3.762425543521113802e+00
5.397999889223341619e+00
6.584351279847608041e+00
7.010071834804616486e+00
7.062445243875786538e+00
6.577227837417503054e+00
5.845179889305915033e+00
5.507981458510050388e+00
5.324902878825002794e+00
4.490323297583215911e+00
3.187804619886702717e+00
2.264083661297659589e+00
1.880473356389352091e+00
1.440537470015798460e+00
1.075013423259991274e+00
1.045895149014243186e+00
7.467196989970426024e-01
2.578745248449717531e-01
2.167649251635732632e-01
1.683041872111253612e-01
2.970473152317830157e-01
7.058386170003934368e-02
2.184047963363880407e-01
1.641458007146337217e-01
7.399152234539656259e-02
7.633584531880238666e-02
1.333807314885010475e-01
1.703011270605927774e-01
3.224645008895345166e-02
2.025688336576953463e-01
1.080447971621023573e-01
2.005292467819650704e-01
8.513999212185627274e-02
1.656507259827022793e-01
1.134800138052645957e-01
1.242909538686698817e-01
2.178479554618941161e-01
2.323533756560844654e-01
2.171879175902934056e-01
2.771388344498686984e-01
3.896863562042800905e-02
1.915250217785166575e-01
1.826029497963648496e-01
8.970635619987911424e-02
1.844571604779841889e-01
2.624030987191383613e-01
2.079696855429052638e-01
3.266425023658188209e-01
2.180773097960606310e-01
3.003009605186913733e-01
2.373763745407430070e-01
1.943553776276884526e-01
2.338745916907678246e-01
4.241906420874880235e-02
1.441504627932241045e-01
2.108898115685537145e-01
7.764180980482644767e-02
9.681388742254325164e-02
5.087158506059902274e-02
1.413713554299191877e-01
2.741947685788400091e-01
1.764458707358544376e-01
2.378205041111516871e-01
1.112566546568775072e-01
1.215903498155421897e-01
3.539174125421898354e-02
1.644596483848679569e-01
1.797063244231421331e-01
8.744514045870188657e-02
2.279017600474550764e-01
1.572481182684911938e-01
1.216009688147422219e-01
2.205010654810937720e-01
5.394092315646993596e-02
1.692087922493425711e-01
2.923297730066604094e-01
1.814054411278789580e-01
2.563875394994096779e-01
3.212594433244099212e-01
2.049636376158736895e-01
2.524447082534394537e-01
2.065562768074727940e-01
1.337729836224533786e-01
2.146535217316923871e-01
1.469146425287529423e-01
4.712714741915825789e-02
1.460659788797583347e-01
1.303717061728062454e-01
3.485990726876562334e-02
1.634166508172845145e-01
2.171773003915995481e-01
7.179199565720920106e-02
8.196750053146849291e-02
1.811555017015440971e-01
1.566983004724484263e-01
1.121455034812111895e-01
1.725943316857672938e-01
6.336082940623170845e-02
9.992818940449423037e-02
1.307422677106953313e-01
1.504244140778429953e-02
1.341406149077025434e-01
1.366440269686839681e-01
1.783262806260589306e-01
8.735003075353965640e-02
9.572547847378298780e-02
1.329428167555534723e-01
9.541999332518430466e-02
1.135278973018145343e-01
6.685303994577131148e-02
4.751596815619094777e-02
9.932999738830156078e-02
1.543382292452528393e-01
2.056329376455246286e-02
7.969664458516455274e-02
1.423420296189899237e-01
6.211689608653410410e-02
6.806242747816607097e-02
9.588523855112345007e-02
9.019283691005786086e-02
1.108528349908252664e-01
1.700899451987336608e-01
5.248611589199665001e-02
1.201219484113648095e-01
1.756252267557262547e-01
7.764317413050871031e-02
1.924979329658894553e-02
9.939229935927727799e-02
1.091740808552801312e-01
5.295401558472426912e-02
9.382126901572309177e-03
9.905639982046753056e-02
3.621246188108669800e-02
1.031592286070859288e-01
8.027374677383472545e-02
1.142113669700794143e-01
1.074933013705616225e-01
3.122169709147083402e-02
9.631348708315365381e-02
9.643445074827383667e-02
1.167464893512631940e-01
1.323477042276376969e-01
1.345466914656463231e-01
5.342297896981185873e-02
1.736595706037702413e-02
5.528182537309004468e-02
8.251048871254711148e-02
