2.856442062768605253e-02
1.496628088267521750e-01
4.544546348297291705e-02
6.847272700609015328e-02
8.867510748165235990e-02
1.151085284201421172e-01
3.295903020954417395e-02
4.327200598534772930e-02
1.053823029756454366e-01
1.054508458318039466e-01
8.931788631082365759e-02
5.188232559929029791e-02
8.333116471920937185e-02
5.458741829036305865e-02
2.926523838457854854e-02
1.965358088240962142e-02
1.076782109445740543e-01
1.103434895947746075e-01
1.102852704208025225e-01
1.579591348089079070e-02
9.793433723113992295e-02
1.952782807474836430e-02
6.586510135077935923e-02
5.654641967708533279e-02
1.377895124394242221e-01
2.627224583686578116e-02
4.689507841427337925e-02
5.970691768462982330e-02
1.167494485435644630e-01
7.469927255961364421e-02
6.831654847872717373e-02
1.002172086082949165e-01
4.825787459879844060e-02
5.554863315012712605e-02
4.463842220703734959e-02
1.268039827433720124e-01
8.638763391025779115e-02
1.146685736406023171e-01
7.444223187276111098e-02
9.640415638643824725e-02
6.713081891641338970e-03
3.394331199579970343e-02
1.736244837556463402e-02
1.387551778316106210e-01
5.126501246321718552e-02
8.044448667199480263e-02
9.553039744991331794e-02
1.080556214186518815e-01
5.741418237087198700e-02
4.131707071894032829e-02
7.656564018030138918e-02
7.819881016861675305e-02
8.172102213407926585e-02
5.860520937525705992e-02
1.058681427064374347e-01
4.897315868392307370e-02
8.676614672682801677e-02
3.168937192772589700e-02
1.131545973839444691e-01
4.011796539652712212e-02
1.105146288391700357e-02
3.743117850526857943e-02
8.116616813255139729e-02
6.434188161283313501e-02
8.209034903585220311e-02
1.253086962082552991e-01
7.837681748735612908e-02
4.188732944051051094e-02
6.233817137798523811e-02
2.606590793955297983e-02
8.819439652427621401e-02
4.748190027923460121e-02
3.795663157334817905e-02
1.493151175793668572e-01
4.602758299800679964e-02
9.395501329412213332e-02
4.263758345993653998e-02
6.575755450361497889e-02
7.669710821483353980e-02
5.925338820816123536e-02
4.505848353784316224e-02
9.546730800977920595e-02
2.322692946601006073e-02
7.967409751991043343e-02
8.381633507139793493e-02
6.080321426658567840e-02
7.327248011896228541e-02
5.575960366325903583e-02
4.766513339373999042e-02
8.610882458564897424e-02
5.042060974025299597e-02
8.895422043578191107e-02
1.383002434179320117e-01
6.942540008046488298e-02
7.829946023159144175e-02
1.958457069855743665e-02
4.327917061861314557e-02
8.028191506061913008e-02
1.111198658005713574e-01
3.309016080980579921e-02
1.219049109901924749e-01
4.302719896832080809e-02
1.017358621711103445e-01
6.378320709068152627e-02
9.536052977905637440e-02
5.711801532858432756e-02
6.841396052110622350e-02
1.157469379749849758e-01
1.022891175624884991e-01
5.385844870523183447e-02
7.254327594426732140e-02
1.127712470407474799e-01
1.212803268995730488e-01
8.636095623174470937e-02
6.079763989412739073e-02
7.067847543173366720e-02
7.312418474033961779e-02
6.153731300988509595e-02
4.229894633652215435e-02
1.611318832095357811e-01
9.844624523037144581e-02
7.877130140508568912e-02
2.888157218064844184e-02
5.337325641153554262e-02
7.711911242770569386e-02
8.164771006672073839e-02
1.211131266553386876e-01
1.181417513262243563e-01
1.264234743038222530e-01
2.753639715832948906e-02
1.020164282737350270e-01
8.257298649000942292e-02
8.546431632251302868e-02
4.584423723255678235e-02
1.104951626040976964e-01
6.838733119654662185e-02
8.981041464041727984e-02
2.378014927418216698e-02
1.342066416584639654e-01
7.345454530016722050e-02
9.218103603165749005e-02
7.822891374025486844e-02
6.271971280461671738e-02
3.240685841100119507e-02
5.188370232790398551e-02
1.059485427649959066e-01
6.211459844386515300e-02
8.728513988143259128e-02
5.696130918520419389e-02
6.657270338687802658e-02
1.915938033526784837e-02
5.084437432460826856e-02
2.294300194266359408e-02
1.187512637224754641e-01
4.883128973470766965e-02
8.958487784342940297e-02
2.863445231103415450e-02
6.177020140798077097e-02
5.057301287503768866e-02
8.225254689479433168e-02
2.408391220903689789e-02
1.093914299530686779e-01
4.195318350761739756e-02
3.874986011578579470e-02
2.482327329904120833e-02
1.139214659866043394e-01
6.073391857873996352e-02
8.543423499308749891e-02
4.710529010780135223e-02
1.475354287146359543e-02
3.003699167587622551e-02
4.057095782151856622e-02
8.939870658219871424e-02
8.568955789899351805e-02
6.625026544476740609e-02
2.452989492204821209e-02
6.711883071002487655e-02
5.562211305219463137e-02
1.222901140416489674e-01
6.186430591699826342e-02
8.958752819491515307e-02
4.363755829992390506e-02
9.727386908571032664e-02
1.211118737783927271e-02
1.164820056366837053e-01
1.084973977552409902e-01
8.712507248694822959e-02
4.626605069240055657e-02
9.531972788260875684e-02
2.981575188582400240e-02
5.504700794242365497e-02
6.410651772498023038e-02
1.346512941876675251e-01
1.465278004094876796e-01
7.944886868352553366e-02
1.253886761591123944e-01
6.689680945615203433e-02
9.988844605813637298e-03
2.252660569749425842e-02
1.559181304603682872e-01
1.122038155158580353e-01
9.864674513481680451e-02
6.666976118357119396e-02
8.118030054276094420e-02
6.833179131201765066e-02
1.028349497840729265e-01
5.969018988024826083e-02
1.095948408795271306e-01
1.034968690661330348e-01
4.172406452706558383e-02
1.274341142205743793e-01
1.397342171075670048e-01
1.725823953482701900e-01
5.476416211439119608e-02
9.590046247618515263e-02
5.749793437413468905e-02
1.263478520908766223e-01
4.510163493830390835e-02
1.375827442839738790e-01
1.032020435872902375e-01
1.779983301020376107e-01
1.198928032974231062e-01
7.135912433510996356e-02
6.317565135249428310e-02
1.527025315218487160e-02
2.310209701458429063e-02
1.452469096642270419e-01
1.884361305067905612e-01
9.881248765879492579e-02
1.519038717107030478e-01
5.347810745556658835e-02
1.295424428892202884e-01
5.884931560422477365e-02
1.839187352796330943e-01
1.185703103828619209e-01
2.082858926931973886e-01
9.998333086809858827e-02
1.910706781979646662e-01
2.531013079215380102e-01
4.079415581614142389e-02
1.509613971903088214e-01
5.381990257437527791e-01
2.764434271161257950e-01
2.175624019647458551e-01
7.554820587207181637e-01
1.043371330893592963e-01
1.125611829639072692e+00
1.240198888654716614e+00
2.241759119690617030e+00
3.125365417046925831e+00
4.655077755141231455e-01
1.607769827173523236e+00
4.600081671267357564e-01
3.306911629150624865e+00
2.648318828575583428e+00
1.062604242439075808e+00
2.174843027662259677e-13
6.142600608091194347e-01
7.863544011689208579e-01
7.006242232840351747e-01
2.837434341830333273e-01
5.025507184024399221e-01
1.040882437961613421e-01
4.762132050488382395e-01
9.836720759585798612e-02
2.038804565177833594e-01
3.788592615882603321e-01
2.602275267976694728e-02
1.126485562760833198e-01
8.598038816003600315e-02
6.812314946872506660e-02
1.759661479036367104e-01
1.583037249114568612e-01
3.650971592675391481e-02
2.342345143647540928e-02
9.058751512547513762e-02
1.607899776943031156e-01
1.499632823368495238e-01
9.262640636471917988e-02
7.592289122321449479e-02
1.899846437458636850e-02
7.822960261077138711e-02
4.921274392145659482e-02
1.797838953079866631e-01
1.498228081788577082e-01
6.134947701107257984e-02
4.106936004870210405e-02
7.056298344560119062e-02
1.250635090791559212e-01
1.340688416999146482e-01
1.128155135443312390e-01
1.000916174822364252e-01
1.681343481464144529e-01
3.773737048636477409e-02
8.186333257531994145e-02
9.262332273081416711e-02
1.544931149339067722e-01
7.769490458909962538e-02
1.276343431744915713e-01
4.850487270206556289e-02
1.002373964422348385e-01
5.739310622889330464e-03
1.420439978627383026e-01
1.494508222198586422e-01
1.322476509099568820e-01
8.900853161751720588e-02
9.376522543400885035e-02
3.779794721824041026e-02
3.753218633545463839e-02
1.229054625801052764e-01
1.230888396651081546e-01
1.186272432566351093e-01
5.660370650834471717e-02
9.888240108216186930e-02
2.359367894728143025e-02
5.354268979425351460e-02
4.006479901764990748e-02
1.552006584758297836e-01
1.572248989253832441e-01
1.167522613423341016e-01
7.265517537717426644e-02
1.001433224482392303e-01
6.396098286665993782e-02
6.823475525156540156e-02
8.627857376693995328e-02
1.264178491238773794e-01
1.163232901029873645e-01
2.046617036761389646e-02
7.817729512756453614e-02
6.267992211681835957e-02
1.461685699824158136e-01
5.019692478264622254e-02
7.010228314358955826e-02
1.151264837287081372e-01
4.185540521823002090e-03
5.469826300841097722e-02
9.452897439823651493e-02
8.356937943048373119e-02
1.230671234825319871e-01
7.749711932578819129e-02
6.459489342294778835e-02
3.388953365970548415e-02
8.627101120396181433e-02
3.165375628553967341e-02
9.394035175238797664e-02
6.451354556590893630e-02
7.803718023741752774e-02
1.068586590205361231e-01
3.088722951916676382e-02
8.752336114988273907e-02
9.749891427085165263e-02
4.672408110979280049e-02
6.251780355115058030e-02
6.604107813492809953e-02
2.949263945709892920e-02
6.901467850879267063e-02
2.667832239475373748e-02
1.360470342632922047e-01
4.060904576476494915e-02
7.164151710814342655e-02
4.003523885684277112e-02
5.885325664089991610e-02
6.211847368651032125e-02
2.458910153720423111e-02
8.185770984326751210e-02
1.187710618867457157e-01
8.491530842281901081e-02
5.171659419772663829e-02
3.750435666519267436e-02
6.112663256402741524e-02
6.113427086049703224e-02
5.911428764589787138e-02
1.265459115983344485e-01
1.874658801116015766e-02
8.305690607018853533e-02
6.626531726199358374e-02
1.101178934241273666e-01
7.616379926065312833e-02
6.019750489832666196e-02
9.994676222169245061e-02
9.264116647076066358e-02
3.683008350528129554e-02
4.214335704006703931e-02
8.244393811799680116e-02
1.265263113007631113e-01
1.123558847499902674e-01
7.934164727729127453e-02
1.161942706729509472e-01
1.334463195966530298e-02
2.179691116719628327e-02
5.593145066103332591e-02
1.042638647542427355e-01
9.140481142611849019e-02
1.261161531037692241e-01
1.359750177546193428e-01
1.063540251808279546e-01
4.106424730933822681e-02
4.867098041134419739e-02
7.280117408984751459e-02
1.491768245502392842e-01
9.104056195976210908e-02
1.191798765282852529e-01
1.113470121478888075e-01
1.102292638315438000e-01
4.858568189325978420e-02
4.349158375589380621e-02
1.171836589861437739e-01
7.987305834261207438e-02
9.901983843753010828e-02
8.172940381298933465e-02
1.191799592039997358e-01
4.139326780877866652e-02
1.111413824647384252e-01
6.113472181010593670e-02
8.145308542080038905e-02
1.998753192857774530e-02
4.834061017566155388e-02
5.418609829424818336e-03
8.988280448367877429e-02
3.825773047484248152e-02
9.949722766947738384e-02
1.401902643266433601e-01
9.796899286192072009e-02
3.173348691946768080e-02
3.442389736356386842e-02
9.145481469998220647e-02
8.125803729060772362e-02
1.149113076650262466e-01
8.624798447646152277e-02
1.466425696716790461e-01
2.563235985325366603e-02
4.283285711783659661e-02
6.753606340801879271e-02
1.022171895697936567e-01
4.472629044020101641e-02
8.021059191603444050e-02
3.145643571255146015e-02
5.882314961191168617e-02
8.085590742573740483e-03
9.418593530264098013e-02
1.173756042654184040e-01
9.559745458866303336e-02
3.344372592969890867e-02
1.207253866878406877e-02
2.127930150298396397e-02
7.010374066628619061e-02
3.893277910527763452e-02
6.681965162918715451e-02
1.404712620089866582e-01
4.328428533043778698e-02
7.971796826793695057e-02
2.278515171056078384e-02
1.171835315835818847e-01
5.042778567096161541e-02
6.544016611159661490e-02
9.500800324998594226e-02
9.926744180037085086e-02
6.672496691488868925e-02
1.048662383016380761e-01
9.513146721358735347e-02
9.298618725794968731e-02
5.769444384043087570e-02
5.489049737841644738e-02
8.302305823566960563e-02
6.053643024379586762e-02
5.115752135506053400e-02
8.776474750763499366e-02
1.813740159000519214e-01
9.159970085207194690e-02
8.118885667724794197e-02
4.440783613009447600e-02
2.219536422730798361e-02
7.262309171514899631e-02
9.567348421746846299e-02
8.613801890343618373e-02
1.715904238588060182e-01
4.970660082115613276e-02
4.844954474742063644e-02
5.060112281377181220e-02
7.150335637760982244e-02
7.392366466131038150e-02
8.098405892324726796e-02
1.031186835390538181e-01
1.143216252686261453e-01
6.138724997516105397e-02
6.897582365533007354e-02
1.117162227672043873e-01
1.027004830045218503e-01
6.156965692338203094e-02
8.016652789190707729e-02
7.199139945028312781e-02
3.467233811611423328e-02
6.029787844941188191e-02
3.771569125256678257e-02
1.236250193837859640e-01
6.349026997911223769e-02
6.291453639751350135e-02
5.818565383525330093e-02
3.199388578320282867e-02
1.038480700721841100e-02
4.841165058264391280e-02
1.109598310140437749e-01
8.864938314649625783e-02
7.863087603811885762e-02
2.397754007758142597e-02
1.038982768206679480e-01
7.262717953967461060e-02
5.400936051495884571e-02
4.016392721318354231e-02
1.091226277488376167e-01
2.174791605216071580e-02
6.762754490066269497e-02
