6.089150530814425172e-02
6.395104078904423339e-02
4.902428129360809211e-02
5.813046673240038903e-02
7.916049858885654267e-02
5.634915002794829708e-02
7.181371568081618140e-02
8.601248590814114525e-02
5.336260831631303020e-02
8.365613711540430264e-02
9.288523723551761480e-02
7.449282720123860668e-02
6.991276013070427120e-02
4.787905804410354238e-02
3.772723215349734621e-02
5.964377664066903423e-02
4.863508216930996497e-02
6.311229379297027264e-02
6.699332603685320686e-02
5.321821331608794781e-02
5.291412918993759068e-02
6.711621165199935235e-02
6.790234354006348394e-02
7.829551302363657594e-02
5.672430554776619616e-02
7.516317098482541703e-02
6.140092231778110365e-02
7.386929290483010280e-02
8.261422245589461477e-02
6.655657768821414411e-02
1.112698746542092054e-01
3.092343313871566760e-02
8.239000002104732157e-02
9.860853586830051198e-02
1.894061538265524869e-02
5.407905810528838841e-02
3.777035219287958739e-02
4.610609106173964300e-02
5.340273190070651127e-02
4.692713836900809510e-02
3.555132297826339716e-02
4.256901896718912059e-02
5.691273187013392437e-02
3.315538677140488638e-02
3.494724043242308786e-02
5.364659138371873082e-02
2.862562861898480457e-02
3.652657140630258953e-02
2.494278916074600672e-02
4.188835145021325979e-02
6.106645478424080342e-02
3.423686694980603712e-02
5.319903863112258185e-02
6.238528034183582482e-02
5.876815912186603152e-02
1.062784732438702175e-02
6.150632629995291673e-02
5.215643759848172245e-02
9.955572847429307315e-02
1.228992654328234652e-01
1.353880685299834741e-01
1.101144652375931204e-01
4.232252126050685681e-01
1.784995699957308835e-01
6.368644171115410424e-02
1.179437600840885225e-01
1.264792902996467461e-01
7.189764884485480567e-02
6.347411635212107939e-02
9.166663285317350196e-02
6.218363632354982629e-02
4.484769144262328727e-02
9.819290871963250178e-02
4.897736910018911372e-02
8.626915859704305245e-02
6.327707941695291660e-02
8.762496449339844673e-02
8.619888986963036848e-02
9.221365802346760676e-02
7.632854882206338565e-02
5.735093202783871774e-02
1.015066161441931791e-01
4.229378405695736337e-02
8.766774973265871462e-02
6.889946755618568675e-02
7.398065376455488507e-02
6.491071109171847597e-02
6.050115223387606683e-02
4.528209269503549045e-02
6.954481263871031826e-02
7.670558856140749504e-02
9.457797166304557357e-02
7.378418137057164705e-02
9.096778154608897715e-02
6.891268389202273581e-02
5.335183162667130746e-02
7.740545961027887889e-02
7.019052299224172453e-02
6.234670756154116894e-02
6.548350014282439124e-02
8.822833692473407152e-02
6.715489990300194112e-02
7.534857625751950616e-02
7.432511802612333518e-02
4.018839798910246730e-02
6.686002185368608575e-02
6.229332645088937748e-02
5.128725949698126341e-02
5.528269840033542964e-02
8.246633183010822210e-02
9.146391634769530932e-02
4.673650363218757181e-02
7.159980094743989554e-02
5.809265275871857565e-02
7.317269125858147372e-02
2.641777556311586048e-02
8.137379426191818088e-02
5.991155490674343609e-02
5.321839918885463983e-02
7.640877825049267880e-02
7.410451002039554480e-02
4.874091319271923323e-02
3.228626898420570990e-02
1.214602817789485478e-01
9.291492680244936575e-02
1.177019058394260520e-01
1.011368881207550530e-01
9.863554614939856746e-02
8.341185279763878302e-02
4.273726863486340677e-02
1.533959886291966224e-01
8.238654143281322340e-02
9.790244195852586262e-02
1.220098277899448885e-01
1.394045376478851572e-01
4.568157422339204354e-02
7.266232535324008979e-02
4.045194849492485256e-02
8.329360948922839847e-02
9.483535949840370127e-02
8.991752395881801030e-02
8.569404919314579927e-02
3.543954707971537499e-02
6.890477377180811991e-02
1.132522263734301871e-01
8.317165377320637210e-02
4.898509404378898618e-02
8.809229310276034397e-02
1.110203790957815240e-01
3.103267797559533525e-02
1.019617005067533499e-01
6.667663261141923425e-02
7.414851744181233384e-02
5.987235227242790336e-02
4.881968752866330113e-02
8.840306802391499630e-02
4.552896376628150221e-02
7.273720634862167189e-02
8.730180777109210200e-02
1.049490609880615599e-01
1.062433248258581875e-01
1.014931127608103556e-01
9.540063073708751618e-02
8.947757092350740182e-02
1.240914746831270205e-01
1.182967217461737552e-01
4.019743771614894823e-02
1.403452157333385381e-02
7.912615664751025679e-02
6.422552220999035166e-02
8.260483250987714354e-02
1.052401950221316107e-01
5.133311350470038531e-02
6.274022216264761587e-02
6.699219362451450110e-02
1.259146113428104008e-01
1.732290152926183879e-01
1.184900833876468412e-01
7.229553989706476169e-02
4.979134269069325491e-02
1.048806437451056672e-01
1.523244297827977822e-01
1.298919982255284933e-01
7.537842360234503492e-02
6.381623719038868880e-02
4.916820316325454243e-02
1.114298304343190882e-01
8.525003076530675294e-02
9.212808765400780364e-02
7.508057622164311662e-02
1.050507474973219196e-01
9.749856983940358157e-02
1.188774106749938969e-01
8.007853716422747015e-02
7.762196272098458028e-02
1.152233697854430916e-01
6.559778656997576618e-02
8.345448644151318152e-02
1.362652168389667240e-01
1.469251092608908071e-01
1.733227256771351921e-01
9.589015734389705337e-02
1.368686533020591900e-01
2.721814023560535922e-01
2.790991986998441754e-01
1.757596255927008078e-01
2.189046178184458347e-01
4.320392758003454570e-01
5.771880659773611644e-01
5.568758627742372846e-01
7.211119638615144378e-01
1.038368428701816448e+00
1.097600051513207831e+00
8.925131930450141970e-01
7.840629813181604346e-01
8.606104669661294171e-01
6.804526202889150666e-01
2.722319322325029711e-01
2.251536498126396890e-01
4.250287245557326510e-01
5.525325610208993155e-01
8.890802508270171378e-01
9.285453151628652035e-01
4.581978815435333030e-01
2.038172081952382142e-01
5.339005928643459908e-01
6.079237746836534395e-01
1.025869939397300756e+00
1.042529180800932043e+00
4.039787706664176303e-01
5.321656727315745572e-01
3.677388829699727579e-01
6.272862452189579274e-01
9.439705627478401917e-01
3.787493303839636338e-01
3.862616848260901348e-01
4.064112089247990944e-01
6.677138605136593297e-01
8.135373086764251527e-01
7.442337235269413931e-01
1.265177275298074111e+00
1.351019667953878844e+00
4.451380764630754605e-01
9.132395039112389812e-01
1.079728625077682524e+00
4.668725915622156664e-01
8.536218355261511181e-01
9.378072294852325408e-01
1.082296447679671897e-01
8.218941524655696274e-01
5.970396850761310326e-01
9.394798524675298523e-01
1.292584845422393380e+00
4.525540421739266073e+00
3.763004435683781512e+00
3.092788399479053485e+00
3.570022220082146646e-13
2.459071325370328687e+00
3.542513081608950287e+00
3.678462584294110993e+00
3.125757582300302317e+00
2.767768642754477870e+00
1.062992053567546558e+00
1.059456050081452494e+00
4.710238978872146043e-01
2.644657096988883849e-01
7.939839807389083293e-03
1.765843931690413704e-01
2.300721234541955873e-01
1.282706299703501029e-01
2.682976305111331450e-01
3.034862277210590986e-01
2.752177205391359016e-01
5.685635809413108754e-01
3.743165328569485473e-01
6.917720945645355890e-01
8.856452975704504071e-01
9.579000928189431718e-01
9.171666100145149381e-01
1.064914458809585129e+00
1.000178696732616057e+00
8.277604791735354572e-01
8.941156291790378630e-01
7.819921001736560573e-01
9.414214670635709936e-01
7.548219952041189673e-01
4.978337113507090295e-01
6.701006911364423280e-01
6.252347375125447693e-01
5.731045371607368377e-01
6.736482063887603289e-01
4.386392599902695921e-01
2.832076670333111834e-01
4.382967295683805053e-01
4.286333388541579414e-01
3.965463743474971214e-01
4.326682312016638665e-01
2.884799812859769053e-01
4.890942522753358168e-02
3.386324737069075219e-01
4.383814589109316096e-01
2.953352708815236149e-01
2.730947753026880323e-02
2.208773570471979641e-01
3.224742424021670439e-01
1.917370162396223043e-01
1.075334105568249432e-01
1.587606890095469014e-01
1.795150131158659013e-01
1.352601918428893157e-01
1.102632993439502662e-01
1.463865368948864543e-01
1.438443167543961843e-01
1.250901849730840232e-01
1.315374849479958308e-01
1.573962648182852253e-01
1.553098251722352385e-01
1.192284081926536371e-01
8.857698198039384851e-02
1.516000386548052581e-01
1.376365579570598408e-01
1.746941584167567840e-01
1.156309022940036069e-01
6.814589569037343697e-02
1.095951661198803634e-01
7.139078161189037208e-02
1.355345575578539574e-01
1.278623974456191970e-01
1.018070917572794221e-01
1.183828942359587272e-01
1.163056124775176670e-01
1.022399597469184906e-01
5.726149584551205179e-02
5.585921790689286209e-02
8.198012448050452650e-02
1.388668724176467806e-01
7.431339390358128461e-02
6.286306310857843471e-02
9.242175867366417275e-02
8.890617825191303447e-02
8.912359396589973615e-02
8.772487595246945824e-02
1.086686946302163476e-01
9.601546613074468661e-02
1.023902240493065330e-01
8.789534929444065003e-02
1.267566720143713521e-01
1.431668110410687089e-01
9.070133814662140193e-02
8.272003324395298118e-02
6.812688014641338219e-02
1.285816083727508718e-01
1.286558522602142818e-01
8.776970349726342935e-02
9.726565303932410700e-02
9.218088248127953577e-02
1.193506508036059205e-01
7.652406657843838222e-02
8.480844678112654800e-02
7.133759669234832068e-02
5.349334114706114779e-02
7.876891924012358048e-02
9.825524246506027459e-02
7.575389042407022766e-02
7.526158963905646426e-02
6.486427213131656933e-02
4.679761377809990575e-02
6.380538113232718522e-02
1.253114572630843748e-01
5.768458656930964407e-02
9.901523818335683513e-02
8.449763922593098164e-02
5.025582150370212081e-02
3.387406077578535707e-02
3.198959680566876296e-02
1.449050345482286450e-01
7.240495590212106536e-02
6.402994711477930090e-02
1.484968080281333647e-01
8.890174338174845758e-02
1.780980032492864573e-01
1.053654601215959358e-01
5.052096156027677948e-02
3.951727054907170494e-02
1.145259209041657872e-01
6.270925036744780245e-02
8.587023226939809184e-02
8.848549530094880489e-02
5.755433912428119247e-02
3.488120536668329330e-02
7.802331827190428504e-02
8.173553624790361183e-02
8.716477794830747305e-02
1.066540513416318059e-01
1.060334049406775475e-01
7.790638178499824373e-02
1.254918688060437382e-01
5.862425363047956556e-02
6.332208896202450032e-02
1.280856212870728761e-01
5.602434752456143113e-02
1.308578751430732323e-01
6.489135470427251362e-02
4.643850763218040217e-02
4.136748787496850877e-02
4.410436432399956336e-02
2.511528964877660433e-02
5.652582267440761643e-02
6.088182122916752093e-02
1.074361029643329385e-01
8.119546815550399144e-02
3.353983265925241514e-02
7.260128949961210110e-02
5.049353319959913600e-02
1.829012022993307951e-02
5.429007336557831187e-02
7.058210995530490861e-02
4.718564551846667066e-02
1.049998382877087161e-01
5.172417288929009177e-02
8.819519554376542558e-02
8.686682653632087081e-02
6.167987675488488530e-02
3.814560765270674086e-02
5.863349823853169357e-02
8.481272360872131599e-02
8.165219150125692382e-02
4.467995122041702738e-02
9.534288785997828419e-02
1.745187241076219184e-02
3.893410740748815685e-02
1.091802096616546341e-01
3.598538682216849416e-02
4.080895708033333014e-02
6.843389186617709896e-02
1.785980957518938303e-02
6.397216013877861374e-02
5.097562898736725245e-02
7.953432758614215059e-02
5.445864490357278653e-02
6.589809832695484038e-02
5.023365580277233677e-02
5.964982257328833165e-02
6.212530246154270019e-02
3.947346433186023351e-02
1.004425923075462218e-01
4.656974603095968834e-02
6.721260604062406774e-02
6.334578794018404235e-02
4.758237413694563211e-02
7.490954120962767249e-02
8.811999178042130565e-02
4.535983899749731346e-02
5.588378065408950574e-02
3.598210202507451383e-02
2.521917285059069661e-02
5.803836708040268494e-02
1.924337189143341190e-02
5.175851781146032643e-02
5.368409176402445110e-02
7.188762087661400291e-02
6.728990296294523610e-02
3.622068649517763000e-02
4.305988299636427652e-02
7.349087215700875197e-02
6.866676157434668804e-02
6.268664959210119847e-02
8.918804572647209827e-02
7.040194563124628491e-02
7.155605924927030403e-02
4.088857975014888180e-02
8.174054633408890658e-02
5.811215135023531375e-02
4.461450417312992633e-02
4.186509387734575066e-02
2.901254865197403637e-02
4.885925781605809926e-02
1.209486426843559143e-01
6.165006495512770357e-02
3.438179054395727741e-02
6.326453727114644821e-02
5.777515842550196012e-02
7.701330362550977415e-02
5.819826111457884754e-02
4.549350445423210737e-02
3.837042091241671393e-02
1.509508862452846843e-02
9.822379452464512217e-02
8.618356075192870613e-02
6.673368891403556880e-02
4.183902185687344427e-02
8.198238619281185413e-02
5.695027682852634582e-02
9.764518494746508848e-02
6.666668494722408078e-02
3.864208142253933165e-02
7.257565550556106804e-02
7.138335510574554676e-02
5.014770112588094048e-02
6.835563083666776341e-02
7.557355251980529820e-02
4.686242341456783173e-02
5.890024419428792346e-02
5.407149516471976974e-02
5.291384155856613397e-02
3.746752369157865109e-02
9.381307845277668533e-02
3.601718748649699459e-02
9.036564630491664141e-02
7.095981310881926962e-02
7.365598795539567145e-02
6.259962797507408194e-02
