4.650449668643937273e-01
4.903596264449278097e-01
4.930343854282170923e-01
4.812275835184673944e-01
5.111256879460764901e-01
5.048006638735859086e-01
4.688609780074601274e-01
5.034552824216675937e-01
5.142356555101050830e-01
4.889000891333423748e-01
5.061932786381465599e-01
4.840466431135571623e-01
5.060637680431313568e-01
4.968969128865443619e-01
5.240659682605469660e-01
4.946002423216383503e-01
5.136679049382653073e-01
5.017189079599959634e-01
4.906481344643264797e-01
5.009374744517088862e-01
4.830255593498152256e-01
5.139742148677742817e-01
5.068083738998293564e-01
5.225663823993437207e-01
4.790707230068045330e-01
5.064626066489368306e-01
4.901109864556684736e-01
4.929850960424221329e-01
4.829451162047049273e-01
5.363855877551970686e-01
5.112510169599356891e-01
4.988970001703359469e-01
5.079446616202704101e-01
4.913563370158905985e-01
5.204220712112236358e-01
5.034122888162135823e-01
4.894765381462412579e-01
5.382165692997822326e-01
4.999196244265491917e-01
4.988912671123849618e-01
5.088026888956611593e-01
5.144363840068874039e-01
5.022602941548136579e-01
5.430057456035513042e-01
5.155486683256454983e-01
5.131183218188857253e-01
5.057393477073991450e-01
5.212547787241854635e-01
4.962141134359490113e-01
5.354299526100662066e-01
5.250269880670664913e-01
5.254531608495082162e-01
5.312647423891998510e-01
5.476339720719564097e-01
5.074572759200290939e-01
5.433082424352767559e-01
5.211641807570002172e-01
5.211438937769289348e-01
5.528380680093969435e-01
5.389046903105492170e-01
5.403439673191257064e-01
5.410709416475049105e-01
5.232718385508824399e-01
5.450295835050579241e-01
5.606505121388331014e-01
5.732185284243376255e-01
5.517338276140537623e-01
5.510651860640710664e-01
5.757246157240032414e-01
5.419839013492893098e-01
5.611978182980809082e-01
5.498997580482737346e-01
5.576253671039872462e-01
5.605526834398094627e-01
5.661619699582163268e-01
5.688904065465548721e-01
5.473256742601796399e-01
5.760501339158988765e-01
5.669361738389600003e-01
5.600631566101070824e-01
5.700218932803199356e-01
5.835585984751464617e-01
5.636853093505493906e-01
5.875724170452623074e-01
5.722617812965254958e-01
6.031105882114168315e-01
5.923713479000395354e-01
6.081726970387721920e-01
6.044229717258366996e-01
5.952572285553697773e-01
5.689181573050887675e-01
5.805368607705305717e-01
6.001557842064370041e-01
6.073671646735883112e-01
5.946413979414546525e-01
6.096027688529815913e-01
5.927878577718115327e-01
6.104062243932102394e-01
6.085000862402920596e-01
6.113312646131098260e-01
6.344766470658355084e-01
6.386343881071243622e-01
6.263747488538575769e-01
6.187654704296223773e-01
6.304656764261932222e-01
6.335010762338390000e-01
6.288771454487823709e-01
6.448762742905814749e-01
6.317765919835002242e-01
6.495494294887979025e-01
6.420878904488275252e-01
6.638221127784197373e-01
6.447051997169001014e-01
6.685827561516612949e-01
6.817769196759566608e-01
6.821913726273935996e-01
6.755761230652588267e-01
6.667558388173010497e-01
6.874683756607100626e-01
7.035313677770026475e-01
6.693767292325855101e-01
6.968136197109309204e-01
6.900701640493336342e-01
6.958037201678597405e-01
6.931206368532265572e-01
6.643885358279427722e-01
6.964090065488208747e-01
7.242998042309080065e-01
7.005780856993870653e-01
6.938139463247393612e-01
6.865258359912411734e-01
7.399280018267331283e-01
7.286141407718149665e-01
7.155055961259280117e-01
7.572628299769555982e-01
7.338717325186807638e-01
7.413973388880714666e-01
7.705967102702100391e-01
7.718602843778709088e-01
7.753497147993922978e-01
7.402532058895051614e-01
7.580956813457568888e-01
7.027145772192817663e-01
7.903870560621933938e-01
7.995605976510860025e-01
7.969859989198291306e-01
8.199452769953746722e-01
8.474643943940195490e-01
7.993519199183064528e-01
8.287337521435840237e-01
8.559913829950834829e-01
8.395086992498859146e-01
8.423082074790236851e-01
8.519928580280969888e-01
8.471394281849095043e-01
8.643936875764115513e-01
8.692123408076745106e-01
8.888444732642639678e-01
8.949172848063344787e-01
8.927728793353386649e-01
9.096962715844583158e-01
9.137018036784707586e-01
9.132615221276308981e-01
9.207531110225926074e-01
9.376234905467184522e-01
9.888753605683298087e-01
9.622304808192363446e-01
9.837438612982581931e-01
1.001955166182083357e+00
9.882890006276756623e-01
1.013427436119095582e+00
9.919771988274452834e-01
1.009473832065362231e+00
1.045439206917909036e+00
1.011401421897904607e+00
1.007127232670624206e+00
1.075301866757218283e+00
1.079549300200749240e+00
1.072510510444599108e+00
1.109709016578180218e+00
1.123860458201176415e+00
1.132015023614914906e+00
1.109057951161732669e+00
1.133918518742765835e+00
1.140002791595247755e+00
1.191124715861390904e+00
1.190294185999256182e+00
1.183482479116327202e+00
1.238375066398354374e+00
1.232781650679268592e+00
1.273147544200480041e+00
1.274578679870006059e+00
1.307397407671165190e+00
1.297193832389503587e+00
1.346399195374081925e+00
1.374342456057295658e+00
1.385992667223087782e+00
1.450385086483811481e+00
1.415228059220323464e+00
1.595507342269326445e+00
1.452823604699381210e+00
1.519759945271824453e+00
1.495828253630823390e+00
1.556313093216073140e+00
1.569364519628687837e+00
1.624887098009293762e+00
1.662209987621205975e+00
1.673726698407746571e+00
1.715664578606625801e+00
1.741784817006637676e+00
1.805647666644122351e+00
1.822565671786630093e+00
1.889402898270442721e+00
1.925499867826343525e+00
1.966911357633761792e+00
2.014519341752845971e+00
2.019848515273355183e+00
2.102228714398953979e+00
2.161915427667651546e+00
2.241265767264081887e+00
2.240989020252511565e+00
2.337027562384167201e+00
2.417198118341877588e+00
2.454974959218788388e+00
2.540834407655123695e+00
2.594479975944658179e+00
2.694978056870553917e+00
2.792897923297650742e+00
2.893389572796113640e+00
3.017997115786975826e+00
3.123105543773707637e+00
3.274157123271323133e+00
3.383807951532463498e+00
3.509773587858043165e+00
3.632997163013137687e+00
3.842237686745918701e+00
4.030502940877563667e+00
4.249484489282853161e+00
4.455935260304372036e+00
4.693618473952699155e+00
5.019291159205349295e+00
5.377408118235774914e+00
5.683331234872309068e+00
6.159290658155894604e+00
6.672894441203176541e+00
7.780284285569685210e+00
8.238436415514946987e+00
8.420857741995877888e+00
1.086003946967067435e+01
1.148430389808680374e+01
1.222839820950142453e+01
1.462135519414671769e+01
2.146437866055109467e+01
2.359637072506423294e+01
4.380197048852387098e+01
1.209096382011489510e+02
3.796554991294971632e-13
1.545633499337914145e+02
2.934682966396324488e+01
2.449207879900029283e+01
2.245550932579271830e+01
1.546733246452644828e+01
1.380206961110542174e+01
1.223356944366391730e+01
1.112355564438405153e+01
8.738036819528707255e+00
8.794059955823128050e+00
7.587479045311320114e+00
6.324155389311093778e+00
6.183522054926585909e+00
5.634919043983809495e+00
5.320999669213086314e+00
5.040741873128591344e+00
4.768516330710854234e+00
4.492392053656026896e+00
4.248140364157992011e+00
4.058832460760508631e+00
3.831480963180257771e+00
3.628098841775380112e+00
3.521091316965004658e+00
3.350652180340292219e+00
3.220894282017860988e+00
3.092886179143974790e+00
2.983562260608090266e+00
2.867353942632237196e+00
2.794947458205480295e+00
2.681663927011471937e+00
2.604923948077289442e+00
2.544884718719221617e+00
2.430575021011138315e+00
2.359936578790524653e+00
2.317097486361723746e+00
2.249787668626324955e+00
2.182691606795668982e+00
2.128643456844725890e+00
2.049320995886113828e+00
2.018943951345596677e+00
1.968219070830778739e+00
1.924090793574860569e+00
1.892884948134956780e+00
1.821453581138571920e+00
1.781712238265478643e+00
1.777876708700984576e+00
1.718817838724278735e+00
1.684079639566608666e+00
1.645332161974832230e+00
1.620680902188130545e+00
1.609362107866312064e+00
1.563469727430212064e+00
1.557667520311297960e+00
1.511656982685059658e+00
1.469497765093555008e+00
1.477195190272614589e+00
1.357932516609400730e+00
1.418817151785346065e+00
1.366766536652018749e+00
1.348734467568581952e+00
1.325705157353679109e+00
1.305059308800692319e+00
1.272654396663585041e+00
1.297116618020038636e+00
1.235073601704847368e+00
1.267298389941506231e+00
1.209323411631446854e+00
1.202362531808087942e+00
1.166275020214742053e+00
1.173798568333950243e+00
1.139845313595099441e+00
1.181601235595637345e+00
1.098631120604696809e+00
1.139966481511905272e+00
1.094925971299953282e+00
1.084808739177046011e+00
1.083143462027031489e+00
1.086220452270654668e+00
1.039772208366009476e+00
1.024621070277112134e+00
1.016852718227950314e+00
1.008897135223653097e+00
9.895467790899833416e-01
9.665232463900178539e-01
9.566576627972513958e-01
9.791086611305129805e-01
9.557536790500225088e-01
9.433567508320268580e-01
9.415251846479208986e-01
9.337730528229306604e-01
8.805396570536824230e-01
9.239923777882645961e-01
8.626801353353518165e-01
9.125307099868775751e-01
8.960506390636048257e-01
8.823645364510754874e-01
8.802224048795659339e-01
8.533719920387858870e-01
8.709938684287457100e-01
8.297553445227142666e-01
8.318672652472772766e-01
8.120683903712900831e-01
8.431111336800382050e-01
8.112447483676956672e-01
8.167010589166115997e-01
7.865034631563661005e-01
7.789729449753375334e-01
7.799700639219746545e-01
7.908433422797329637e-01
7.824594907399821109e-01
7.968959735082972173e-01
7.861579725446929956e-01
7.471865174173200064e-01
7.782223762214396379e-01
7.418905035659514313e-01
7.732201220776675488e-01
7.780126877892334925e-01
7.199091234053598409e-01
7.618772488687992617e-01
7.202325037336360092e-01
7.282954509270807009e-01
7.146137339476109629e-01
7.082428143775647555e-01
7.038113169392843371e-01
7.134534329957639143e-01
7.037499586653666039e-01
6.684884785646260097e-01
6.643012317583019133e-01
6.667395911085147731e-01
6.671117288610484142e-01
6.701338218543819725e-01
6.935633228784806592e-01
6.516933571823847471e-01
6.623771104149638322e-01
6.786680859215337147e-01
6.538140816813332590e-01
6.493696771939591050e-01
6.651839213114603133e-01
6.510244307859004431e-01
6.425763762558227565e-01
6.205283127583484104e-01
6.239055397892573351e-01
6.215674472830710062e-01
6.292111522485940300e-01
6.301965508999108900e-01
6.338422900900306800e-01
6.276065265955546035e-01
6.429865414959855530e-01
5.778716317685437254e-01
6.328992459570041973e-01
6.069871482984640076e-01
6.102175827139815212e-01
5.775113765021643308e-01
5.997138558531903696e-01
6.010085407909953048e-01
6.010184401289215828e-01
6.005643169447097973e-01
5.874794623081185385e-01
5.708148183006200860e-01
5.890513564176397265e-01
5.866653184113200803e-01
5.793777681164425930e-01
5.720661473377083306e-01
5.612588012582720998e-01
6.040441674418535190e-01
5.741268863879928075e-01
5.569501785555678319e-01
5.770178547355412357e-01
5.853334972126906788e-01
5.949272590542435957e-01
5.652695174871019690e-01
5.704720203131758982e-01
5.579394723556441171e-01
5.558034605472554901e-01
5.509670152865731030e-01
5.200538219076490387e-01
5.547492470156127897e-01
5.755969929366523408e-01
5.554742564288326356e-01
5.842720614230840770e-01
5.508575371492462347e-01
5.528876068408986599e-01
5.307391896488072858e-01
5.365273639452056154e-01
5.277114450915735278e-01
5.158571626431143198e-01
5.354945419205532353e-01
5.287207475077624341e-01
5.346543943843546920e-01
5.416214842049149603e-01
5.234178378067627646e-01
5.309796170272468308e-01
5.243243061121829474e-01
5.223614739366604365e-01
5.494388875642470804e-01
5.174780989569263134e-01
5.065783570140602876e-01
5.291544018136657979e-01
5.074608349872102853e-01
5.304924039843347261e-01
5.419159340826577020e-01
5.108717568870287939e-01
5.387851596824374534e-01
5.272103188700346665e-01
4.895020710751084581e-01
5.212028840109987904e-01
5.109914736665559509e-01
4.920350469647263858e-01
5.319090186110180252e-01
4.943327339896504413e-01
5.517882598572662056e-01
5.178887672481772286e-01
5.439882146804732033e-01
5.252122656260022060e-01
5.149053508551943992e-01
5.037370758585407726e-01
4.785739015442811439e-01
4.997093840247152641e-01
5.274682110404793622e-01
4.875909607309622529e-01
5.029966437774291421e-01
4.974602493697199423e-01
5.186975919207230667e-01
5.104810417699011671e-01
5.131314228377681363e-01
5.048114833612633578e-01
5.135112710052706086e-01
4.867826872351903034e-01
5.144410354259204565e-01
4.791308581091125451e-01
5.044499238927591112e-01
4.925277840933493523e-01
4.903126152016483719e-01
4.921433438004915728e-01
4.895599867370356018e-01
5.209388897844403621e-01
4.911522698997385361e-01
4.958138765964324457e-01
5.087159603670493579e-01
5.187043849469125112e-01
5.096699462329874475e-01
4.900286834197465358e-01
5.101597226046334921e-01
5.005530383537013517e-01
5.148370323905570034e-01
5.243737265388676017e-01
5.455926190308935109e-01
4.959163252406378342e-01
5.074694093173091058e-01
4.829599478546034441e-01
4.686327421125873749e-01
5.246999003710914877e-01
4.854383994007452907e-01
4.860684591735838223e-01
5.124354327983796642e-01
