2.274433548321742327e-01
7.719194310285773519e-02
1.933830764306077310e-01
1.477884695451802399e-01
1.840178775928800747e-01
1.099768425396761007e-01
2.656532577644333815e-01
4.730228103878875850e-02
2.809382819487397098e-01
1.414225431119672249e-01
2.354569436275842087e-01
2.573925452471628739e-01
1.474650448649468537e-01
3.815873561454554141e-01
1.409421738864867490e-01
3.138227537606622097e-01
7.880952001726027056e-02
2.456422315733965689e-01
2.843303460756842205e-02
3.219203211741733517e-01
1.300606955671157472e-01
3.011830048863100573e-01
2.307974693102501362e-01
2.941191027779279099e-01
1.756799688813086291e-01
2.696397710392272051e-01
1.134440942235975802e-01
2.559524240064243727e-01
1.611074097398938754e-01
2.368066595057740087e-01
2.412669616021491659e-01
1.869917290015210010e-01
3.667445813814597111e-01
1.512879769674145003e-01
4.111861974851261925e-01
3.243802118742929869e-02
3.519713801796759411e-01
4.693060973166050809e-02
2.874699344080345331e-01
1.603758367616019698e-01
1.741600853628817447e-01
2.405669529547563301e-01
1.464002627585993255e-01
2.530931768995945408e-01
2.434936787913299094e-01
1.792652707624620423e-01
3.487763160158660614e-01
1.269393460383903549e-01
4.129340455255169906e-01
5.521665456313099019e-02
4.309456927353271238e-01
1.464785997779368965e-01
3.703246402278277394e-01
2.024173160676901728e-01
4.141668140492851813e-01
3.743919172456151578e-01
2.375905979983643779e-01
3.805259206473486921e-01
5.176496302736473265e-02
2.857406360478769725e-01
1.808357858558758968e-01
2.608884175259119642e-01
4.414516094606982799e-01
2.768680857118213656e-01
5.630099574434258569e-01
3.034079172520630641e-01
4.640802350207481330e-01
1.393164108199042850e-01
4.633581825245688401e-01
1.376043495525631488e-01
7.760697455550613633e-01
3.247847808896091037e-01
1.005787489814712998e+00
7.299300148505142305e-01
1.174090163585391089e+00
1.351112614685511026e+00
1.346215629345220322e+00
1.629312443737662042e+00
1.486636614401314560e+00
1.940915567037900358e+00
1.589614454029424806e+00
2.280534984499552387e+00
1.531493440987619081e+00
2.296153649155189935e+00
9.701052666090915766e-01
1.641391553654496738e+00
8.940539757981673663e-01
9.670129207852602438e-01
1.817961298555160532e+00
1.325133545027613824e+00
2.821903602538102351e+00
2.052635277232489841e+00
3.234548510934271537e+00
3.073133267870974183e+00
2.989784671081875178e+00
3.677996256340654302e+00
2.949091621775207450e+00
3.051117475346092789e+00
2.716135997655716228e+00
2.280687798039609859e+00
1.929675004520013282e+00
2.029090778541933648e+00
2.203552629040597122e+00
1.629416643081715188e+00
2.008725347118178295e+00
1.725247933953335089e+00
8.069670464057647763e-01
1.835000039116031489e+00
9.404667511399228408e-01
1.677068347018011885e+00
1.510187341232427150e+00
1.254017272411539041e+00
2.204447041087121306e+00
1.947852154985890039e+00
2.667671551990550061e+00
2.456548715401490224e+00
2.400216745285036257e+00
1.327856326068939552e+00
2.925968491432600960e+00
5.937136189967082700e-01
1.835511235099049232e+00
7.579725013859845983e-01
7.919579667575413762e-01
1.687871036821869231e+00
2.372628019412424294e+00
1.749402861250115571e+00
4.125701994542144924e+00
4.094236635385187562e+00
5.631389900844431473e+00
5.681359651155410972e+00
4.907067651092714478e+00
5.214503265516619912e+00
3.988557968592121306e+00
3.917924517058350986e+00
2.363881970831551271e+00
1.589110005140887960e+00
3.581998339732401337e+00
3.991852035919621677e+00
4.275435537281926379e+00
6.140168285826523409e+00
4.335641854796621786e+00
5.064030865395152681e+00
4.253514956429059524e+00
2.633373465939816693e+00
2.741433413868899382e+00
3.835010047292040092e+00
3.038545442288290488e+00
3.584763114457863331e+00
3.752765363327559278e+00
4.134307009199613248e+00
4.524407331257567222e+00
6.172898965779444858e+00
6.063464593356690635e+00
5.859580242116198434e+00
5.260194038849038023e+00
4.715610536838062750e+00
4.522362856352334148e+00
4.910855632840828378e+00
2.995868387224708496e+00
2.477822522441489816e+00
1.360483507661504721e+00
1.802483079125267951e+00
1.186876016530603817e+00
2.272129272834189972e+00
1.134883492110809744e+00
2.191791362014628319e+00
3.361673146587825123e+00
4.664059961887535799e+00
4.658728381934855278e+00
5.533615702624953059e+00
4.061550323474489410e+00
3.934941101747881032e+00
4.335554826592859179e+00
5.375102478546667228e+00
5.081958780663136110e+00
5.310103521610015420e+00
5.113962494716459695e+00
4.494941193335296070e+00
6.014848032318504956e+00
6.076035732935124223e+00
4.430309633177012429e+00
5.800480656482316810e+00
6.236686478320749849e+00
4.302765041469482021e+00
5.390697476594922932e+00
5.410425867450073589e+00
4.442722892378033528e+00
5.820514610539742506e+00
4.648983303631573527e+00
4.252679753382364147e+00
4.832726674035969339e+00
3.133171284346573326e+00
4.454475449475417292e+00
4.270262126789646118e+00
4.037033350215327943e+00
3.908636157745108530e+00
3.428574078142856862e+00
5.475654949343280009e+00
5.331626253521980274e+00
6.924986430048761576e+00
7.507703778731325883e+00
8.502010571248771242e+00
8.855408712160070195e+00
8.076468599088153510e+00
9.096845776512173742e+00
9.065502102798763673e+00
9.783760637135001659e+00
9.114053258644029043e+00
9.229993050677990141e+00
9.162749097960789513e+00
8.117059988446364116e+00
7.898148203915770438e+00
7.340675206958917620e+00
7.644961524794009478e+00
6.702061546492714683e+00
6.872788442946424325e+00
6.624707955582161745e+00
6.864768246853781619e+00
6.187262948383599692e+00
6.854987289007443252e+00
6.776511337402729040e+00
6.685445475896739431e+00
6.728931555640703444e+00
7.364482549398502442e+00
7.087534722310035562e+00
7.252786477347958893e+00
7.448379052048217375e+00
7.740299919986987298e+00
7.258246368584575059e+00
7.702813817285568021e+00
7.619453112676463746e+00
7.732314419738218092e+00
7.514088202433420349e+00
8.191466448283438950e+00
7.708027219662979768e+00
8.039046531585270827e+00
8.082404193589930230e+00
8.594186399261351639e+00
8.142773398383541306e+00
8.865727787950792305e+00
8.658885507673355519e+00
8.865157537012487765e+00
8.849522034111652502e+00
9.235438212380781664e+00
8.916184728903060019e+00
8.850963349684134229e+00
9.571655398918938573e+00
9.053714832145130842e+00
9.228808992221333440e+00
9.277747478394141822e+00
9.228825682894390425e+00
9.550059717384998592e+00
9.797244600851257701e+00
8.785527651695819173e+00
9.757730748233749196e+00
1.022471914797685244e+01
1.816597653215781860e-14
1.027607932800144752e+01
9.259317787010791889e+00
9.725663400839819062e+00
9.265135847266865454e+00
9.587753281598592636e+00
9.374404518255003538e+00
8.808366988317629875e+00
8.694235972564738901e+00
8.912157594000197136e+00
8.499858860682138584e+00
8.046697482314820959e+00
8.212878175643473000e+00
7.590205703253939618e+00
7.179080686652953958e+00
7.418287110117843142e+00
6.521566598092325862e+00
6.512162992732985600e+00
6.243672684084714319e+00
5.615392301316049384e+00
5.718491127208566560e+00
5.362173396365831124e+00
5.423012777618854585e+00
5.346373810346562117e+00
5.391820335772432138e+00
5.931923946461316710e+00
6.186831274720955953e+00
6.894444065144477385e+00
7.429055426959719100e+00
7.941858379492159337e+00
8.614091935687637758e+00
8.928167359486142374e+00
9.137705610344685425e+00
9.286534025468586862e+00
8.745065301449981732e+00
8.473324259721215057e+00
7.961825673335737541e+00
6.952407283718399000e+00
6.881544010215537632e+00
6.388815296668637345e+00
6.648902776706251849e+00
7.552125857715958013e+00
8.480162167840052945e+00
9.095717163534041916e+00
9.572352650258919127e+00
9.521819770811999817e+00
8.370799762187633775e+00
7.089231853339829748e+00
5.538847027473556395e+00
4.874012044794328702e+00
6.652685224601808223e+00
8.493728230849978189e+00
9.114635904234066999e+00
8.957970611317257692e+00
7.875872338072148260e+00
4.944326690870101793e+00
4.145680783252054802e+00
5.350220176071265321e+00
6.500165306236794116e+00
7.214324960993475422e+00
6.834601726900640273e+00
6.228640016088106357e+00
4.343357677419525942e+00
3.965325290729685648e+00
4.194013575462896881e+00
4.580023642838253473e+00
5.901680181594450403e+00
5.698831930843858196e+00
4.318063377563099436e+00
2.056848218594578448e+00
3.644124734093624252e+00
5.763325459605238343e+00
5.181119599423211319e+00
2.771332006256819636e+00
1.575290707841252136e+00
4.659365988180837803e+00
5.261962582314824388e+00
3.893927880544684417e+00
1.442429454480001594e+00
3.020470295104747738e+00
4.820903072071848428e+00
3.783306091704371710e+00
1.690261143386838416e+00
3.015638784955728013e+00
5.240981304011911313e+00
3.091897764504667911e+00
1.631600438540452558e+00
2.905078583721632857e+00
5.765985734375773220e+00
2.365445612236389383e+00
1.501528585384791059e+00
3.484403549421142277e+00
4.409696477756410715e+00
1.802118292037804936e+00
1.531490946545915888e+00
2.430122493385959093e+00
3.047009548439365556e+00
2.454877991835498818e+00
1.705271887398046804e+00
1.258745380094040689e+00
2.936941907233489690e+00
1.656766784224251499e+00
2.562163513971722484e+00
2.315698970002568746e+00
2.674954741944671532e+00
1.852987713851349971e+00
2.985988052980226737e+00
8.006759931182251266e-01
1.823353116626182713e+00
1.228125908900858043e+00
2.945045466709470983e+00
7.813753116897476092e-01
2.450668477607049756e+00
2.648068008958515129e+00
1.694319683915178398e+00
2.727281601227397712e+00
5.228330339293957074e+00
4.366777969116922287e-01
3.772596500765525107e+00
1.688651812499199156e+00
6.926614696569964869e-01
2.333034355285267925e+00
1.889851390211573667e+00
2.353188961145951108e+00
3.518485896190096884e+00
2.036848601799602587e+00
3.853195295798238718e+00
1.881021936534672090e+00
3.475507191335877266e+00
3.468890890787142300e+00
1.708165230650457111e+00
3.523409237580836795e+00
2.154960824787058193e+00
1.916342543801406340e+00
2.024118602227238828e+00
1.665518140497860955e+00
1.726671687958169166e+00
3.413752750805234104e+00
2.182644858901065632e+00
4.134272284990476720e+00
3.598580968532520075e+00
3.530369150484832463e+00
2.944037247205117946e+00
3.033757283493974999e+00
1.687113238876704502e+00
2.361089666275056231e+00
1.364584548020718602e+00
7.034894134951541478e-01
1.879610948579949925e+00
1.951000169635713988e+00
3.950035572426422004e+00
4.238290201461046180e+00
4.671102667131317610e+00
5.237437965756834402e+00
4.885195919130833175e+00
4.932981197501737469e+00
5.378864605534115384e+00
5.770970753434023770e+00
6.716471905396402597e+00
7.478158119574166207e+00
8.341670604075659412e+00
8.027506841273682525e+00
8.301952542059613194e+00
7.728004746961955718e+00
7.068177155089278685e+00
6.982286696837164186e+00
5.563885465788448670e+00
5.327707555489072710e+00
3.761066011103369799e+00
3.198716705752106204e+00
2.597626889263285666e+00
2.555303786095530327e+00
3.571622020203811143e+00
3.416432244828553788e+00
4.211869765686991229e+00
3.903847440137509839e+00
4.033334443778904266e+00
3.431295988213853398e+00
3.386783121291478071e+00
2.785217218623139424e+00
2.911512559090894570e+00
2.464036684843064151e+00
2.271616885173036504e+00
2.036454046227542669e+00
1.332986638438589111e+00
1.255341153092595752e+00
5.943805920752797123e-01
7.009453462442505334e-01
2.903130502080243924e-01
6.915676569384863193e-01
2.843544014092960759e-01
6.424228228775119565e-01
1.587435688670880696e-01
5.161642563021741070e-01
9.231462891428109108e-02
2.700211590704288400e-01
1.672412628461596162e-01
6.790827425386669614e-02
2.958807970622140959e-01
8.072668118305682816e-02
3.980885528336619572e-01
2.590978842451371889e-01
2.726401079782732051e-01
4.014530010399159354e-01
6.942411134175605070e-02
3.663118842974046330e-01
1.476479892524655280e-01
3.966611115039557212e-01
2.254584844349867279e-01
3.289283007750318233e-01
1.365524704969145742e-01
2.543475304281452853e-01
2.384634582808872749e-01
1.320026864446296744e-01
2.382009420444224923e-01
1.037673266755121254e-01
2.500092145298745128e-01
2.169695186056674607e-01
9.947020977415151066e-02
3.604943709281503983e-01
6.458879143886316065e-02
4.410327473602581594e-01
1.282497811052215331e-01
4.123859422754679316e-01
1.976670826071786902e-01
2.267474893657764057e-01
2.409426473426971860e-01
1.769407123203340648e-01
2.813086683807212718e-01
1.325057260233321599e-01
3.564239681994125775e-01
1.419530753899816977e-01
3.752614688698059364e-01
1.012006617891818422e-01
2.343273661170973132e-01
1.036885282098753969e-01
2.720471474979399007e-01
9.702156770692099697e-02
2.948316405262007001e-01
9.244112191894058445e-03
3.488373624954094754e-01
1.051596130593178552e-01
3.498217239887586594e-01
1.218307115064707902e-01
2.434707563313373846e-01
1.890867696677640264e-01
1.211501317519419196e-01
2.546859826519693448e-01
9.608633104667625713e-02
3.016311486850233869e-01
4.659604340304074332e-02
2.164748561698587315e-01
1.149275378512430584e-01
1.548378125852279130e-01
1.850342175115267107e-01
1.153411858156093428e-01
