4.411362789800782336e-02
2.047723425877072401e-02
4.581045020295097109e-02
4.338385355866770238e-02
7.155788944703010690e-02
6.689346414718051748e-02
4.463997670151330366e-02
6.658929133620526686e-02
3.996378868552669800e-02
4.783493542270982751e-02
9.397630276221928536e-02
6.693002003986420201e-02
3.610247624367050878e-02
8.289146316996712227e-02
3.074412605596187412e-02
5.175905560954106172e-02
5.149879940812332468e-02
4.360230065644812858e-02
7.337197765529804294e-02
6.376813096981946705e-02
4.490327422187395667e-02
6.027472599893234084e-02
2.894435142667000152e-02
2.991124669305612188e-02
5.274195481802479435e-02
8.238305273584092467e-03
3.834534541742676272e-02
3.947740119033629758e-02
4.055492268015280233e-02
8.636509870351534446e-03
2.757404943245663972e-02
2.356737517402059806e-02
3.312583738082956059e-02
2.542875557567461642e-02
2.351599536801505380e-02
4.508064927134321220e-02
4.686256647867851483e-02
4.952225748075044648e-02
2.933110842373654395e-02
3.186164269559646489e-02
5.200101016509829643e-02
3.999491904891942090e-02
3.543818632797400558e-02
5.500990254622228209e-02
3.458254459347491483e-02
1.439786150287129460e-02
3.206217799529253315e-02
5.957996633589831420e-02
4.293676485762406431e-02
5.119500473243925737e-02
2.977821213733497507e-02
5.602561081194553511e-02
5.236624378754821396e-02
6.227280488634603928e-02
2.933835507537853673e-02
7.744963593832684956e-02
2.116414541626248161e-02
6.087174370918196215e-02
1.065367364862175176e-01
5.161376471095929785e-02
1.404339778451767773e-01
3.166511517303232104e-01
2.116470138234027576e-01
2.556022134402815005e-01
6.337674392064962525e-02
6.183487430360653375e-02
1.236482814589764112e-01
8.682899958052625600e-02
8.743655926374484244e-02
1.309003529460689708e-01
1.008428946065871717e-01
5.685891757771595334e-02
6.636740384512275492e-02
8.339811745144212751e-02
8.495469499495443555e-02
4.383740898163800137e-02
5.849380705256439911e-02
4.084674090040441713e-02
5.910363766835369931e-02
4.451105896282333413e-02
7.884883579914617191e-02
5.976987376221958720e-02
6.088378259807357418e-02
1.691046178506213152e-02
4.759531449246837825e-02
1.263647110202296420e-01
5.892720792023503629e-02
4.052446432219796585e-02
6.139841448785614275e-02
2.064685838635972256e-02
3.674348410935147219e-02
4.688557909008501251e-02
3.265565983155183094e-02
4.776719971515772101e-02
6.243803682853104470e-02
3.734325643945898832e-02
7.398947477088553548e-02
5.974841942496251362e-02
5.174960577449137095e-02
5.856574190780602235e-02
4.332628934868791581e-02
4.584326408825278171e-02
7.357037414237130313e-02
5.441902658948955668e-02
3.553424334780021926e-02
3.282883481031485112e-02
6.895731569303582831e-02
5.368804950287259931e-02
6.661352166532109875e-02
4.934553648337769438e-02
1.667651502229427485e-01
6.240727569514540468e-02
3.363957595715055815e-02
7.409411343015166740e-02
9.482196481022747703e-02
6.284037268374348395e-02
2.636314224792703914e-02
5.406450521466632519e-02
3.507401612445881778e-02
2.865191125655945636e-02
5.360811351470724101e-02
6.874318469056131531e-03
4.997836539786035259e-02
2.131061864348872403e-02
3.833889484739335524e-02
1.368912864154138952e-02
7.692592933591040072e-02
4.073951004866349646e-02
4.515152373045051154e-02
7.709971813327064216e-02
4.325878848147721861e-02
2.213419459126026237e-02
2.038791614617420367e-01
1.489340045724493744e-01
1.264146830896452078e-01
1.236780970593172185e-01
3.971711146064490355e-02
1.177303359101857377e-01
3.907129925256184327e-02
2.490157269833110157e-02
6.301799968338894775e-02
3.453389101082375567e-02
5.330654532328867046e-02
3.656280773789753746e-02
6.467560155536235256e-02
1.009854391821693592e-01
6.006885005098400870e-02
3.412276816812737090e-02
2.777857621939998009e-02
7.032452534775339437e-02
7.077138892055044594e-02
4.136747981236185007e-02
7.343854174043321081e-02
5.758531245631967610e-02
4.892337212575215144e-02
6.048035276443797237e-02
3.811093629400004457e-02
5.768539689165171763e-02
2.328145471293672011e-02
8.086033289446636907e-02
7.328951253434533297e-02
5.585269065075641748e-02
1.028445148538085357e-01
7.019820977955011643e-02
7.524822164812014491e-02
7.940867190170015910e-02
7.709684682816175805e-02
4.761830115831828386e-02
4.479946845776038716e-02
3.832905198556296050e-02
6.304782990439378176e-02
2.451034195412712252e-02
4.684107100213604630e-02
6.875671324934366779e-02
4.150560593264647491e-02
7.611232729939830521e-02
6.849717785697338746e-02
7.298083641913367947e-02
6.301738639054225988e-02
8.174301662936915569e-02
5.076672696178713418e-02
8.849831886263354042e-02
5.283302968846385894e-02
9.163216249879169162e-02
5.899521270133564060e-02
7.247259849881351745e-02
3.849091753886737383e-02
2.571591738373540242e-02
7.495251725665284803e-02
6.492093692737671562e-02
6.189113968993870812e-02
6.935579240398023759e-02
5.747856585779789751e-02
6.310193254480983560e-02
2.748666309025240770e-02
9.130913570396566314e-02
7.952136636893820942e-02
4.691306039473436967e-02
9.227767165736029675e-02
7.706572661428245929e-02
4.891632568804782366e-02
6.899919411919955281e-02
7.195350739553946218e-02
1.035438801156531030e-01
2.909448555563672392e-02
9.642271161536669632e-02
5.890672673619168354e-02
1.002840474212137317e-01
5.494909512852886452e-02
7.296598760377712156e-02
7.057992090101984639e-02
4.802980274609849193e-02
5.777196215859863038e-02
6.020923250546660749e-02
5.511889897757948908e-02
6.999631423567016786e-02
3.791308361541064625e-02
4.908364798666080275e-02
7.809423530718974382e-02
9.816997366007054748e-02
6.868472668618992583e-02
6.062494825497114631e-02
8.280649918298779721e-02
7.947833518222857663e-02
5.358154134867466195e-02
4.106559875508748042e-02
3.324405142064929680e-02
4.049956224570083752e-02
3.772146839464392276e-02
6.522134711673924223e-02
3.543327728038728891e-02
4.873128555573744830e-02
7.496479787257977201e-02
6.178297313174756916e-02
7.469310555269488561e-02
9.180507675987373273e-02
1.161629798021959481e-01
9.580704698780080630e-02
1.859008119638826395e-01
2.878512408437748915e-01
2.059956180040987961e-01
3.363405224325789478e-01
5.259322752778147203e-01
5.062708246980172078e-01
5.366890183265334846e-01
6.277066716806554147e-01
7.888330766916570314e-01
7.426771025579602670e-01
8.076152944699898084e-01
5.495882392806350492e-01
9.242291402122180255e-01
1.047549044847783994e+00
1.329920341571815934e+00
1.818338787338124707e+00
2.104016183393512041e+00
1.529613556939913632e+00
1.393118893321033689e-13
3.582133587818675746e+00
1.912026777494993279e+00
8.660822217975610027e-01
3.187282155776167691e+00
3.206917683825694088e+00
3.946513041852159009e+00
5.369270846942336028e+00
5.267050458206811392e+00
1.807650927391888152e+00
1.877333033269612095e+00
1.679326407959009337e+00
8.542091493255914436e-01
4.735592108663378985e-01
1.899545229268418511e+00
2.359247759087790275e+00
1.727897285501054148e+00
1.225892808790249644e+00
8.097963757743350532e-01
3.717272670346828956e-01
1.391762282520388749e-01
1.892839072171481618e-01
1.527523217774362230e-01
2.189859164434279290e-02
5.282054021802316118e-02
1.260912292642829002e-01
7.694287947239743242e-02
1.129078902415347335e-02
6.440596137226295426e-02
4.382713486830717986e-02
2.636815104014506722e-02
2.203726755867638568e-02
1.657539887828567496e-02
2.963611139598500491e-02
2.194259574647575498e-02
1.518723444599091692e-02
1.461584247872297661e-02
1.474521325635281752e-02
1.052435371766129689e-02
1.416182949992854379e-02
1.298638997649318415e-02
2.369939626627471513e-02
8.213588934236841499e-03
1.579414923582861396e-02
4.861435109331769394e-02
7.006988778809754119e-03
4.851748531061629566e-02
4.860200181718687951e-02
5.238955303976481487e-02
8.902287119108204250e-02
1.054436085658369548e-02
1.726491061686962966e-02
2.467453060377328838e-02
1.721901002557969101e-02
7.502201113921396630e-03
3.353581191274426776e-02
2.025676436901305277e-02
3.395488402769478165e-02
3.697390185882245411e-02
3.376720628129429441e-02
2.876555392032478092e-02
1.972289153857354274e-02
5.479009290993606951e-02
3.265588281346371025e-02
6.227953248321078938e-02
1.209841952913439343e-02
3.361044982924948216e-02
1.899493970512422872e-02
6.167344116690559076e-03
4.441994978136077493e-02
7.064428270303699242e-02
4.898093329871383572e-02
6.440617673084786388e-02
1.476437608702518001e-01
6.279757684827526332e-02
2.388552452856035693e-02
4.626998554357654447e-02
2.102493388556869042e-02
5.628198049529436336e-02
3.881546086502518644e-02
3.794293726730706834e-02
1.795345879890978061e-02
5.298484200357242435e-02
2.482698322821621367e-02
2.757796131969742978e-02
2.010839066873337799e-02
5.498993277179441141e-02
5.926393967560964621e-02
3.186579855231098934e-02
1.202904713311208143e-02
5.991208347883719698e-02
1.809941547977872434e-02
3.643154113150359058e-02
1.826590958447610324e-02
2.869175995346606722e-02
2.573965817708195186e-02
5.233855975290393342e-02
4.580449311958012526e-02
3.681718059748417121e-02
4.026909261356419883e-02
2.465090012514088019e-02
1.443655850933179066e-02
3.071355468165061497e-02
2.797236193973362539e-02
3.430731733017999135e-02
1.363272349343957503e-02
2.797637427451904121e-03
1.780884618129377137e-02
1.221528302457921406e-02
4.472004547953758319e-02
6.938645681628080597e-02
5.137159323347624540e-02
4.089383640702200229e-02
5.088313968458889336e-02
3.680142911127928795e-02
5.571338272499107985e-02
2.225215435670805167e-02
4.485066674336875975e-02
3.174259669762270059e-02
5.284786767349459319e-02
4.741674416463872478e-03
5.050790795399232730e-02
1.708891903813200552e-01
1.105824882225106554e-01
1.941618577389077338e-01
2.528295815924451462e-02
2.712012030525720249e-02
8.412311924831480936e-02
4.868589686361393665e-02
2.184352917388429280e-02
1.157298329756770022e-01
7.295371274368671333e-02
7.310630359452108262e-02
7.298471405697358472e-03
1.901784762884783236e-02
6.544524899464999879e-02
8.384730298243484037e-02
5.180769914064961568e-02
1.842415396477172299e-02
4.927614852183598987e-02
4.208396832993416964e-02
8.152980244418388256e-02
4.038123105052587175e-02
2.883043060501871979e-02
7.683251270866939264e-02
5.291657683994251127e-02
2.940403988314464062e-02
4.739655019145651293e-02
6.380832561329084773e-02
1.771268736599655377e-02
5.256649517323958021e-02
4.531454990517751191e-02
3.631732147735358684e-02
4.230579199967444970e-02
3.172287386424009481e-02
1.790305681228315142e-03
6.624405706043783038e-02
4.328317896443743124e-02
5.613992052256527171e-02
4.632606254421357816e-02
2.088360433788891482e-02
3.737075051341093301e-02
2.755794908326180195e-02
3.089055681292494915e-02
1.150224731164522368e-02
3.947025952760350315e-02
4.235979590519668020e-02
5.609186024984173097e-02
3.024479646948415382e-02
5.298949249307113862e-02
7.588485969763980599e-02
5.600121632365492874e-02
4.541256182802680397e-02
4.728969956186056950e-02
6.025760040372818427e-02
4.052939684862488096e-02
5.835591408994745405e-02
4.622418058935268137e-02
6.048606327696033624e-02
5.225090840268213632e-02
3.251046558693905519e-02
4.787505541654796248e-02
5.075026202254319385e-02
3.287133799456255778e-02
5.996145979380643198e-02
2.659546551033131756e-02
1.989981318908729327e-02
4.447870141678180594e-02
3.059445955289723934e-02
3.050763063930587299e-02
1.812674228086710859e-02
6.594280046183814692e-02
3.277934265890573851e-02
2.584051963001425881e-02
2.361428449320029932e-02
7.253134045320958068e-02
5.140397758214334395e-02
3.474465359182436763e-02
3.135098246891019486e-02
2.064852897144651284e-02
2.764784579580717092e-02
5.647607260065284213e-02
5.814435894503647284e-02
3.182647020459763304e-02
4.327061375840077218e-02
3.228234696408650850e-02
2.368384826623822284e-02
1.191232838233160368e-02
3.393863715271668718e-02
1.888308373839326509e-02
3.859566679512924092e-02
1.972366069528863966e-02
4.646845179135382364e-02
3.417729054628982494e-02
4.459342610316691796e-02
1.790548153119876640e-02
4.315533542417179097e-02
4.783452471356695185e-02
4.489367433539709351e-02
5.425961437546219374e-02
7.363788960325036437e-02
4.437435256373843673e-02
2.001068826573385376e-02
2.114041381029364841e-02
6.875007313045788937e-02
2.548278271559790628e-02
5.618521787825198066e-02
5.290014181476041660e-02
2.137629948778183367e-02
1.009123424931295150e-02
2.858692266718399627e-02
6.166162889751199139e-02
5.850927499657013198e-02
4.225856579041227523e-02
2.787412173898291823e-02
5.253271860123709391e-02
3.710487712986586945e-02
4.895896243040959162e-02
4.641103178887989733e-02
5.007753621846634806e-02
3.197444873828824558e-02
7.105446792168436387e-02
5.283283729695354564e-02
5.327693375774061879e-02
2.540772757718423938e-02
7.721938135078322551e-02
1.925721589395373509e-02
4.278954908964044401e-02
4.137922904076694886e-02
4.040198949748718960e-02
5.225076834854346097e-02
4.193465374953131430e-03
2.033348889933690035e-02
4.977973452882683558e-02
5.115357385104381260e-02
3.833138237701808754e-02
