8.228416528731676005e-02
4.240537054028920005e-01
7.536202004482056571e-02
4.439847012843461949e-01
9.464466711215262229e-02
4.126001079692938056e-01
7.502922756307386920e-02
3.723433630730299537e-01
1.208178978197599618e-01
4.446952864787021009e-01
1.182173500511639747e-01
3.999295414169863339e-01
1.427075800456234778e-01
3.823435948372300164e-01
2.037179571637674769e-01
4.305246485741974216e-01
1.591256432601458048e-01
3.946518955565990749e-01
1.785925120384701803e-01
3.900398491175428584e-01
2.390202118840482892e-01
4.062566599875068740e-01
1.935131738946958002e-01
3.673539817243129946e-01
2.427723873044777547e-01
3.462424594316198534e-01
2.494890997381881970e-01
3.677821001232101095e-01
1.909866169915223066e-01
3.044646467492047037e-01
2.161825514977166185e-01
3.041540375138035435e-01
2.776294250754297588e-01
3.552570169265400479e-01
2.501816272270568908e-01
3.200555639956590981e-01
2.420627296067693057e-01
3.002836825349708971e-01
3.520853636905001416e-01
3.367263262066612639e-01
2.797292963745214855e-01
2.891532821558482347e-01
2.816257880945754466e-01
2.858888743000544963e-01
2.999475978775913987e-01
3.318417467769813611e-01
2.924862042158736797e-01
2.365819037135468983e-01
3.025823730406528855e-01
2.147433141681550917e-01
3.515033033227337178e-01
2.746645859866244654e-01
3.358310550148189133e-01
1.972578650283205171e-01
3.523998378227187755e-01
1.801497034172776235e-01
3.525910988013021830e-01
1.906272446938047649e-01
3.583015616236348011e-01
2.118304602462227626e-01
3.878733884707189494e-01
2.426057004860832089e-01
5.371726721827438933e-01
3.886029980725488886e-01
3.110638122397826888e-01
2.003003144867204488e-01
4.009529662506803871e-01
1.688177735409567282e-01
3.872168452134184813e-01
1.865790767488582913e-01
3.054549314626955892e-01
1.407810696963333330e-01
3.585995980586834664e-01
7.407983248940618048e-02
4.200130366580602792e-01
1.436912061385662298e-01
4.059111313100636220e-01
6.784254724993182828e-02
3.826254718280318601e-01
1.020635941257126006e-01
4.544041682161331641e-01
9.205429956356465937e-02
3.608077070414982268e-01
7.788980954879230756e-02
4.229708920293023811e-01
1.392393713638939157e-01
4.679168543095648114e-01
8.331267133260830682e-02
3.705372042637354868e-01
7.843406807554939575e-02
3.787153675915682083e-01
1.181790155777847073e-01
3.999639387230470300e-01
1.328394279174292814e-01
3.530677154446784094e-01
7.796173791489562077e-02
3.200250141408684801e-01
1.681509942560298898e-01
4.035108852005174218e-01
1.306668615082640372e-01
3.657591066197868335e-01
1.061949238558348996e-01
3.688393122304922112e-01
2.227251160329934143e-01
3.975439841513644379e-01
1.878708772935043236e-01
3.453685437966318439e-01
1.822760004558020286e-01
3.750320380535527853e-01
2.625563274241221046e-01
4.289069945553887209e-01
1.691185508146330063e-01
3.172502612523245835e-01
1.906183583902026357e-01
3.289052175069773210e-01
2.027464119339476567e-01
3.778091701005844572e-01
2.113174186335589899e-01
2.863673601176497940e-01
2.239140487472222607e-01
2.927762355550501128e-01
3.047650615329160484e-01
4.218039693413689895e-01
2.339327715276769415e-01
2.467517991404106770e-01
2.208492768152316155e-01
2.268156309298812734e-01
3.771087127284142859e-01
3.086623694936712625e-01
2.363316046354846656e-01
1.215465811440982480e-01
3.047536270510847189e-01
1.840236161611627230e-01
4.158141518027212435e-01
2.562754320002089137e-01
3.612980025157813690e-01
4.188286652815843003e-01
2.782955800952570669e-01
2.594973533076653793e-01
3.865848682723413421e-01
2.666863923236273970e-01
4.064462116755251930e-01
2.619204664478186340e-01
3.368623231199791013e-01
1.892996765735226183e-01
4.201729456893006365e-01
2.699995425919851644e-01
4.000821654271412009e-01
1.752652490272706420e-01
3.319871824000679150e-01
9.278512688654098894e-02
4.513846849646134252e-01
2.161852176199077769e-01
3.911707085952144669e-01
1.691243440961322508e-01
3.694961419245498813e-01
9.403025749914405151e-02
4.484158726659504546e-01
1.709667830742654659e-01
3.751017908869045403e-01
1.254199039382446201e-01
3.746739903750578859e-01
5.306186456991541373e-02
3.930244045321677482e-01
1.386873566849672057e-01
4.075345144660100227e-01
6.902626251567141324e-02
3.715040364192440103e-01
7.871621924310799601e-02
4.524574415831536522e-01
8.874106657326064074e-02
4.330182900162716786e-01
2.200845818644105167e-02
4.011326075790918044e-01
1.150727730883829986e-01
4.503721171836051473e-01
1.124796043253429162e-01
3.906293942621938964e-01
7.422953427820608296e-02
3.371075057345477299e-01
1.287002293902392014e-01
5.076795875221350451e-01
1.585732776371911457e-01
4.192036864136493013e-01
8.587841265945654612e-02
3.600238301117854589e-01
1.440185664861892423e-01
4.102037072264765327e-01
1.748570447277798257e-01
3.831240422916528665e-01
1.302098761328679966e-01
3.681501317114917460e-01
2.232216957718622385e-01
3.898111023545206000e-01
2.153065643890128278e-01
3.630873142714363677e-01
1.651201668538123113e-01
3.115918334399725431e-01
2.759755434748022429e-01
3.798871851937013489e-01
2.321559838747089821e-01
3.926209806020926618e-01
2.239006403136247492e-01
3.109448987055922209e-01
3.223271600289021599e-01
3.818178131779015327e-01
3.000847013665738361e-01
3.236268798525784862e-01
2.003512173329251855e-01
2.400073385454420116e-01
2.765041845184919578e-01
3.425971623782165798e-01
2.765143029486918924e-01
3.052362212916827633e-01
2.747895945681511076e-01
2.514364845864641707e-01
3.315825533779726553e-01
2.923162506206455347e-01
3.353439804108369615e-01
2.973693311495833047e-01
2.996766044718436883e-01
2.044474609688256839e-01
3.689285147443959745e-01
2.454994543468068946e-01
4.073319162307937336e-01
2.320893067710431135e-01
3.192914772570230042e-01
1.653667035086209547e-01
3.927491816808577618e-01
2.223904031375849577e-01
4.090060640514377455e-01
2.002433138367191723e-01
2.167307988381006467e-01
7.943548463815783278e-02
4.008222231881258257e-01
1.641367860517428667e-01
4.199446682044994938e-01
1.559993230063059233e-01
3.150680983602632268e-01
9.184703155800191809e-02
4.442043156189811048e-01
1.467673905511426846e-01
4.281664404688171333e-01
7.880718116734394818e-02
4.169183658194961506e-01
1.386375645861233873e-02
4.677793410551948639e-01
6.150614213073910680e-02
4.200946584361514580e-01
9.677487918830976477e-02
4.145624242544405091e-01
2.092844361150437982e-01
5.406522544533371999e-01
1.365756441443683744e-01
6.198211075295343431e-01
6.533249326055331485e-01
5.992511334505871385e-13
1.445350467055478427e+00
8.065469753352054738e-01
2.188688403643563873e+00
3.639291916368415092e-01
1.090131789741560997e+00
8.194705244000843880e-01
1.647771327599820979e-01
3.864589189780818224e-01
7.939102585201369688e-01
8.412550944178098788e-01
7.697035613460956327e-02
3.137309582579784761e-01
1.974429048071994486e-01
4.161599221237778368e-01
2.460253133433354389e-01
3.252173178406740917e-01
2.976491699272855729e-01
3.994041584836989234e-01
3.618185846286499641e-01
5.807494043148769824e-01
9.664547075046939217e-02
3.246094242793974849e-01
2.171902793410382948e-01
3.602766098878131262e-01
2.022609677688831098e-01
4.059392125113457372e-01
2.935827450690501328e-01
4.282323738424478887e-01
1.939059231193937805e-01
2.953906694275207356e-01
2.807273928588339129e-01
3.566644204491495329e-01
3.023746025421035766e-01
3.851018331081926815e-01
2.222456836426279503e-01
2.475573140901899116e-01
3.018754882453173471e-01
3.370211226599080789e-01
2.658096505336453030e-01
3.198500684491391577e-01
2.310306464985832087e-01
2.561245104706170173e-01
2.888274153134517963e-01
2.449007044151559898e-01
3.093757551821734175e-01
2.949208760300529031e-01
2.369791836556018605e-01
1.403565423748017460e-01
3.803989499867592716e-01
2.603343467859202121e-01
4.005978299109184682e-01
2.854480202283584678e-01
3.547186334378233386e-01
2.030576530826471437e-01
4.009510926308006984e-01
2.051104278155501948e-01
4.304644057862344608e-01
2.577515308103058289e-01
3.445088271121585222e-01
1.673000768245067604e-01
3.715562995891330544e-01
1.850577527480765927e-01
4.134053433595558658e-01
2.295286287508701561e-01
3.397991693580529327e-01
1.245913703201619871e-01
3.713823193837457182e-01
1.404596897206860651e-01
4.369399270329972773e-01
1.640130348289241535e-01
3.487571673317495513e-01
7.742240412327873467e-02
4.497176583797308225e-01
1.903209334448717760e-01
4.564816423725119865e-01
1.683979572335536079e-01
3.898004205266036304e-01
5.977347423546461314e-02
4.512014596631399033e-01
9.029546889668829679e-02
4.862810808017984932e-01
1.372818735276158664e-01
3.409808861446411155e-01
1.826830564344924038e-02
4.118342426833747072e-01
1.187608456279992397e-01
4.246578891099509478e-01
1.063689250946049381e-01
3.734446092245807258e-01
8.066769886250921284e-02
4.364287829090361392e-01
1.676958054667017917e-01
4.615382919625192759e-01
8.882135970638972700e-02
3.600513262875233433e-01
1.792295775377464317e-01
4.467786201479368446e-01
2.055174880759301492e-01
4.651135114459440389e-01
9.084462377207297434e-02
3.500369375160807817e-01
1.743232125160855128e-01
3.717764173251145166e-01
2.103025491331063090e-01
3.928761094526322384e-01
1.584321193882652079e-01
3.693867457639329333e-01
1.715424220655089038e-01
3.636897755885655781e-01
2.527268432287381184e-01
3.797825948973678201e-01
2.109175790695792529e-01
3.468246433275468665e-01
1.973797696130374091e-01
3.261426286358400928e-01
3.033488918951995905e-01
3.308906251334303161e-01
2.194772571635587588e-01
2.816978050062247108e-01
2.402686528564284552e-01
4.122372390275163556e-01
3.627693120672177973e-01
3.573792396060286314e-01
2.640733335173816032e-01
3.073703948228400651e-01
3.185283636999905466e-01
3.373091289031240336e-01
3.381127027995889933e-01
2.743752541076279194e-01
2.591919897102084036e-01
2.583064521080080111e-01
3.127412653646029495e-01
2.709947463630046904e-01
3.234754406144006444e-01
2.910341133353317455e-01
3.153882871784683406e-01
1.812814136544226851e-01
3.304049929530793461e-01
2.261087396845446185e-01
3.818645577125161505e-01
2.708153593849153551e-01
3.541069604150280381e-01
2.003458822247998206e-01
3.569474683903537948e-01
1.806789442425217052e-01
3.995326694490805020e-01
2.552585987204400442e-01
3.441627241788031144e-01
1.641528479956911313e-01
3.803374637783006329e-01
1.288803848997540635e-01
4.215447442538090561e-01
1.354262929782721336e-01
3.550822956080469939e-01
1.210145737277811551e-01
3.562213779264830626e-01
1.103422360046128620e-01
4.589540656901716087e-01
1.652294189999504448e-01
3.978983965271298273e-01
7.085822107763022071e-02
3.890649262949969489e-01
1.046691946659162459e-01
4.308157699695406295e-01
1.240217542580447918e-01
3.675263247116006271e-01
3.687575393127532491e-02
4.023997456748198975e-01
1.088083202230404334e-01
4.532465221508532593e-01
1.143354601138526216e-01
3.916786765296499384e-01
1.993929538234353802e-02
3.954081896294481813e-01
1.242252532414468008e-01
4.441505546822562822e-01
1.014216298602004240e-01
3.755309807025485336e-01
9.805298291966706159e-02
3.699462661855348888e-01
1.724606016152021581e-01
4.170534985538010275e-01
9.463745589398875335e-02
3.775569053460201552e-01
8.604150218881077838e-02
3.440106934841013486e-01
1.654605153542572371e-01
3.933246169270111503e-01
1.717749225693876447e-01
3.828045814930509660e-01
1.156134335161206894e-01
3.625226977908659887e-01
2.185493507071978869e-01
4.202802620707392078e-01
2.165329009474724620e-01
3.446303422470007316e-01
2.004301409768532993e-01
3.487670330415573172e-01
2.520377213179814668e-01
3.552799632402904861e-01
2.197497330407004179e-01
3.203140572269474462e-01
2.069618438019227014e-01
3.239173141048849458e-01
2.748083544605156026e-01
3.268840710480080958e-01
2.384476572615245316e-01
3.333780040030790426e-01
2.647484304720061354e-01
2.991663166747828284e-01
3.106909783727929142e-01
3.310339481677771478e-01
2.773740340917547620e-01
2.667201288862804387e-01
2.869115384964732174e-01
2.569395420313977385e-01
3.465780187362599851e-01
2.653787549012450175e-01
3.013384827135861532e-01
2.678792982578489523e-01
2.699233172807082304e-01
2.157306022662321410e-01
4.049097777674961485e-01
2.583589684479542514e-01
3.543153113419100775e-01
1.817470023522153311e-01
3.733147652069254696e-01
1.845651439793026816e-01
3.759408719902752050e-01
2.562229176098733130e-01
3.899094942940604103e-01
1.957810920138031430e-01
3.768870792463235309e-01
1.486136865894813752e-01
4.236256688961790862e-01
1.817918803183357079e-01
3.656992536111398628e-01
1.786976254632866579e-01
3.709391937040710796e-01
1.421581675821747826e-01
3.901929254397353275e-01
1.493365431601084703e-01
4.348356293470638234e-01
8.943265738229902451e-02
3.948748883297831247e-01
1.100690670732605569e-01
4.252788543590433346e-01
1.074790139199805483e-01
3.996557967068691819e-01
5.433332551156371676e-02
3.858704740022550483e-01
1.024385350770284919e-01
4.216818997331401864e-01
9.990600931173142241e-02
4.088277966274811992e-01
