1.962843812856808132e-02
2.435332452148436869e-02
1.152601813411749110e-01
5.372709471651912483e-02
5.164581694580237803e-02
3.162674671911957364e-02
7.513469767909408681e-02
2.648428241382754650e-02
7.911244802932330955e-02
5.368593902373041543e-02
5.297410392662966344e-02
2.924564083133755071e-02
4.214268588646193775e-02
1.073385497550454273e-02
1.278611582403467624e-02
1.031653359921521906e-01
3.308257853657763786e-02
3.967220978945364129e-02
5.622515143746839583e-02
4.202865509843609071e-02
1.908992582502560750e-02
1.060176047104205155e-01
4.255275452393737085e-02
5.272513831251297856e-02
4.100645588506998673e-02
8.081480821395353731e-02
6.279915468771786469e-02
8.835652588078840575e-02
6.523733170523654534e-02
1.143069881185888002e-02
6.306028772856600573e-02
6.988854612837017144e-02
2.127656210408912160e-02
2.391462822614580375e-02
1.486793532866741707e-01
5.442918879065433702e-02
3.628761009219377831e-02
2.640278229230921814e-03
2.245681596082753709e-02
7.031178991056427630e-02
8.000271882330596551e-02
8.358867023751277714e-02
3.576813995121973233e-02
4.748397206883867711e-02
6.152807326251565068e-02
2.934375059432777280e-02
2.868442221805471773e-02
5.391688214015545599e-02
7.814052277033890770e-02
1.059409354110303209e-01
7.085004142923159720e-02
2.887928254254372787e-02
5.415305993552940039e-02
6.444096258242924813e-02
7.292096213662127568e-02
3.149035574500164136e-02
3.693411880350375848e-02
3.420754614356361772e-02
5.006502994174277799e-02
7.071436677699645401e-02
9.179226544602610283e-02
5.507026717182000181e-02
4.210106065786664575e-02
7.973656469653471468e-02
3.178065698808757444e-02
5.675900267924919446e-02
6.806960817531200643e-03
1.638468942225784208e-01
8.278204618858914232e-02
4.482118329991632150e-02
2.211812648947903900e-02
6.014545752704236053e-02
5.120187835049242603e-02
5.262160974618138032e-02
5.377400634042608929e-02
3.765806724503602959e-02
5.632623854505405467e-03
9.701400187379027873e-02
8.504843647382583083e-02
3.894753590009741168e-02
1.147690712129589841e-01
8.241305707291613283e-03
4.748284184657938084e-02
9.514677016249833974e-02
4.621432598285030169e-02
2.499867119055046785e-02
1.026099850271794539e-01
1.609043358737580545e-02
1.765795940009817419e-02
2.745940513104026121e-02
3.957170155391272204e-02
1.164545871807454516e-02
6.253950065166784603e-03
1.387787217718481070e-01
5.027628968731544939e-02
6.977100725290749650e-02
8.422197928138394629e-02
4.354163072893421638e-02
6.053451286842736340e-02
5.850370015712148819e-02
8.760326000463673768e-02
8.093757991276379071e-02
7.682667742455573379e-02
7.121993216020662543e-02
7.325542553141686786e-02
2.170226297967366158e-02
3.295059022198654902e-02
1.254581726298258648e-01
6.042446702836128114e-02
4.326484370775632304e-02
4.620309503504763105e-02
7.087334264155341346e-02
9.556726817169855503e-02
7.537459267927515416e-02
4.678419651064241042e-02
3.485787088572432635e-02
3.330803966270536737e-02
8.092780616211221745e-02
6.570552325850019526e-02
4.596928269326790856e-02
4.475233648409767534e-02
5.553299252554728949e-02
5.234213066703427564e-02
6.946258006960927267e-02
6.493338964907333088e-02
1.090222420090412453e-01
8.416567069341554519e-02
4.462135073012583886e-02
4.539590325849859886e-02
1.648628546367660735e-02
8.179676857002678159e-02
4.430157242618389807e-02
6.447827934928260230e-02
3.082980672281173881e-02
6.163965542287212773e-02
5.350878454155561653e-02
3.490026623031452363e-02
4.882768845124558360e-02
2.589928963623247191e-02
1.032896483694688700e-01
8.523008840735375735e-02
8.612860784743546494e-02
4.553724641131549900e-02
6.277151463416336119e-02
3.074586621939146003e-02
1.177140335047304476e-01
1.999529963401549398e-02
3.623352327438775222e-02
1.729029007187122755e-02
4.470565969781072069e-02
6.646158835201277162e-03
5.445095730998067256e-03
8.187257743804858545e-02
4.146423054771128380e-02
4.867101400686602020e-02
7.483850379362903815e-02
4.539559223237142616e-02
5.954565116738241848e-02
1.452635129302868311e-01
3.543372136335296019e-02
3.035197021481830099e-02
2.235253303186800211e-02
5.530711445958268885e-02
2.357993301839170219e-02
3.490730840119462414e-02
1.292883897861800135e-01
5.190847003303114549e-02
8.687838430893539410e-02
1.622464166667431373e-01
8.628260831903895867e-02
3.920651459379453224e-02
4.234105923117147813e-02
9.688457354761342843e-02
1.117497317012460661e-01
7.653742582710537645e-02
8.251967526613204762e-02
3.513041230199501208e-02
1.025085350213406354e-01
2.374560089049832998e-02
4.348354627258348148e-02
5.209323912364049319e-02
4.057208435286508569e-02
5.950085448523083353e-02
6.923352113878861180e-02
3.552746637372535682e-02
8.632145848209137051e-02
7.772298124206761250e-02
7.411112045156761918e-02
3.209905577199405335e-02
6.698433583165640248e-02
4.984926120818581469e-02
1.158131206577046601e-01
7.639511768087846322e-02
1.310239009482007388e-02
4.377818015048436789e-02
9.670144911033973223e-02
9.614417401628032323e-02
6.846362899766503252e-02
1.155096048582390789e-01
3.198068137197612737e-02
9.323615637473586792e-02
1.475244113313617100e-01
1.444966781828714020e-01
8.962530565932576299e-02
4.677884611242875273e-02
7.285463537057265682e-02
1.028706745378192289e-01
7.581439018781349626e-02
1.456022174954831050e-01
1.156093077117510415e-01
1.542364634324870365e-01
6.407353703079488039e-02
6.616754839434393909e-02
1.117967564020501542e-01
2.553081504011361566e-02
5.837368473191591710e-03
1.792092943471020397e-02
1.752204870289149341e-01
9.372763645004864030e-02
4.731630161461222728e-02
1.243159340176873823e-01
5.271176113762093135e-02
6.371484092616269690e-02
6.213859481950193692e-02
3.679782467748589359e-02
1.689492963068566986e-02
5.781188641735469230e-02
7.582321796361755906e-02
3.090050859255824220e-02
3.846331965348377679e-02
1.220989949171980699e-01
1.368716392049216801e-01
2.466388246192069075e-02
2.064820549122885485e-01
1.821187787264505475e-01
3.054761310857263545e-01
4.638286060722713877e-01
2.405075460983241431e-01
3.752746214151665982e-01
2.379556112450060545e-01
1.375968713796382747e-01
2.734143891046119101e-01
1.610959066215999769e-01
1.402839453973792339e-01
3.225592187984647752e-01
2.937893040074012752e-01
4.584247794732690950e-01
4.639143548445048837e-02
1.666034366598261318e-01
2.234792124556423398e-01
3.762248457852926387e-01
1.465807608797142225e-01
4.374010223364198646e-01
7.410763823552657392e-01
7.822102123779314242e-01
5.071584294930182590e-01
7.549255333984405777e-14
1.444975757389619364e+00
2.448010578112303826e+00
5.625159608220410945e+00
4.158659011554715512e+00
1.467623130987738111e+00
2.233775893700977733e+00
2.081000961372251101e+00
4.344535067204708056e+00
3.105865705687774092e+00
6.480310283461413690e+00
2.907897306667015069e+00
4.031109826497242921e+00
4.012985670480742506e+00
2.114582463900853249e+00
2.578452768962543384e+00
2.754959948896129163e+00
2.362991625875631829e+00
2.797677475540480518e+00
3.288612362604447892e+00
2.913513222864975383e+00
2.634653933406202242e+00
1.893109946498883422e+00
1.186681237798619115e+00
3.087975057502301834e-01
4.304670925628066303e-01
5.964004636941449000e-01
4.406373439069764530e-01
4.332754708054163406e-01
2.204726698894667325e-01
1.950062243507239002e-01
1.295819996384083572e-01
3.387163470767699108e-02
7.167344144416415430e-02
9.951442079395365903e-02
3.285898826793243188e-02
1.937802527303465749e-02
4.131218891134762899e-02
8.597636877058147109e-02
1.491039287972739935e-01
1.010058385644698187e-01
2.104205024910819899e-02
5.642798686657188312e-02
3.654667124124768435e-02
6.647686516593734329e-02
9.243846643215124226e-02
7.166006528734232550e-02
9.009782511841185615e-02
1.130937129127052194e-02
1.590921623724111389e-01
6.652909472395460155e-02
8.475220893617245455e-02
5.106363552612948331e-02
4.154417560848527174e-02
9.752223921379531146e-02
1.411495090966065069e-01
1.983105127205445767e-02
1.621283090324065340e-02
2.352828432016807955e-02
4.084346092605357220e-02
3.417332679316722327e-02
7.058208458566728183e-02
6.955244185621831110e-02
1.718457141696957263e-02
7.589027172423994105e-02
4.498470751169133391e-02
9.216470443934939027e-02
9.267971452159533274e-02
7.256069710807512563e-02
5.840761078641943521e-02
3.685361624482757364e-02
5.122928812620267114e-02
5.061724488580161135e-02
7.715926514957208160e-02
4.556424628439655761e-02
1.088939030818685538e-01
3.294793939695413870e-02
7.287604773535692748e-02
1.414409191107175376e-02
7.012624525484190130e-02
6.419676841336320605e-02
3.849503341987016436e-02
1.044961073152454595e-01
8.190172594035001474e-02
7.060302391134053168e-02
6.690727341302328546e-02
3.745589417575023727e-02
6.035295884203991518e-02
8.862615992746837590e-02
5.786244173157387150e-02
5.406861176331770324e-02
6.400991613931172886e-02
2.480988832837586339e-02
4.795697566277343921e-02
4.994263744769601027e-02
1.006573270080038246e-01
6.149166448228334664e-02
5.375813341834628778e-02
7.694605708713790626e-02
8.159913826386477886e-02
5.539633368671782743e-02
7.475409903667414035e-02
1.543110489427075571e-03
6.577716008918930990e-02
9.349241685563040860e-02
9.080264834589957257e-02
3.768597891351014445e-02
7.092786125179031953e-02
6.031278799187755196e-02
2.430492653623449184e-02
7.073408446505637104e-02
7.931737561775292766e-02
2.938910899869294838e-02
9.217390484237165948e-02
9.477402702320048000e-02
3.233427898876888723e-02
3.924693954090937437e-02
3.061683489648993339e-02
5.600067073977191279e-02
6.124851655519081978e-02
5.150474070864953513e-02
6.913903077608200831e-02
8.744094916585458399e-02
7.756453712469789374e-02
7.640230371527242936e-02
3.005920670794357333e-02
1.334151113368097982e-02
1.048737500733097489e-01
4.342021889957772135e-02
3.525474025280474905e-02
1.185562356133691535e-02
5.545372978429539967e-02
7.707896892466388483e-02
3.699034059787371237e-02
9.266303015106246155e-02
1.463046714066344213e-02
5.398086944723676922e-02
5.222184031952829819e-02
5.086027260914421921e-03
5.315658727294179930e-02
9.073569150781281289e-02
4.960620139262677392e-02
5.135799494347184635e-02
1.220518117662098417e-02
2.690629706451818162e-02
5.976032922822518967e-02
4.848907071466636992e-02
9.252798098207275224e-02
6.405345215736418796e-02
4.903717823655132091e-02
5.145057160304551507e-03
8.243540358026978446e-03
4.565406092046470771e-02
8.219923782040504390e-02
8.067285520224980189e-02
8.306482405821344339e-02
3.814644057721125470e-02
2.014893942303300906e-02
5.298043648586149568e-02
7.428687966851943436e-02
9.670958946282855184e-02
2.666399291775756186e-02
5.883604528868870143e-02
7.172254498277323698e-02
4.563650060940442621e-02
3.863444400848243393e-02
3.440620408681369091e-02
7.426928401025982562e-02
5.585948190955897230e-02
4.243585441894689309e-02
4.818389273341925488e-02
4.568688051826819835e-02
7.112120900856375161e-02
8.776578198899787076e-02
3.540579561207281983e-02
3.389869162228743849e-02
4.899189265672695276e-02
4.272228728620185156e-02
3.676611026766313239e-02
4.928119709107507684e-02
6.953474596548887832e-02
6.900811675258053390e-02
8.477503395029215016e-02
7.531440433718371470e-03
4.582698273829271390e-02
8.092882963625749881e-02
1.053022075606395991e-01
7.232245668800819406e-03
6.762225310809034939e-02
6.697038084328198193e-02
5.070446330515153421e-02
1.559953613314677377e-02
8.797664377015208814e-02
6.199429472924262996e-02
5.664064274785915454e-02
3.902934903603264699e-02
9.060941509339225097e-02
7.284722794783350663e-02
5.965160967991086499e-02
9.984070567418262820e-02
4.730022624781834301e-02
1.254624913277381515e-02
3.358778373220704105e-02
3.215206037385513749e-02
6.614546022494491306e-02
1.040344023787966865e-01
1.073718645166572422e-01
3.948422580773344043e-02
3.099383538719746155e-03
4.574772154426688837e-03
5.475958993012907533e-02
4.015838383643007686e-02
7.018089500694381366e-02
3.115537620273893180e-02
5.704430785503888240e-02
7.607942935228399761e-02
2.290184929480354459e-02
4.604949945010095025e-02
7.110634112006172791e-02
3.995280516711447599e-02
1.592772971319983757e-02
2.010499119535942569e-02
5.074097488463470002e-02
5.670111177617057768e-02
4.075177510880004239e-02
1.444175258892574365e-01
6.399407867970728636e-02
7.610511354305436044e-03
1.071370580418134349e-02
3.700451019363368982e-02
6.068617550954261142e-02
9.351060019563385561e-02
1.167327229447151504e-01
5.962543244784323376e-02
6.478263147605353711e-02
2.203457443253601170e-02
2.201673932232097938e-02
4.593606935574301442e-02
9.018261989018690195e-02
1.007793495872152598e-02
4.901211636355913559e-02
3.618741048102990659e-02
1.994888976323570123e-02
1.984900050418197601e-02
8.351172747423404874e-02
5.938189205017637556e-02
2.620074897257920754e-02
3.472692901037638391e-02
1.047411014062262814e-02
4.364075987856766425e-02
5.022462965122360956e-02
1.210979970619973783e-01
2.084535983679824261e-02
5.705268943158767203e-02
1.732307639825891171e-02
1.414422691108866738e-02
