1.869261195227339967e-01
1.346527748979347017e-01
1.769248416980949701e-01
2.239966804510046539e-01
1.308082724189373325e-01
2.433552272409104100e-01
2.205067150767706374e-01
2.553212582658637153e-01
2.156817083511530508e-01
3.114053818981606381e-01
1.974131394405081175e-01
2.606919893247383047e-01
3.140054302266323538e-01
2.213512471578757135e-01
1.695759315341632822e-01
2.786611119765303179e-01
1.323398692867801263e-01
2.014415362852463032e-01
1.981285939267114216e-01
3.491079048296628629e-01
1.438537130646830309e-01
2.605582620146156270e-01
3.959634881412640861e-01
1.881146621942295927e-01
2.192568830936030277e-01
4.486194503405100953e-01
2.101247315196923815e-01
4.517402627116540864e-02
3.171898721594250681e-01
1.803464201895490227e-01
4.759518498826032645e-02
2.398654329164072174e-01
1.570055500510167124e-01
1.625392707470885711e-01
1.507678082840595846e-01
3.363993370818821327e-02
1.796197761935805493e-01
7.804833726546175909e-02
3.643348308384154050e-02
1.502940493609050410e-01
3.585796798792727919e-02
7.365176151981243924e-02
1.491339035125062162e-01
1.518072925473437362e-01
3.244275701785751670e-02
6.301493695045380650e-02
1.082100363804186505e-01
5.293937233525028430e-02
1.133540703493000623e-01
1.898769386298508055e-01
7.182008892226048047e-02
1.521586295351276819e-01
7.683720057369956835e-02
1.965937435222752105e-01
2.401115556796898920e-01
1.615400759769773098e-01
3.147629406767910587e-01
3.636801019510546573e-01
6.618033607976658850e-02
2.227428803537132851e-01
2.926573173062810285e-01
1.854090453943506855e-01
1.347249445001200974e-01
4.047544990028292822e-01
2.646008315575851810e-01
3.397654148910588812e-01
5.667567331151147636e-01
3.229138281718493819e-01
2.675750050818671011e-01
5.911311324130340550e-01
4.603873936579879755e-01
1.395865632092480046e-01
4.288242861518866134e-01
5.979838171791453938e-01
8.069816766904611138e-02
5.324003194644706394e-01
9.943446928962195175e-01
6.900333428735139218e-01
9.274595023662061122e-01
1.404221515341002924e+00
1.331579861832421718e+00
1.354205292335796340e+00
1.641742504393828295e+00
2.005637541261711121e+00
1.897096435198397879e+00
2.054308369229125741e+00
2.415107250397711347e+00
2.410676182251081823e+00
1.981944736280537356e+00
2.324888846776171469e+00
1.982213637528053241e+00
1.510539439545547369e+00
1.104221625514561600e+00
9.791176448300406010e-01
4.656023300727419323e-01
6.187233544740513569e-01
2.925868390369034122e-01
1.249805500812148917e+00
1.017846027684922161e+00
1.759137685208749913e+00
1.130551864607271639e+00
1.928993903220878714e+00
2.176217311976394342e+00
6.714595985666939049e-01
3.200265498818811949e+00
1.060249419425694173e+00
3.266417450647964404e+00
3.284622934008896600e+00
2.958660960093494996e+00
3.821714359405263384e+00
3.078191372487824928e+00
3.099956224919176773e+00
4.417904723329940886e+00
2.552900068151422008e+00
3.712494659344688142e+00
3.385484078114775475e+00
2.416413137466169037e+00
2.161932561923507023e+00
2.851254943277680809e+00
2.429721903614339151e+00
4.565484784990706757e+00
6.146612521819068142e+00
6.224773581212672546e+00
7.355064542477774303e+00
7.383720387938779162e+00
7.281188145412373913e+00
6.423918411643124493e+00
5.863520293730887012e+00
3.764105176512062556e+00
5.039891984053938678e+00
2.283744254748356184e+00
4.021116936751541360e+00
2.523867988518593286e+00
2.814084945830017226e+00
3.159856601470721671e+00
2.868319157368938388e+00
1.896903956782389322e+00
4.137179662191154961e+00
2.921200418653099984e+00
3.122592644428855646e+00
2.546732230097000116e+00
2.953710121537611588e+00
2.750319318882403774e+00
2.878171850994197811e+00
5.328292558052703853e+00
4.285209013635544295e+00
2.765339079512727949e+00
2.338975830801732325e+00
3.852065904387705242e+00
3.767882436508858568e+00
2.662003121057269439e+00
2.932802481737112110e+00
5.269036993278318981e+00
6.932497198402529648e+00
5.404456907239287844e+00
5.320372245945992340e+00
4.274067259401428842e+00
2.132212451321827906e+00
2.566307193064804260e+00
3.219257459535162624e+00
4.294066856029426837e+00
3.117313583254917475e+00
1.442915807940991169e+00
1.104420313027312917e+00
2.448998306900180388e+00
3.084735365562805587e+00
3.195502629301271380e+00
3.061739655452944575e+00
3.395162265868084894e+00
5.301572434538083023e+00
6.037048263374169998e+00
6.408508191451684155e+00
5.260293096295136195e+00
6.445319229750182011e+00
8.011280428915846130e+00
7.785940256100674084e+00
6.815620772373542025e+00
5.644402284971615558e+00
7.240031509094653650e+00
5.254417888630296574e+00
4.771039176427328776e+00
5.410348697016540420e+00
5.076424616471296503e+00
3.900767490735937315e+00
4.084472358410856430e+00
4.691914097836798803e+00
2.633752856061521541e+00
4.172163670489473120e+00
3.834201829382757776e+00
4.521005502247697372e+00
4.075272766201597285e+00
6.770538895010908220e+00
4.156396474857247725e+00
6.412080506301363059e+00
4.835658799906616956e+00
5.255355884249104825e+00
3.756214780454675051e+00
5.906427454325565485e+00
3.837273978660042495e+00
5.831635152802272515e+00
5.248220877419511154e+00
5.124559037675645357e+00
4.497522103258463133e+00
5.526244236771028717e+00
2.962767596605075049e+00
5.079565847993379180e+00
3.534089998360727236e+00
3.873996424168648200e+00
3.776465188084863200e+00
3.977858655409240995e+00
3.316810731356726993e+00
5.177562157270021892e+00
2.732691486184357199e+00
5.759687485709439336e+00
2.782343269393269036e+00
5.022008842098577119e+00
3.256025857553632719e+00
3.861306991356232121e+00
3.224877796939886299e+00
3.751535627807840889e+00
3.001316049025128052e+00
3.842385855835777964e+00
3.004284396639765653e+00
3.921299956280964061e+00
3.247775611996421397e+00
3.377343084649472527e+00
4.110356035816638887e+00
2.993335814191436128e+00
4.574973979278786906e+00
3.112108522604569050e+00
4.348579606158183175e+00
3.508027808306523276e+00
3.600603116791476488e+00
4.039168110826787839e+00
2.903935751234310914e+00
4.131099445601448927e+00
2.755552306251492389e+00
3.803463040170623533e+00
3.042445110122292018e+00
3.287842601105467999e+00
3.030423838085265942e+00
3.129325328922991201e+00
3.096538080373600899e+00
3.090635337274166616e+00
2.774435787502236739e+00
3.024667206791443075e+00
2.913899063866747241e+00
2.415751078158363541e+00
3.017459856658207151e+00
2.488112355317991575e+00
2.941608568427011683e+00
2.775365811238415858e+00
2.520470402331159931e+00
2.369817025124713261e+00
1.735477694487264966e+00
3.483363866979695800e+00
1.252646981064608946e-13
2.755980862720215807e+00
2.181130664517434870e+00
1.781981528441853646e+00
1.663382423220262973e+00
2.133319536064338884e+00
1.567469399818763431e+00
2.531682584213679199e+00
1.564330274888780403e+00
1.491848562885025764e+00
1.642086059329693093e+00
1.480548945370099512e+00
1.226987996175711304e+00
1.743760877883796967e+00
7.802030370428076900e-01
1.469691636611566654e+00
1.215088100046316733e+00
7.822974600537455636e-01
1.204269203517817077e+00
1.193911963673931487e+00
5.733969842237367498e-01
1.325304402515695701e+00
1.268980914806782767e+00
7.703623514690570717e-01
1.741466461607097171e+00
1.067420991144414799e+00
1.476301960511511524e+00
2.141328229122450022e+00
1.643895746695144489e+00
2.362486938445841123e+00
2.843273542804762855e+00
2.255406025823734950e+00
3.283757960806874099e+00
3.354847186980546514e+00
3.079667222464385734e+00
3.667600427724999168e+00
3.766952144080039311e+00
3.217621106505892836e+00
3.650748171073116222e+00
3.439082784869316622e+00
3.068711802507017694e+00
3.002248221259419481e+00
3.613208019627271117e+00
3.078538599792964181e+00
3.705294139828773314e+00
4.780142520401157391e+00
4.557766425598666515e+00
5.291329869904322081e+00
5.704339016098295190e+00
5.700121362397624125e+00
5.426196046115185467e+00
5.111356023862795972e+00
4.995639907711079353e+00
3.378693671969982493e+00
3.805139454435216617e+00
3.822885023815862038e+00
3.398246745553163084e+00
4.797757245365000145e+00
4.957336797096379755e+00
5.831697274314434409e+00
4.182496435146078717e+00
4.680596196567573308e+00
3.564539518882965385e+00
1.305323855576127734e+00
1.461706129815806277e+00
2.317584253741107325e+00
3.949759588721986070e+00
3.062867610772233018e+00
3.113622283037094096e+00
3.870384368570434663e+00
2.160864886513089278e+00
1.388171519062548542e+00
1.251359272208599105e+00
1.278533031170750123e+00
1.719030791087143406e+00
1.105389053077048933e+00
2.598937464136287900e+00
3.953626684448720674e+00
3.423774747005850383e+00
3.204844388581227221e+00
3.334003334330432722e+00
5.262585554394446641e-01
2.992473015927031188e+00
3.721256407378779052e+00
5.316656521766156551e+00
5.113867321400218380e+00
1.345005195377604990e+00
7.426392820551656060e-01
3.138184679954628908e+00
4.774005280685440944e+00
4.878679441718254850e+00
2.408950496431610411e+00
2.433159495160059915e+00
3.647075494449951272e+00
4.360269792197970062e+00
3.860010071715865632e+00
2.083078880642978525e+00
4.346280102186041105e+00
4.477372936510144896e+00
3.170627970465051515e+00
2.291635777220991876e+00
4.794339113432657840e+00
6.171383554038098573e+00
2.248709354395981741e+00
3.371995101291254571e+00
4.361904336747817190e+00
4.766277276509144123e+00
3.233350571069000257e+00
3.420257759065936209e+00
4.330223078949342330e+00
3.143828596251962537e+00
2.319467119346102280e+00
1.292433554723155797e+00
5.393688113045875809e+00
4.661378025481273113e+00
2.232231184346355590e+00
2.573846067729477216e+00
2.067362621633168640e+00
3.250278079310124912e+00
2.554029618123498491e+00
5.825174780616247716e+00
3.976888202624607960e+00
2.410810388489226685e+00
2.776043993094204243e+00
2.781352689447325499e+00
1.718967719096568647e+00
5.794749695559375802e+00
2.390271095643991206e+00
5.822912786180348910e+00
8.872813137444948151e-01
4.353662969242947156e+00
4.567574947619567283e+00
5.617543013061536250e+00
5.562358121536282063e+00
6.486962850602159492e+00
3.581951769711254840e+00
3.513537580473239164e+00
3.997807867745309274e+00
4.380761179073381584e+00
6.796408176284678859e+00
7.970013985998763317e+00
7.923836478158109209e+00
7.169239187952526571e+00
6.834054238972925077e+00
2.905827183658125978e+00
3.707147262135255694e+00
2.438479555570904012e+00
2.091398705315234974e+00
4.377791132558919607e+00
4.639054938281362617e+00
4.008974194916683054e+00
5.266858070520227919e+00
3.006327482974116450e+00
4.602573495688735861e+00
3.286414966066495413e+00
3.547122042982654655e+00
3.981708582091342485e+00
3.066518312829686455e+00
3.181489166194533258e+00
2.171593282314069118e+00
1.732441522671460010e+00
7.223991827586879744e-01
1.131400314203315105e+00
1.950744683005814606e+00
3.036948809915593461e+00
3.710361287130065744e+00
4.486200038469563722e+00
4.870640667640685706e+00
5.440208132888646020e+00
5.261729998259113472e+00
5.133542792958972534e+00
4.977435190208836069e+00
4.456872985070301496e+00
4.089869864038092828e+00
3.690899924125231379e+00
3.341776545559823841e+00
2.980845866379785214e+00
2.477603011635366670e+00
2.339219290950218078e+00
1.893706448873447634e+00
1.334707014487237053e+00
1.169682217852214157e+00
1.004806521074097958e+00
5.650721821997511940e-01
5.669917448256381887e-01
8.014144907195283052e-01
4.274151479456240188e-01
2.883716170552766411e-01
6.620052394794421202e-01
3.336248305863242503e-01
2.228327093566684347e-01
3.715193615306284780e-01
1.384441639391646994e-01
2.887940277651088739e-01
3.819480757175587327e-01
2.334767922023337772e-01
7.523558241312233719e-02
3.395125393355286070e-01
3.791416326597831232e-01
2.605061406059747120e-01
2.602047328799230175e-01
4.122730521022978101e-01
2.871388847285848978e-01
1.954526595442143966e-01
6.167701672301618282e-02
1.898169054826708002e-01
1.525310225461424807e-01
6.284131497526783405e-02
1.793165126422479050e-01
3.477921282542652953e-02
1.425220346066315147e-01
1.604213797184025625e-01
1.100654419159519809e-01
1.057138697674669808e-01
9.268171028776719944e-02
9.247229025669764790e-02
7.948019225330785198e-02
5.595253636117026447e-02
2.235103925958323301e-01
7.956225643354383759e-02
1.266165164023738687e-01
1.939037194829719146e-01
1.765051704745383421e-01
1.916524774892550409e-01
1.206831104982773600e-01
1.026158811276469962e-01
3.671464388907877963e-01
4.922021673999308483e-02
1.346594216620919937e-01
2.998704263068955322e-01
2.587137556820953699e-01
1.035726449527951259e-01
3.756687159348303662e-01
3.682586629738482387e-01
2.711450772408190435e-01
3.226808653338775201e-01
3.604510657263216844e-01
1.601711561882889490e-01
1.981023658625218620e-01
2.217604654169854084e-01
2.528722172967966531e-01
7.948960252743506039e-02
2.944892601308790603e-01
2.433085437751430491e-01
1.416395660054858285e-01
3.309390066301038935e-01
2.104071177518488933e-01
2.152424131985930245e-01
3.150951962262241723e-01
2.219447771530087821e-01
2.294445555460399300e-01
2.438487801760336471e-01
9.188589722646171853e-02
1.608823184549686980e-01
1.406696062263254055e-01
3.939743230671823027e-02
