3.247958596751144428e-02
1.657404572181813557e-02
5.357484000070990293e-02
4.780434859043272006e-02
1.981753636803353091e-02
5.354909435119506456e-02
3.290464019942590523e-02
5.336732991779395002e-02
2.612592555416085385e-02
5.757749915272924665e-03
5.036267522591209023e-02
2.727817022121170956e-02
3.604321040144313482e-02
8.299256980322920751e-02
1.638785198283508257e-02
1.604306545774003903e-02
8.345791337115844588e-02
5.507494707227393767e-03
1.754781185444524716e-02
4.993902079021576845e-02
3.327115797907776590e-02
3.179181466942228307e-02
5.202338007714590873e-02
9.015371505282424730e-03
5.124663634350878905e-02
1.773222763612658515e-02
1.614439051496197389e-02
8.807249399400371437e-02
5.716659819601351694e-02
5.467185651459231105e-02
6.519860868676063959e-02
3.083745025004669404e-02
4.646642316904783104e-02
6.934321355789023478e-02
6.477656172834263260e-02
5.521871710135231592e-02
3.216815518680227193e-02
4.659478851965892510e-02
5.427375148196410259e-02
4.156341082961732825e-02
6.335951175285120529e-02
2.635051777757763808e-02
4.779785462958632131e-02
4.988821165229909149e-02
6.552697529032201762e-02
3.948846993842493325e-02
4.652955800643511497e-02
1.453871238902936479e-02
2.552314691463364316e-02
6.909996443071728112e-02
2.033963017799087988e-02
1.938252708316433662e-02
2.632632590021309962e-02
9.116966048028645950e-03
3.136969912562023038e-02
5.132408134981553821e-02
2.324615834405203973e-02
4.737746267605712908e-02
1.921886647114620650e-02
2.065189374699817962e-02
6.202718448496252063e-02
8.934820724557145100e-02
2.908784644657087110e-02
2.951758718776567245e-02
2.813998097472900431e-02
3.971034363441829085e-02
8.564505653186614553e-02
5.620435732288737302e-02
7.382103085354488337e-02
7.326696770032831152e-02
1.290480808576809947e-02
2.384170242693225278e-02
4.510354845391278955e-02
1.828612983948576381e-02
5.683654068423215494e-02
4.005670977875531308e-02
5.437108059201690990e-02
1.906351258454426142e-02
1.427808801288066136e-02
6.842555087379836865e-02
2.272210277229734163e-02
2.236197001757245575e-02
6.970215392819727185e-02
2.293779073389073248e-02
3.498179580404765093e-02
5.442882025657917039e-02
1.797383173912424012e-02
5.711005799342751266e-02
8.705528708207610489e-02
3.136305402928719899e-02
1.362560449838297848e-02
6.963989403012199597e-02
2.879113996798769726e-02
1.894199941523698819e-02
3.750217847355039741e-02
2.152030400828816234e-02
5.036927676567720669e-02
3.120367815555006794e-02
4.006353809056065196e-02
3.922037931608848838e-02
2.614002871129089689e-02
6.823223737589416416e-02
7.590859810840693001e-02
2.531085368301286276e-02
8.173835480228133776e-02
9.177096696153491662e-03
3.150808553776295040e-02
9.127344209779364448e-02
8.073180109018304740e-02
2.708515344943322398e-02
5.491682077059691081e-02
1.546180270717256722e-02
6.829979833127033939e-02
9.003416856720611317e-02
1.261320652977048450e-02
4.825165888178663265e-02
2.834721728479399142e-02
2.274817474145185425e-02
7.766518889859806707e-02
4.022672297519892110e-02
4.566922251186843890e-02
6.329688061389758535e-02
3.214198247380403717e-02
2.360763161669194102e-02
5.031210862930198674e-02
3.351196942084974650e-02
7.452669039122385326e-03
1.027195251497788203e-01
2.561498577533365476e-02
6.332823233290654774e-02
5.892423728329209548e-02
4.759478458844831894e-02
1.183182051147834563e-02
5.435660261186334163e-02
1.052322456876510215e-02
5.321992008004753499e-02
1.463987409352698887e-02
4.313979175494433993e-02
4.525487669071122376e-02
3.220145018972430523e-02
4.431025436167825710e-02
7.792350953499894983e-02
4.615742573991007958e-02
6.974129091343717057e-02
3.746278913963963647e-02
1.071603381864370680e-01
8.420697206003664725e-02
3.384431942681976474e-02
1.755988617568951526e-02
6.355331362185062671e-02
1.451480869360049879e-02
6.326750415528441251e-02
4.118916658905111272e-02
2.730200645917451457e-02
6.981395754092430128e-02
3.209144754394421123e-02
4.463397081306975933e-02
1.028500665552131849e-01
3.899649168737206323e-02
3.427491233479809662e-02
5.005209235393156403e-02
2.938664545802921815e-02
4.746518897579808660e-02
8.219009061348495071e-02
8.989530086826605371e-02
7.876217910422922408e-02
1.046083040447405854e-01
5.181301439646766871e-02
3.326145819842862145e-02
1.350929740440634345e-02
3.966794657494522591e-02
1.645573195696571275e-02
3.288408521205297974e-02
5.598018211747018968e-02
4.018267656628659451e-02
8.734747244761568996e-02
3.773645920900925432e-02
7.241681978319645940e-02
2.682804893855412001e-02
4.161744232187958303e-02
5.966982858405871920e-02
5.002685317999139292e-02
7.672269360411974881e-02
7.950191544633002094e-02
5.625251283900707666e-02
8.061065775378535581e-02
1.708359468740681258e-02
6.833945599180614450e-02
6.133325751169450835e-02
6.912807317030698895e-02
1.167938747446382319e-01
1.114539253988642703e-01
6.766924436476240423e-02
1.042715020971737294e-01
3.656500453569860171e-02
1.025523676287837249e-01
1.626358452021291756e-01
1.067773472237651955e-01
1.986540635149274536e-01
1.711285123522515439e-01
1.150892935429153607e-01
1.555408669067245564e-01
6.122059786385852798e-02
1.205800249257241302e-01
2.942263512948420021e-02
7.507340517624173926e-02
1.248030802902797692e-02
1.990586717569702707e-02
8.456774514037511403e-02
1.301353904630812679e-02
9.179716842867462201e-02
6.455341572560878427e-02
1.335930651993080254e-01
9.499191288406044764e-02
7.279922066544335102e-02
1.421743503157305299e-01
9.452560787457184310e-02
1.312956172183348813e-01
8.741660320638497406e-02
1.092365076908622529e-01
1.496500539739026026e-01
1.018626436499952687e-01
3.952674133225429071e-02
2.368415488400044816e-02
1.063808354582360532e-01
6.658964430340828800e-02
1.567504505814703297e-01
9.436809366217395467e-02
6.503265013840692221e-02
1.594582325628849523e-02
2.367396653867737677e-01
1.990080560143818733e-01
2.301890956693176671e-01
9.256504288056338625e-02
3.198198179038088673e-01
7.199231719179015332e-02
2.109695116118510405e-01
1.869346803580975713e-01
1.707773147252442669e-01
1.335139784378459593e-01
1.065844492177124153e-01
3.214714108325535946e-01
1.010689397599834338e-01
2.483531367999509687e-01
3.873482781247933326e-02
2.883756741380075206e-01
3.163710960211671974e-01
4.815069526485246110e-01
4.970220083025869151e-01
9.133624358002707666e-01
5.651742269894616255e-01
1.468324125145172632e+00
2.770316145411498621e+00
4.121488484026935240e+00
1.693547975178021137e+00
1.749338010952591338e+00
1.262379723593600059e-13
1.406281824454064022e+00
5.622978181036271117e-01
8.145703042941231375e-01
2.975358953079325075e-01
5.345051402263132356e-01
3.458703856198811488e-01
1.242083788128812483e+00
1.593755221550605672e+00
1.731225450747346128e+00
1.754155333634817016e+00
1.736142776521670594e+00
1.831546536710708661e+00
2.207626003507431545e+00
1.456531032776142487e+00
2.552657981891644390e+00
1.535107207893338765e+00
4.466861007220324087e-01
1.098692683486966137e+00
1.142415419349400940e+00
1.898796841147383230e+00
2.241569137006552914e+00
1.893470352944030655e+00
1.649825856878913033e+00
1.842572558511653913e+00
1.492001788318366717e+00
9.101541814337000824e-01
1.404511072608673139e+00
1.419924732726120631e+00
9.127476427780143453e-01
5.372200272990194092e-01
1.115240840063906752e-01
6.541976428695471801e-01
1.590428286347391529e+00
1.956022008965956571e+00
1.242449588602606791e+00
3.417358038956954669e-01
1.052085665828522698e+00
1.087363522259129356e+00
9.936597119882677465e-01
1.183396212427846539e+00
1.418091983791176958e+00
1.655136206274301358e+00
1.500147615571890913e+00
1.068013124332368946e+00
6.811113136408576407e-01
4.115181634869721217e-01
8.656814554528159400e-01
1.153225601709507941e+00
1.103423085997143449e+00
7.760710097814639274e-01
6.666636080636937356e-01
7.386048387443265861e-01
9.340909529706143966e-01
1.028595655341151272e+00
1.035851297825170159e+00
1.482464456529577923e+00
1.972210425205486839e+00
2.145861000231862992e+00
1.942842464774869882e+00
1.560872146228567958e+00
1.036198440163450529e+00
4.995940481953756729e-01
1.746533864407027181e-01
4.526154303639464138e-01
5.321801469600750956e-01
5.592515215519712202e-01
3.674272679613921899e-01
3.308452716442004116e-01
2.085859273407612569e-01
2.437161292792824618e-01
2.054231590772386262e-01
2.603192961192888899e-01
2.543856758572158872e-01
2.607922285998509615e-01
3.360093396301330748e-01
2.653064600905123971e-01
1.938871058512358636e-01
4.738904391345131334e-02
8.948257616543250914e-02
2.476808880930843337e-01
3.551294707846885390e-01
4.400870096183417401e-01
3.551792560437995183e-01
2.992834436114725216e-01
2.273511795789670276e-01
1.584815921335348821e-01
2.461671501088036063e-01
2.055278715094851771e-01
3.477680318320469088e-01
3.739297640411797241e-01
3.274701761444840376e-01
3.384593962078727980e-01
2.723896062932528728e-01
2.479410161487455855e-01
2.639868829561075048e-01
1.949023218265571733e-01
1.647605837811436935e-01
2.031583272280960417e-01
1.299849589117287041e-01
1.057820332570348631e-01
5.156218113019137711e-02
4.226530990289280310e-02
2.472757486519354397e-02
4.382942929241110536e-02
3.467398190013932374e-02
8.684098016747124338e-02
4.197251881104142879e-02
2.340000892543569327e-02
3.846032889413383143e-02
2.546132362685842379e-02
7.839500552472690453e-02
4.611665599351337519e-02
2.907220025598960395e-02
4.576813612877515119e-03
2.585080691990860116e-02
4.099786394213149332e-02
2.819179414461851774e-02
2.738107486076283084e-02
5.021502772146191340e-02
8.636507800641099464e-02
3.780818633081034497e-02
3.743259703850457254e-02
4.648675959156156612e-02
1.199588760399083326e-02
4.333008396869934831e-02
7.120696255849441603e-02
8.532405182533649157e-02
8.255411479152502396e-02
2.564396847181808770e-02
2.354768839865811411e-02
7.583912094893754952e-02
1.130357823611819953e-02
7.406594028922211526e-02
1.354635827481513732e-02
3.404046711025120880e-02
7.579759691878634742e-02
3.631583998365314064e-02
4.768963414499294978e-02
7.326634539125198575e-02
9.077869265776576657e-03
2.341267908917459700e-02
6.955181060655468706e-02
3.428457273193101507e-02
3.951989931566760039e-02
5.849225878670135520e-02
4.618954449422503494e-02
4.040282289464165039e-02
6.122652683185873107e-02
2.368277194240638039e-02
5.304760253772349693e-02
3.265774091221499559e-02
5.722492966791746516e-02
5.284110510832892849e-02
5.954637043033645695e-03
2.134864218097322353e-02
6.496717397902136704e-02
5.395886524489612590e-02
3.801250845053596311e-02
6.546430787674310803e-02
3.273498156400463099e-02
4.295069109360073051e-02
6.802298400405955292e-02
1.042574361821824343e-02
9.377104041180199523e-02
3.537487965569535014e-02
1.632934378423431948e-02
6.160662631442988951e-02
3.609583745855413084e-02
6.183202043392019981e-02
3.468868913895344769e-02
5.739860424604065897e-02
7.854003890988137115e-02
1.719960720035137655e-02
3.985295351363251498e-02
6.172300150139448105e-02
4.025035407617585936e-02
2.666159522273292212e-02
6.296074400463226584e-02
2.857375704979236292e-02
3.770956564197067151e-02
6.329771501243570964e-02
2.226066419091326382e-02
3.848289155662556332e-02
3.978109182418532175e-02
3.454691991143481189e-02
3.912648862953753415e-02
3.232482081911983163e-02
4.577497393082579497e-02
2.550549327293618121e-02
2.549044366475014534e-02
3.804852773499049073e-02
6.021723351471492541e-02
4.600235303517138941e-02
4.579454432486154691e-02
6.952018370428687810e-02
1.128647669938849171e-02
4.094971550339127769e-02
5.027165922822417893e-02
6.178514281407068709e-02
8.295929443579712348e-02
5.572189978355515660e-02
2.528596932365689831e-02
5.925146870315706193e-02
1.494406216483348988e-02
5.317904567408923699e-02
5.852261247841000769e-02
8.846609852602856441e-03
6.996301728547880960e-02
4.937054298919123924e-02
2.534363084816289649e-02
8.224468714841451367e-02
4.446108001690563666e-02
5.405448028533149651e-02
7.320358383124990487e-02
5.810265655099097759e-02
5.372448993838559866e-02
9.372080506552013524e-02
3.636248675053779106e-02
5.006367644222295410e-02
5.276673860614730649e-02
2.655646119619410606e-02
4.617973037558683463e-02
2.668384748709866708e-02
3.471174804721766788e-02
2.088059600002259431e-02
5.426969550504614354e-02
4.463884819248308683e-02
4.136917262760022446e-02
4.065944344460383636e-02
2.796533727883200593e-02
3.179758879188217258e-02
3.111961798208859320e-02
5.947605785533439243e-02
6.125413304969869882e-02
2.687717738824444216e-02
6.592515086930099411e-02
2.572886613700760966e-02
3.145095899230553049e-02
6.168955411448549808e-02
1.546247358085734054e-02
2.698113004798754697e-02
7.298894502932364026e-02
2.044514600468864268e-02
5.478662112338321399e-02
4.116447261756198128e-02
1.707529797104838029e-02
7.076854988832301241e-02
2.778853176636758224e-02
8.305905512869632412e-02
4.766773390068314298e-02
3.839058846344112902e-02
4.462425484474414478e-02
5.867831699938080847e-02
7.167213422384447266e-03
4.198348926485489380e-02
