9.863021497366465662e-02
1.344585418470084781e-01
6.585924337662335537e-02
2.569323009445452777e-01
1.062367401617441282e-01
5.665822328921751860e-02
1.968546847394073429e-01
1.157041116481928866e-01
1.745451754543972667e-01
7.943348858157874004e-02
2.655142893849441951e-02
5.318797678670571932e-02
1.794319145119404324e-01
1.013699854344938117e-01
3.276785565053854654e-01
1.511626487921509665e-01
2.837106405916384536e-02
1.714259341172419404e-01
3.088125325797076437e-01
1.037334926620150227e-01
2.558817991054141427e-01
2.713106226165565849e-01
1.810442251838024486e-01
1.976186617878994689e-01
3.524502050056864122e-01
3.859545983507354366e-02
3.126656784935628597e-01
3.237647928296196742e-01
6.427860623620229585e-02
2.172560731322108196e-01
1.306298225385574274e-01
6.883473506218432125e-02
1.613754044983278235e-01
1.204296190203966999e-01
1.431414383156347503e-01
2.278844208960318640e-01
7.584849545145030958e-02
2.056417831105458172e-01
1.690461241681909255e-01
2.172822427336201234e-01
2.102062806640161430e-01
4.266165087133923506e-01
1.730021019351312417e-01
3.142328058415104763e-01
1.515871012764249404e-01
1.245681586774729926e-01
5.745018769842147321e-02
3.725584541166916952e-01
2.601248500060453495e-01
3.289234613329548584e-01
2.477420332246940970e-01
2.219014423512536693e-01
9.392511644296383522e-02
6.600964200475674393e-02
1.163489465072970880e-01
3.549944371351854699e-01
1.077064296180084008e-01
4.186811582491783423e-01
3.789887669460072495e-01
1.393483480934323560e-01
1.818981779160155354e-01
2.306649999156963615e-01
2.170408352633593219e-01
1.877573160058363111e-01
3.369117887582591675e-01
3.060092691257038089e-01
3.645654609165459581e-01
1.860309575765766998e-01
2.004307452253722699e-01
1.508689844079367237e-01
2.514366802183573557e-01
2.955835796507634838e-01
3.242686649774122465e-01
4.387124091854161523e-01
3.266058025105424423e-01
2.597098847798984256e-01
2.543179919788080001e-01
2.076933989170178796e-01
1.826341673824741774e-01
3.827738186624772554e-02
1.593008851974759554e-01
4.814091285999449465e-01
2.337270349675693026e-01
4.869624627570146580e-01
3.934410585929157267e-01
3.742142606066561350e-01
3.206881879113022138e-01
2.678539837769157717e-01
4.247549117316721801e-01
3.923342541716798859e-01
6.420771390986717009e-01
6.178104225609174494e-01
8.062440984703781455e-01
7.872860167919877306e-01
1.025342838942577606e+00
1.160005648240775900e+00
1.277562914853662468e+00
1.293922666326140503e+00
1.613306227487889100e+00
1.595148386701389587e+00
1.509727186846087754e+00
1.666469226518157543e+00
2.134298642788434286e+00
1.600263811157753846e+00
1.908027770433876613e+00
2.448059071543556175e+00
1.957861528500745019e+00
2.359503242668437917e+00
2.533744923347816425e+00
2.218392778599887816e+00
2.425332971678847649e+00
1.627782921856589571e+00
1.495452187171051328e+00
1.393545713634962935e+00
4.354781016166011653e-01
4.041247965830987998e-02
1.038825549624525557e+00
1.788204962976588597e+00
1.231299167550118145e+00
1.602572627765965985e+00
2.515661714348951694e+00
1.050952861433049224e+00
2.041368435141504456e+00
4.743036018637594164e-01
1.580937306552416599e+00
5.749381046538768469e-01
2.767733729587825930e+00
1.968069598858995350e+00
3.101868157829580586e+00
1.652385929106293228e+00
4.386283244513776047e+00
3.328178720688977243e+00
6.001680516648354669e+00
3.663415333703893939e+00
6.060767318115285462e+00
3.173929559320744165e+00
4.924804847096048377e+00
5.342801960418715801e+00
5.836732027338068285e+00
5.988120409184433335e+00
3.849166426762949289e+00
3.299620283777359386e+00
2.673054361901330278e+00
2.358711843623811255e+00
2.485130334734931168e+00
2.393730552963609703e+00
1.811464433643854788e+00
3.315547722593695568e+00
4.398420364432033658e+00
5.652322732399205130e+00
4.478200666546767295e+00
3.497444985783036309e+00
3.082186326240488494e+00
3.502399666700108050e+00
5.598589683212194856e+00
6.004190517813820627e+00
7.430853970134700504e+00
4.814461864019077275e+00
1.656392084946682663e+00
3.378305965280653744e+00
7.024013078921007569e+00
7.157698767321266864e+00
6.745099785694412375e+00
4.466869284814788621e+00
2.413535158799568592e+00
6.543998079831516712e+00
8.787861879256272601e+00
1.322415329663250994e+01
1.690421220516099510e+01
1.535581223442974519e+01
1.212224051452155749e+01
8.866764559851434413e+00
6.600202295032441491e+00
2.087263422316770090e+00
4.432101837979554482e+00
8.925487310906719429e+00
9.716395966105055848e+00
1.009584573363389381e+01
1.098662198528837308e+01
1.060720849015834233e+01
1.070212595966238922e+01
1.102668061894021712e+01
9.286612127188300647e+00
8.309704098211746270e+00
7.500616933017856702e+00
5.390890290647037730e+00
3.385597245773085184e+00
4.105469487033031939e+00
4.768238957921258070e+00
5.450001174246656532e+00
6.019058509651149080e+00
4.567671876473112569e+00
5.339252868974664779e+00
5.686510565811103923e+00
6.283556651060088427e+00
7.586074376902720573e+00
6.091592224435967040e+00
6.115307179936760207e+00
5.104664661199556974e+00
6.292213715272205299e+00
7.881736494238653634e+00
7.885120987855085417e+00
9.832219772408704372e+00
8.013643706944382217e+00
8.710480557547290559e+00
7.668404230155427825e+00
8.013310576724133938e+00
8.259775613868320931e+00
7.803109824663497562e+00
8.510760400974215045e+00
7.197586475136390938e+00
8.418648465682842641e+00
6.903828209738676946e+00
8.217563634076674006e+00
7.007172220925311557e+00
7.996235356700882591e+00
6.831747671830114221e+00
7.541543100348113704e+00
6.563934718655384692e+00
7.204894857495427019e+00
6.538070148736722764e+00
7.147582714974880957e+00
6.678409568168351740e+00
7.185641632463920736e+00
6.840113631628759627e+00
7.391470508635885395e+00
7.067547089399537796e+00
7.349430068337203359e+00
7.137618290255539399e+00
7.389983458772507952e+00
6.958359755580540096e+00
7.229993416577414678e+00
7.119041904976182167e+00
7.454875906439075273e+00
7.286613793485592794e+00
7.651607443341513992e+00
7.262782338328475085e+00
7.446374361208028425e+00
7.375275595951377383e+00
7.624649888805572928e+00
7.505418565733278591e+00
7.555594849786428036e+00
7.212162543898799072e+00
7.177783888036564086e+00
7.237584394953351818e+00
7.137913724575209784e+00
7.404780579631117021e+00
6.708976358719305644e+00
7.029366756224561641e+00
6.613362985510768510e+00
6.930607691300616047e+00
6.403646677705914669e+00
6.934016487708121623e+00
6.479966397475249273e+00
6.275172917243622805e+00
5.200950087630380914e+00
6.155483356642004759e-14
6.849710171997019259e+00
5.791846442535163675e+00
5.213561585587225267e+00
5.623440335222623432e+00
5.158927966275087762e+00
5.820434381203734908e+00
5.330335582834690555e+00
4.611410469283748981e+00
5.174559682680792250e+00
4.711889095731889299e+00
5.032880141315655642e+00
4.973469616864578668e+00
4.326751677101322358e+00
5.014808681568932336e+00
4.876785486618318899e+00
5.110773525431162589e+00
5.571696636310225159e+00
5.077537313238867256e+00
5.416264553765375744e+00
5.452090432164670375e+00
5.363675130776806910e+00
5.595786926115782656e+00
4.913344615476438193e+00
4.572266230829141520e+00
4.602742161766435913e+00
3.858914538470377575e+00
3.333093061123140188e+00
2.577928309274076568e+00
1.910268754911911504e+00
2.003598887648647242e+00
2.154177211673118375e+00
2.301428875508883198e+00
3.122692467046951137e+00
3.798859496399083824e+00
3.907259120554307241e+00
4.056127644142392796e+00
3.973313781695589686e+00
3.123372651328466976e+00
2.686729177700692084e+00
1.714210297116406823e+00
6.348375366186012059e-01
6.014325360218557570e-01
1.718540494900402171e+00
2.426870884344790813e+00
3.006552308556643460e+00
3.494167764734371850e+00
3.728832822449991813e+00
2.674633780556949780e+00
2.545982359238190718e+00
8.196766735257042802e-01
4.577896226035003124e-01
1.483552007667038541e+00
2.882325463663919507e+00
4.476962293927888581e+00
3.547037572090247171e+00
3.825856214525231280e+00
1.485304282343344440e+00
5.845133565825202382e-01
7.352832869964388562e-01
2.987570409149853390e+00
4.755228724623558278e+00
4.340032581123851152e+00
4.410927013871147828e+00
2.315413203149564669e+00
1.571576798745365267e+00
2.063021196753936248e+00
5.207211991803823992e+00
5.552125661268239476e+00
3.608016682856410640e+00
3.705015715164825973e+00
3.298598641696792289e+00
3.070907471693181456e+00
5.132679820748206723e+00
7.179169917588270167e+00
4.771430018907401482e+00
1.415295740663232715e+00
4.431509904837448666e+00
7.550417067126575787e+00
5.994136778435996682e+00
5.899332422302769885e-01
4.052532252186263229e+00
5.448229071772018095e+00
5.019168857207632506e+00
3.597866703871249516e+00
1.087989703914215012e+00
5.982295187644056433e+00
9.569024368041837647e+00
2.825977288220395511e+00
6.377588044910976528e+00
7.238102722319317728e+00
3.720835039725761462e+00
4.508863574614789371e+00
3.162415384446705335e+00
5.595020210082735090e+00
6.520436619508763521e+00
1.330244987987401872e+00
4.735439048145417829e+00
4.440886054373960334e+00
4.584532809601364889e+00
1.733844628128912380e+00
6.072898677357247088e+00
2.088871853437095805e+00
3.362879881826502437e+00
3.230926395112800886e+00
4.480316717556398487e+00
4.520437855634380497e+00
3.161973016826153948e+00
4.582113778945506866e+00
2.513752171267457314e+00
3.266290203871202724e+00
3.959759937746962333e+00
4.267047654620824026e+00
1.786638169377386731e+00
1.087898517026822054e+00
1.122645458274324382e+00
3.642197777329162722e+00
1.164619387639915127e+00
3.534058630045967764e+00
3.213260163458159901e+00
1.661712904451571049e+00
5.780675930144981045e+00
2.196548911255133074e+00
6.840491281143757263e+00
2.629063123885451603e+00
5.930157711492305417e+00
2.643548683662412468e+00
4.722805890120072014e+00
3.272204749438677229e+00
4.415076425066979837e+00
2.225423133110400631e+00
3.047685655143165917e+00
2.470779050835398394e+00
4.363812740235267107e+00
4.564498363902150579e+00
5.976662728192488672e+00
5.505323449230930422e+00
5.533612651156006201e+00
4.902660715974699102e+00
3.242374688854154474e+00
2.190239426734823969e+00
1.583434209121980407e+00
1.957486523263364253e+00
2.846770644784192505e+00
4.439062396764011709e+00
5.856500954764652711e+00
6.373150638385707722e+00
7.125499352447209667e+00
6.976549099848616819e+00
6.735476678948919549e+00
6.596824902806408097e+00
5.777481847015415006e+00
5.448711420867761390e+00
5.310466679759008990e+00
4.726042121166417864e+00
4.595543185833589561e+00
4.469781730690690402e+00
4.178869816043334851e+00
3.752391451304988745e+00
3.557268539576448063e+00
3.037240073273054897e+00
2.683188555453201118e+00
2.355458599201185610e+00
2.049941984265818640e+00
1.748804150796380519e+00
1.587283990091191921e+00
1.268989511786557722e+00
1.158175648332229635e+00
8.313400021996226741e-01
6.867586217287625638e-01
4.767313142032708062e-01
3.608388555136215481e-01
3.639912461377532438e-01
2.660208696949761253e-01
4.699658796188569410e-01
2.607024941608253044e-01
2.963442198564950059e-01
2.434235380472688504e-01
2.304140998645160532e-01
7.170493834009068757e-02
2.098955314200990907e-01
2.470124168359996153e-01
2.854711365876171358e-01
2.118351884903894866e-01
3.207419066598899415e-01
1.518194978600214962e-01
1.272251823873082888e-01
1.167146117787901810e-01
8.252334153507251413e-02
1.457023633615025793e-01
2.568905596081771381e-01
2.763969326829693873e-01
2.338166717649745041e-01
3.282063905462608844e-01
1.709740706547763500e-01
1.507880737204009836e-01
1.243846888916171206e-01
4.362172859910261047e-01
3.744851828984306352e-01
2.711084283067448086e-01
4.424133466819875626e-01
2.075251387968516936e-01
2.579268044938917703e-01
2.479535643914255738e-01
2.757700314463233937e-01
9.332880060325211835e-02
2.618549896629707163e-01
3.052710941889806295e-01
2.558660099487978234e-01
1.053274206399696933e-01
2.443926168637955698e-01
2.316158088786157421e-01
2.326886158293112461e-01
1.732764234074792020e-01
5.354416145640463753e-01
2.032462439428692202e-01
3.479938470326727762e-01
2.445126608122863976e-01
2.097727809972138868e-01
8.677003811148568946e-02
2.395296870046217941e-01
1.534353883560300447e-01
9.589502784462515528e-02
1.567529421185732130e-01
8.083942942724989256e-02
2.357754454965719226e-01
1.094979246073034540e-01
1.562779656090223235e-01
3.292426651777376478e-01
2.375099946733502387e-01
9.450895971811354435e-02
3.949317767816700742e-01
2.819079504727911023e-01
2.852463227156244452e-01
2.711580658921606823e-01
2.874953259916646631e-01
1.462065971767143036e-01
3.293568802795198702e-01
2.278968229582022664e-01
1.719642593586911405e-01
2.127642398357480757e-01
2.659682801794839846e-01
3.033264920328153369e-02
2.387755766617203623e-01
1.595742600467439098e-01
6.586800783137283788e-02
1.368869591630021976e-01
1.914938132505819013e-01
1.532336496626926781e-01
2.057751370520868595e-01
5.594361171479271533e-02
1.163972468241129682e-01
1.039178645690865127e-01
1.925256407370746492e-01
1.205540405136870247e-01
1.999144018969291337e-02
