1.465635732655788150e-02
1.246830697835436541e-01
2.082713325355649292e-01
2.353357352233474420e-01
2.566995910221565036e-01
2.403799018695966239e-01
2.211553608260845571e-01
1.308832425390512866e-01
2.645138003015987810e-02
6.345599453142126978e-02
1.085302924284855114e-01
1.610871905051062536e-01
2.606357322815363031e-01
1.866391464029247271e-01
2.605706062477267659e-01
2.394757116225715854e-01
1.866748125812509318e-01
8.567881918776554251e-02
3.735610834480394826e-02
1.415365426758844747e-01
1.850720869353372211e-01
2.747821044086651843e-01
2.883107145006380545e-01
2.758777416745973321e-01
2.034039728459163809e-01
1.751644053703449999e-01
9.126630002316497847e-02
6.463241091720405007e-02
7.745597699243744749e-02
1.528739377759135432e-01
2.713994060336298308e-01
2.729358362093076140e-01
2.722277995739570411e-01
2.109509046285731326e-01
1.668816503509221449e-01
8.881488075317407749e-02
3.457193796070468644e-02
1.003189874787698416e-01
2.395221220470127033e-01
2.543201836406689953e-01
2.546097174493855975e-01
2.546882874740220015e-01
2.429732813037401573e-01
1.623892226462240185e-01
9.294705063530439570e-02
4.136988536349642254e-02
1.280153281859305603e-01
1.654058190855033084e-01
2.750941274326991204e-01
2.601406466713222509e-01
2.792564531930948890e-01
2.440706321155320657e-01
1.566688067713765398e-01
8.683091709601034602e-02
5.225499514486834501e-02
2.057091130043918747e-01
1.914311730676283574e-01
2.102382891731964798e-01
2.788149071098981469e-01
3.203315113247166002e-01
1.794298781736503590e-01
3.155349316054077979e-01
3.477200666475819268e-01
1.256374423669933404e-01
8.576333864741622626e-02
2.571986096810075506e-01
3.187190907209208057e-01
2.847828326786932540e-01
2.836028080033822785e-01
2.674844685543984468e-01
2.363855288348287453e-01
1.311011158993462544e-01
6.117176545154123790e-02
1.328414731723321918e-01
1.776991243132107767e-01
1.726784775140575989e-01
2.650285888232890019e-01
3.107243317518553760e-01
2.870938460964236327e-01
1.610362657284592769e-01
1.165776897193574052e-01
1.506773291278322713e-01
5.839767425899443365e-02
1.637558975219704227e-01
2.590722012306412303e-01
2.951735996883620983e-01
2.787407905773339190e-01
2.317515164907960057e-01
2.471740798290003871e-01
1.471751348772804280e-01
4.457329562891447494e-02
1.188723647114182103e-01
2.281956175226109995e-01
2.374270683058931075e-01
2.658762444339752284e-01
3.085374175684825193e-01
3.110323617922251538e-01
2.119084561414616152e-01
1.073625316367926297e-01
9.919639684694211978e-02
1.071869428948795805e-01
1.446606102166540786e-01
2.476563891206987611e-01
3.082830496172377921e-01
2.986470068533579880e-01
2.749433120984129397e-01
2.827933593813465873e-01
2.179755127437365547e-01
9.697481692743657733e-02
1.037303347171784074e-01
2.546510018743259329e-01
2.152281952850074731e-01
2.807857774695601827e-01
3.146331415787469998e-01
2.718931984393441748e-01
2.439296769001344789e-01
1.580022216679241309e-01
1.023774629524308172e-01
1.382933485665673867e-01
1.971413980003685618e-01
2.730332500888780767e-01
3.100903797547222007e-01
3.410615578108582291e-01
2.642082642854115537e-01
2.900997218918658915e-01
2.012014225228411501e-01
7.319405489798737341e-02
1.076407564537855549e-01
1.522206480973550546e-01
1.838372979379465921e-01
3.191329107826437195e-01
4.700005864982831350e-01
3.910208436130890308e-01
1.559745187205479333e-01
2.581030301192993037e-01
1.297775873293906812e-01
1.093859758515787622e-01
1.778259977484895338e-01
2.386782132054084959e-01
2.786600124637983456e-01
3.156474875381031220e-01
3.012019836163589148e-01
3.594042778562807627e-01
2.838791620003499605e-01
1.289142591242281310e-01
1.626991264242171054e-01
2.085141294056880867e-01
2.195572313905943818e-01
3.209589319412862185e-01
3.877225273870129052e-01
4.342701888136218380e-01
2.837895667516423526e-01
2.042702410245771372e-01
2.010673628964182447e-01
1.495222843337297158e-01
1.818883164203605740e-01
2.913995037388112386e-01
3.573633436820659592e-01
3.168868216807487759e-01
3.484348078738755961e-01
3.804397619517352336e-01
3.406153820091539219e-01
1.004162049213961766e-01
1.509299878215773771e-01
2.446917339916326595e-01
2.916007708394979803e-01
3.482217550293724151e-01
4.389012689010536872e-01
4.313618864937676656e-01
3.485962547708023607e-01
2.606287351668073460e-01
2.426439856635942138e-01
1.795557549943686826e-01
2.103616356758101491e-01
3.287111422147485640e-01
3.845568275881307563e-01
3.703581135091560395e-01
3.896013185350677976e-01
4.455500055111052404e-01
3.700283384512472740e-01
2.132062701385691872e-01
2.679661866804756154e-01
3.067232077199085749e-01
3.278051417479598828e-01
3.454271829981452879e-01
4.603577430304859885e-01
4.961125807513626640e-01
4.202609884465071111e-01
3.734902578013888363e-01
3.143332814354337645e-01
2.489276505477527879e-01
2.690709318227511582e-01
3.919563012447357941e-01
4.573966071010229784e-01
4.716073528571128604e-01
4.389540972991967105e-01
5.327318813934538433e-01
4.390506026028879738e-01
3.074137492261467819e-01
3.078884739284513117e-01
3.675778471381026535e-01
4.082982384876595039e-01
4.708004102152639203e-01
5.841495222378338958e-01
6.309171522211054484e-01
5.673690608036179306e-01
4.898026224942347295e-01
5.038633350692531820e-01
3.504254430997505998e-01
3.062512781216502611e-01
5.228864041590437495e-01
5.514293971207386846e-01
5.958449453655316752e-01
6.249908538392077162e-01
6.905420439016081158e-01
6.161766398870837103e-01
4.754874630524644208e-01
4.664577985105836100e-01
5.563609701583208667e-01
5.868226667015722375e-01
6.673525250714560375e-01
8.097743181998340312e-01
8.109528203210361053e-01
7.319013193551952012e-01
7.119186502044999587e-01
7.108301179194477237e-01
6.841745055609662618e-01
6.540404812804191392e-01
7.692183418982079246e-01
8.740188179662209400e-01
9.092959822843073026e-01
9.417844919875256737e-01
1.119622107755896989e+00
9.962705227485290083e-01
9.440102005654074091e-01
1.000065680869318463e+00
1.050408713962984075e+00
1.111857511083425232e+00
1.115344422526351797e+00
1.325200207270260000e+00
1.367733879866877666e+00
1.520158719434791417e+00
1.395968183772148263e+00
1.588051427748195188e+00
1.657101395038245162e+00
2.052965777722473018e+00
1.804830062747379893e+00
2.510653538046665023e+00
2.315305283093812783e+00
3.080014481040115548e+00
3.836862737317606520e+00
3.836559620982361807e+00
5.863552263258180020e+00
8.615679162185323037e+00
1.402742086660889065e+01
2.472746904057117945e+01
1.656247735734834228e-13
2.188156564839040996e+01
1.962687089820010655e+01
8.304223821000524808e+00
6.983657535786968573e+00
5.745030424076958298e+00
5.299742874374253176e+00
3.675359647056495760e+00
2.872154280624611200e+00
2.769220049742740830e+00
1.892757332074294530e+00
2.073387119370025289e+00
1.864936908878318089e+00
1.720933489783732506e+00
1.642265084584811907e+00
1.674403115959226307e+00
1.457851202809761437e+00
1.488086532776110582e+00
1.244233080103414046e+00
1.137524192317136862e+00
1.070701925043443303e+00
1.035006042778698232e+00
1.015191279839418259e+00
9.938270770376476104e-01
9.869808232359730260e-01
1.124735298694059749e+00
9.445358510324771695e-01
8.001958627280045810e-01
7.489037423698332585e-01
6.515411617765453078e-01
5.832475184169596538e-01
6.671905059080337486e-01
7.829467932227937021e-01
7.745306281373751656e-01
7.635748506977364514e-01
7.092186595756220235e-01
6.339792005723292601e-01
5.024783975184501372e-01
4.549374083621189890e-01
4.655714916791606206e-01
5.248933105739833627e-01
5.515491125537385075e-01
6.373277229241891551e-01
6.454075131626694217e-01
6.007338598499896154e-01
4.788030353871955969e-01
3.983622294631572469e-01
3.719751262153116467e-01
3.900658810002589072e-01
3.107541254206683812e-01
5.068752641236138334e-01
5.496447438075726666e-01
5.085489927247655029e-01
4.973515670459364713e-01
4.470196228281976825e-01
3.616166043550808062e-01
2.730502536721555740e-01
2.889881739120864212e-01
3.340060421872630414e-01
3.743442499799856660e-01
4.541404069681570510e-01
4.961335221979158439e-01
4.633245335380689056e-01
3.017882499215978620e-01
2.644611025017341022e-01
2.539184153749020623e-01
1.751029206342848143e-01
2.750734157112431633e-01
3.985055345548424444e-01
4.914451463312226598e-01
4.207308879420819658e-01
3.131778006133828507e-01
4.344974101832956292e-01
2.563809369877059763e-01
1.908176739856433657e-01
2.467640838155890637e-01
2.265967908103257711e-01
2.858642245300357376e-01
3.803319605669863712e-01
4.261401459628075816e-01
4.010883279579276484e-01
2.923566224443340800e-01
2.533041033136740894e-01
2.351294818698754507e-01
8.289659441497058967e-02
1.760066810465805431e-01
3.124125986398361698e-01
3.276055312763159200e-01
3.153453836552684297e-01
3.460783780942830457e-01
3.428896195195832997e-01
1.808840181271611502e-01
9.068072844365411556e-02
1.595974306744953053e-01
2.212987396113565985e-01
2.517929391877935519e-01
3.330823503804447028e-01
3.930010416139586571e-01
3.440444011433161364e-01
2.408538009326681162e-01
1.938181057437699528e-01
1.590162745818865520e-01
9.733159145280945168e-02
1.856400305992237654e-01
2.844830940647581907e-01
3.300186795914877846e-01
2.941505517092986577e-01
3.266074086856960434e-01
2.712242016853752546e-01
2.156261612902966029e-01
9.457627286809375255e-02
1.254188567211083349e-01
1.695615040080524216e-01
1.911479070043017869e-01
2.687345967562713711e-01
3.437072479950485926e-01
2.732536363565565285e-01
2.047506227092319719e-01
1.344956937014066822e-01
1.404398947358705407e-01
6.808035578785137654e-02
5.838180123667221361e-02
2.778888505593633540e-01
1.260050718047413254e-01
3.589736567167144399e-01
3.866279832125614213e-01
2.930498629390556053e-01
2.143143528886867211e-01
7.065745937210134164e-02
7.406775907633744715e-02
1.238123244599450695e-01
1.712709042976998941e-01
2.623914992679581837e-01
2.485657916065945605e-01
3.070858304243283543e-01
2.209935110146948045e-01
1.848725643986851574e-01
1.533927179364657223e-01
6.886993225094507898e-02
1.206282911134312075e-01
2.561322854938143934e-01
2.895320850125349121e-01
2.995488201648852100e-01
2.449161897692006817e-01
2.447349710630938868e-01
1.200929347860488078e-01
1.384667709687040504e-01
6.303630827834426353e-02
1.445059513246754468e-01
2.274553050845244118e-01
2.417228970816707179e-01
2.731593850263508427e-01
2.889762928376115036e-01
2.309640833485983591e-01
1.726644814974515607e-01
1.003231689458881915e-01
5.949849364347483544e-02
1.249603041368378964e-01
1.907753603199509596e-01
2.038623995511465448e-01
2.867221216788187199e-01
2.628558270555571008e-01
2.576173956342123206e-01
2.077911598904298718e-01
1.108710473706381872e-01
7.351271614479133742e-02
9.245861294581718404e-02
1.135633580507860035e-01
2.216722685774299151e-01
2.597347435569793972e-01
2.428856359850459501e-01
2.522012895080824046e-01
1.651465548205751088e-01
9.737332830790347560e-02
3.668069617637965962e-02
1.005512796181012580e-01
1.754628814976988138e-01
2.180712695745085916e-01
2.507431624291885375e-01
2.468100920626290495e-01
2.796226766084025095e-01
2.076268505283020149e-01
7.630607089061192116e-02
2.153609670349082919e-02
3.963233408361094973e-02
1.545144875652655903e-01
1.859441822524959542e-01
2.659829791948905009e-01
2.664812113739093435e-01
2.150608962163196303e-01
1.933376046802591786e-01
1.329460759425484806e-01
1.632249704800719375e-02
6.424942977172704017e-02
1.468872797418693532e-01
2.502531236722351782e-01
2.241387017985538577e-01
2.448894990668217253e-01
2.469897010635236090e-01
1.873542392561809711e-01
8.369777893361840526e-02
3.870691928876025117e-02
9.195329858662468214e-02
1.650380374619924428e-01
1.828575464423519148e-01
2.357549841629940635e-01
2.446682633984225141e-01
2.250450026095326683e-01
1.834789770659259189e-01
7.690786575036138994e-02
4.487862590146596969e-02
7.403009728457647654e-02
1.618482105433590168e-01
2.313672172658391701e-01
2.045740894738891369e-01
2.434507242173074293e-01
2.332226154342386670e-01
2.213228249726311159e-01
1.217279977966766180e-01
5.346888475869552432e-02
7.918621825289104410e-02
2.041174480135154456e-01
2.167346807770829942e-01
2.234101548817719052e-01
2.806653067058249573e-01
2.289275220780871978e-01
2.391034513115240789e-01
1.138844120769479384e-01
3.002013226126137510e-02
6.701176517769293073e-02
1.691511764805758433e-01
1.687245372064905546e-01
2.358291957934665062e-01
2.641009174001308080e-01
2.411159708469512442e-01
2.389856406276423262e-01
1.210130958066683998e-01
3.673960799895705648e-02
6.728987572256156513e-02
1.508433776949368033e-01
2.172719817227221628e-01
2.819809457285373244e-01
2.515027498588287003e-01
2.358464246598598879e-01
2.052270969264238798e-01
1.096739113852855246e-01
6.284038904928053448e-02
2.859743341504127415e-02
1.193130860859883124e-01
2.018755533923176082e-01
2.629449476824557985e-01
2.336657172074191047e-01
2.424670031206511145e-01
2.378464680060214942e-01
1.447407103197578537e-01
5.424295790091762659e-02
