2.987820943820482938e-02
4.447795783365276340e-02
3.845017620029098082e-02
5.637233415854354251e-02
4.126720722986479406e-02
1.260899314631725755e-02
2.447526987104612500e-02
3.037734486116244748e-02
6.272662281905556220e-03
1.899690393968101257e-02
3.020923595430598588e-02
7.137977607276996261e-02
4.504764146824150571e-03
1.924927373030324226e-02
3.191336680032363232e-02
7.996660537307227756e-02
4.147284967572892334e-02
2.170742990563105310e-02
6.726438678452858512e-03
4.733923705777341034e-02
4.217637272203048765e-02
3.041202699086626229e-02
2.330016020489033765e-02
1.266484454632850476e-02
2.992350023885419902e-02
1.458043778876929111e-02
5.741674792905515634e-02
1.400544523233624404e-02
5.474647253411278613e-02
2.524200705004808060e-02
3.359386140083002459e-02
1.071440938475883703e-02
4.232229611244458373e-02
2.915103778923218425e-02
1.726395116721846784e-02
5.956232876519843705e-02
1.566206356211557321e-02
7.560246296012206046e-02
5.745684678847829546e-02
3.546871495377912353e-02
5.156455699114190216e-02
5.157324464098673317e-02
2.658615141206337878e-02
4.644014125632769246e-02
4.320590745386212322e-02
4.360629382021178474e-02
5.116865260170810892e-02
4.740434822572851120e-02
5.037956186463588004e-02
3.728270022318187077e-02
5.972281719954601609e-02
3.929840720317706593e-02
3.836386613549332136e-02
2.142676850122304105e-02
4.449204512582096566e-02
6.393679773134333666e-02
7.861197697757867087e-02
7.848948363455073018e-02
7.827971257633394020e-02
1.415087619872895108e-01
1.804986760359590103e-01
4.551015272417558988e-01
1.863770295975698266e-01
1.372889251097720309e-01
3.612856290733747200e-02
3.110349792839307848e-02
3.394494914951044079e-02
2.657793881415891624e-02
9.230983290684424691e-02
4.050943915530461070e-02
7.210178875331661741e-02
6.194627679927681985e-02
2.220038778058805104e-02
2.690280093105995238e-02
2.409869216423003724e-02
3.452146964231655318e-02
5.496961682998263016e-02
1.976004432104315131e-02
1.230449727429238672e-02
9.002773789854921771e-02
2.775236438116813337e-02
4.684010176581054202e-02
9.779780562206607727e-03
3.183349942602114319e-02
2.947779746875876447e-02
1.186586853973147122e-02
2.573915212294158872e-02
3.117422060536846617e-02
3.592432230623452544e-02
7.332411530595278615e-02
6.871792513247738932e-02
5.845635159079347332e-02
5.330778581349750189e-02
2.286569214964681920e-02
4.376337696023384349e-02
9.081308671337856575e-02
2.842903355816259539e-02
5.469568026937502575e-02
4.622544139235137961e-02
3.933545639047940357e-02
6.238079516358796539e-02
5.974180034523809274e-02
3.243248373913214938e-02
2.104325807551514840e-02
2.784430843508236414e-02
5.394882892985426032e-02
5.057784723982960279e-02
6.072088070659629327e-02
4.855682976370781501e-02
5.532818132442778036e-02
3.978465869031328622e-02
1.803084679474351720e-02
3.250589398586238576e-02
3.409622445436207711e-02
3.182302981556430627e-02
5.777623879130144163e-02
5.024420937358592409e-02
1.207028651777016827e-02
2.952732433770825261e-03
3.984012647197057028e-02
6.652903599032232440e-02
3.353011283873523485e-02
2.534127797059814238e-02
4.327203677371894291e-02
5.085942232899831605e-02
5.927342779822006302e-02
7.376915538594169819e-02
9.490748132176111962e-02
4.949333707239213231e-02
3.614955071499788980e-02
3.418835085512829386e-02
7.918581055320873807e-02
1.212638806767402100e-01
1.782237223517848523e-01
1.739499229524147650e-01
9.482322963430930840e-02
8.066034616461857654e-02
8.695258567609671918e-02
9.788877484384171657e-02
8.402030670792830225e-02
4.268441012614838936e-02
5.036820861383686787e-02
5.644539211754158459e-02
1.965399928219718415e-02
2.834135731597844585e-02
3.909071880484127348e-02
5.037838454638106367e-02
1.726236552482922001e-02
7.323857359959172475e-02
7.009507420122974841e-02
7.277755978921672531e-02
4.519004278128214980e-02
2.743902814884069397e-02
3.299706949957853519e-02
3.934123399816699673e-02
5.738001971998663020e-02
8.744971324715609950e-02
2.117963738474598623e-02
8.897091262591741434e-02
7.532564212945112858e-02
7.901386437419521958e-02
6.278607810760347685e-02
2.462520316351442598e-02
7.106628449247320845e-02
7.876996417875557766e-02
7.645794064264090084e-02
8.076467985134121175e-02
1.497914480829570620e-02
2.872704837616809823e-02
1.145407043756569918e-02
5.367684017784417339e-02
4.794689323881660276e-02
2.602217856319476511e-02
4.892859236346839419e-02
6.681672456473297661e-02
3.416546127873794358e-02
6.085730069270216952e-02
5.565139035365874315e-02
2.687463702141836344e-02
2.045987829265986935e-02
2.163700637151474981e-02
4.627181264950303019e-02
5.864334516678967185e-02
1.089285314412344677e-02
5.762572457888177208e-02
8.534628698968564631e-02
6.309147576631457532e-02
4.384132024852861742e-02
4.354301689614772236e-02
4.711887570639883976e-02
5.784929745964456638e-02
3.325454543631908844e-02
8.967893716061856035e-02
3.664546503446293457e-02
7.531361147078557972e-02
4.440032783298665520e-02
7.213574592904352378e-02
4.375603905556647161e-02
5.741005519402372220e-02
5.593127275393353776e-02
3.754307771918034137e-02
8.243944088245808155e-02
6.451997428794696565e-02
5.097795350813524862e-02
6.907112405320593729e-02
6.880313847419289308e-02
7.083189428767443230e-02
7.351928888018056940e-02
9.805814418669801802e-02
9.625626676959607442e-02
8.903354607087357597e-02
8.225956653486715675e-02
5.018389653194204464e-02
5.659564654332067263e-02
7.926520483009839857e-02
1.048539954836775479e-01
9.023398019699278849e-02
9.915663129879426219e-02
8.902353868863330244e-02
9.336771848205845103e-02
9.414823347119619101e-02
1.320320103820578905e-01
1.267675703133286091e-01
1.363737122009351377e-01
1.087715766304340331e-01
1.824810179344714400e-01
1.791811820818507150e-01
1.856489244479813949e-01
1.989762129634095322e-01
1.668640859415856936e-01
1.864966806080157746e-01
1.747213830269499779e-01
2.292701943196452652e-01
1.258673728020666405e-01
8.465559932519810260e-02
3.621418954673841228e-02
1.010550119319001960e-01
1.418258695596333052e-01
1.906129560879791796e-01
1.560939249728288403e-01
1.640739845070097180e-01
3.971163192764282784e-02
1.251224167960921230e-01
2.113480699856177258e-01
4.169211427679443416e-01
5.338601039319741393e-01
5.061772350870028525e-01
6.037324464286040193e-01
4.177118021495653810e-01
2.928827000686721194e-01
7.028904624792985389e-01
1.392856075107296920e+00
2.469713002993838558e+00
3.456715154389176536e+00
2.983859101273552472e+00
1.780516821401859628e+00
5.245684426335188910e-13
1.991601368797519145e+00
1.120381894244577792e+00
1.926687842733516787e+00
1.710457212643579084e+00
1.958984105035892487e+00
3.314954961196965866e-01
1.773037840613584271e+00
1.491905003638309246e+00
3.224772806547909210e-01
6.606161201817754014e-01
3.136441161418780377e-01
4.810914089510320846e-01
5.050076669853460487e-01
3.781555530847798274e-01
1.473600864742611594e-01
2.877264093015199919e-01
1.178882558957542598e-01
9.621033905010437093e-02
2.250101117833608888e-01
2.991730252914634458e-01
2.365835064704866764e-01
4.070036613097881562e-01
2.504725439234428142e-01
2.920722616041120934e-01
2.894248041719322262e-01
1.263838280519122836e-01
7.516279264385973546e-02
5.930095316127997895e-02
6.173335157268378115e-02
2.367213176604666264e-02
4.133909910941778454e-02
1.241752419691272320e-02
2.291749394209852131e-02
4.452720223582114917e-02
3.881525185118499949e-02
4.451331787093239234e-02
4.810488903836877828e-02
6.136460497010310516e-02
3.307217071406296643e-02
1.906091961046752284e-02
3.541833331359171139e-02
1.846052918370394078e-02
5.047071433097544829e-02
4.985684031777095487e-02
6.812040370087972530e-02
5.668891075899636089e-02
4.887563700301120889e-02
6.953143753116870773e-02
8.809300700780839377e-02
5.265213339279435634e-02
4.422014334389753193e-02
7.921217151673109330e-03
3.050715385942149097e-02
2.842543037819646179e-02
3.028166843548730364e-02
1.107183798847216974e-02
5.211978740775071589e-02
4.272611456742154978e-02
3.538403741332683816e-02
4.457583010138435609e-02
3.356218579157177473e-02
3.963358021925329766e-02
3.609507314217108576e-02
4.246252788817658774e-02
6.646287421257021655e-02
1.175434107805705536e-02
4.504347896670478357e-02
7.442384538888296985e-02
1.478350174914139920e-02
3.416745522540283464e-02
3.476094903346645115e-02
9.667139049247447380e-02
4.119811019105284328e-02
5.386992391462593066e-02
1.808141292819909554e-02
7.499361054171463370e-02
2.438373407079352101e-02
7.395324929727320473e-02
3.634923158620483735e-02
5.834520644435548659e-02
3.531684377313094175e-02
6.286651319021727136e-02
3.954529465292987156e-02
4.381883107970962338e-02
6.961040170651219827e-02
1.404651038915885608e-02
2.595503712634535110e-02
3.970107508552830899e-02
3.016475945601599165e-02
3.205470435675860513e-02
6.023632662708233894e-03
3.901138502535830138e-02
3.857428235935939781e-02
4.165915341071188549e-02
3.286879207708304912e-02
1.799163540629096156e-02
6.035372933374649057e-02
3.912450032495416730e-02
2.728439983668912161e-02
3.041168619133146483e-02
2.731249347849921266e-02
1.674273219967856857e-02
3.639788702371259121e-02
3.700371506810020555e-02
6.691808640275231923e-02
2.064464282336789941e-02
1.415171746750832488e-02
1.812684710893677775e-02
5.629340810330601269e-02
3.429152368881326768e-02
6.570995321791596455e-02
4.271295096404128383e-02
3.889794170950038737e-02
3.377318522908420023e-02
5.364983036223040097e-02
5.860531016974100671e-02
7.325670673466064264e-02
2.212133550096944540e-02
5.906093267212342984e-02
4.912175569605840147e-02
1.679272473814282240e-01
1.244180042589579649e-01
1.015274741912635392e-01
9.048888238559055219e-02
1.156154686452542657e-01
4.768760090765863935e-02
5.889644725886945473e-03
2.696871173324183121e-02
5.968660371483155286e-02
1.345770774119217465e-02
2.475041720617204496e-02
1.434277251384746127e-02
1.597587625318726279e-02
8.331198321024216313e-02
2.560921516659615468e-02
3.435070984366735396e-03
4.806820459675623797e-02
2.124035651094433735e-02
2.799633521850668910e-02
8.794377835719589809e-02
5.787630194142297929e-02
2.581787118832233954e-02
2.573601531420767821e-02
2.649676565674921949e-03
2.736792171632919032e-02
5.235684613833134493e-02
5.034691183445278578e-02
1.936935918142917296e-02
3.547045246819015285e-02
6.395559303046015331e-02
3.119831855495092121e-02
3.712416756586361943e-02
3.988232815447990270e-02
5.117163023176283382e-02
3.604207759515220405e-02
2.629463328311230572e-02
3.611285351315732944e-02
2.844356905696461546e-02
5.039449786714901569e-02
6.680163815335993238e-02
7.364006595809532985e-02
2.233951489205646818e-02
6.708681734989642431e-02
2.253701363669354668e-02
1.267915513489662263e-02
3.274277820086576862e-02
1.895337853851158938e-02
3.253256484673637539e-02
5.969638828595110608e-02
5.166619225351485462e-02
5.324508654885736630e-02
2.402242615112101451e-02
3.480566058053738421e-02
5.185012091627991954e-02
3.483884203869755392e-02
4.464539992179355349e-02
5.724565090571726370e-03
3.721669058176231559e-02
2.568898593391205631e-02
1.546445136025345092e-02
3.734951790212694134e-02
1.856442813577761225e-02
2.168662329745441389e-02
2.773130584266995935e-02
2.010815463942781239e-02
2.502735128756487099e-02
8.155629153766713949e-03
4.253130325498136882e-02
4.301885098991585499e-02
4.387372206123637403e-02
2.216560871870294769e-02
3.999363361132467903e-02
4.097287149562200970e-02
6.036057054616904977e-02
6.614551622549766363e-02
3.114734475622888896e-02
2.236176202497757934e-02
2.310936190043577296e-02
2.975419054618618636e-02
2.585295830768091427e-02
5.980668487050340432e-02
5.891472368913539676e-02
2.050778226653408171e-02
1.439467621338565671e-02
4.651370562665171904e-02
1.886897838579692371e-02
4.480466903953404106e-02
4.402348700905033690e-02
1.889665214865010601e-02
5.880707416988058961e-02
3.472316939149619475e-02
2.265373900363572279e-02
2.717008455940112324e-02
4.800140556617073923e-02
3.418694272381547772e-02
3.735275617103828161e-02
5.373664389732520086e-02
6.228751941949307869e-02
1.518848207353959250e-02
4.927472908603246216e-02
1.835722841347956630e-02
3.393201573304946428e-02
1.371673181756847540e-03
7.732273007481199611e-02
4.336933650250764799e-02
3.223635627634276885e-02
2.126132617781562734e-02
2.330350191010640420e-02
4.130210108314643497e-02
7.129294513773550002e-02
1.534209565084504803e-02
2.348564945492401940e-02
7.781415954371448049e-03
5.084061626444406901e-02
1.091821605177057120e-01
3.136472825827647110e-02
3.557807187571777885e-02
3.167884733365870092e-02
5.057311426861638842e-02
3.546190605096640608e-02
1.374219330527933283e-02
3.404692874129459923e-02
2.710120319935394734e-02
3.061022076233554240e-02
1.373472060307960249e-02
3.017839034847566784e-02
3.508494991891809162e-02
5.066076714198172737e-02
4.288489616516354824e-02
3.985887531280231377e-02
3.147814766512727763e-02
6.923283516364168999e-02
1.251877953656754111e-02
5.815859655214141583e-02
4.277242909213161554e-02
