2.266213344945133823e-01
2.578318603884422466e-01
2.931075809141144295e-01
2.906173650977457168e-01
2.983390776608478845e-01
2.806832524164197817e-01
2.395942748253496735e-01
2.929433475379729646e-01
2.575133382558139061e-01
2.195950201571086613e-01
2.984367622669910070e-01
2.752561664982108858e-01
2.797719255915879777e-01
2.252283555912468760e-01
2.011614392694499043e-01
3.086235004973363893e-01
2.848754039821201900e-01
3.250578650034780526e-01
2.850693536013829688e-01
3.144612705757039439e-01
2.388632504853420158e-01
3.521201410179252145e-01
2.829828467535122627e-01
2.788050292138176123e-01
2.710020656085742052e-01
3.255547252122725777e-01
2.973275617751789945e-01
2.821425021100871233e-01
2.372077980811154729e-01
2.261685920617247381e-01
2.718029516179537586e-01
2.928943512081262357e-01
2.664968882210211332e-01
2.589362247541482920e-01
2.253505270754801171e-01
2.992250379164152485e-01
2.833091743969251564e-01
2.319293688194714043e-01
3.025080981386861212e-01
2.634030138044118896e-01
3.075616386444161021e-01
3.495953037204878044e-01
2.708534299564782089e-01
2.726072216980215401e-01
2.919905677817798972e-01
3.348377748060305525e-01
3.652971156029276578e-01
3.312678927702349951e-01
2.579233696666338727e-01
2.785654297217968201e-01
3.076146848184140303e-01
3.095443880251625979e-01
2.973629097924200271e-01
2.998296128202604938e-01
2.331070520942370994e-01
3.152451791303769735e-01
2.290870765198197156e-01
2.741032251561199007e-01
2.667497515363643212e-01
2.996783500306173242e-01
2.906767346001698504e-01
3.575999505372357556e-01
2.838768547443584200e-01
3.177293880557562900e-01
2.819864617372049853e-01
3.166667939188226866e-01
3.667048823513723854e-01
3.310611516778197982e-01
3.094897679018042691e-01
2.646216386996174674e-01
3.688905495490699682e-01
1.979556400977904307e-01
4.311572339909611751e-01
1.725188521285221932e-01
3.799944180089870893e-01
1.694143952622889915e-01
4.170873089434643521e-01
1.869180124222787898e-01
3.444194036319163654e-01
3.298182717548953646e-01
2.985356836613722864e-01
4.284923446422866378e-01
1.903746558505448605e-01
3.713783693013308906e-01
2.325498069668571477e-01
4.152080195013562181e-01
3.481115124678216821e-01
3.353758782803967220e-01
3.598873785266168968e-01
2.562571488609414194e-01
3.974947854906012989e-01
2.190208528845116742e-01
3.856352702672831145e-01
3.082011968565886439e-01
2.943847431124467229e-01
3.609106628482464107e-01
2.614703063266324290e-01
3.256111877077516037e-01
2.952197945396241585e-01
2.925532016633997645e-01
3.364077018865203605e-01
3.329581075048463901e-01
4.168394033765386308e-01
2.500194371472925225e-01
3.477366412010228780e-01
4.004567019845980957e-01
3.228096650136118018e-01
4.136804689119821243e-01
2.968810305116262871e-01
3.784844389188705138e-01
4.832548609977386778e-01
1.563170937942016392e-01
5.787213562514653686e-01
1.943745581490264052e-01
3.803162869739764029e-01
4.556531784657752437e-01
2.521361799015935934e-01
4.548597911764596380e-01
2.851845509410694257e-01
2.585344435865810642e-01
5.253781487254217675e-01
3.004689652939951383e-01
3.027382405713195945e-01
4.635492031518791967e-01
3.877704749828211894e-01
2.640800746267946697e-01
4.945126662009216023e-01
3.628144323510577030e-01
3.769034859482863764e-01
3.958667137734768193e-01
3.581051755317053997e-01
4.894450613192089516e-01
4.427068331040567295e-01
3.376472427357355421e-01
4.325561370921030546e-01
6.678792746408046543e-01
2.058615919380788195e-01
1.123658070205931558e+00
6.540759107011234752e-01
1.855402023373845299e+00
1.765554162542747330e+00
2.896777685949024850e+00
2.754521810607981624e+00
3.839142022743484262e+00
4.466985237355985738e+00
5.491671006042629699e+00
6.074387686242587847e+00
6.907278488758896273e+00
8.191343859083715984e+00
8.382636762792555984e+00
8.815090660766157882e+00
8.320376548536401629e+00
8.690329396998409450e+00
7.583559849189357216e+00
7.436657389828999598e+00
7.421063972523963770e+00
8.225274113859237346e+00
8.802546793727472618e+00
8.411515593616792685e+00
8.380762873167800109e+00
7.404903734388660119e+00
7.757121901020535226e+00
6.499981990165640156e+00
7.174811374215892101e+00
7.947960800528597325e+00
1.097958345585047901e+01
1.291183138930726493e+01
1.250058754123892157e+01
9.974715536674686689e+00
6.625084614025712249e+00
6.553722866368087985e+00
6.017402167343115948e+00
7.888816801039766347e+00
7.414943526647619798e+00
5.075690628756102107e+00
5.590460595431872903e+00
6.252280638654897693e+00
5.950831817670975354e+00
2.728635730338813126e+00
3.283963873724993654e+00
5.895023178109393136e+00
3.591822878686955267e+00
3.963817065819160490e+00
5.999321876494198236e+00
3.933326740211807060e+00
3.639040382620021941e+00
4.413295742286469370e+00
2.487050249754544140e+00
2.230187907983449236e+00
3.018353096639477595e+00
3.275045051167938315e+00
4.035638384609461227e+00
5.384771745378087004e+00
5.227499908356485037e+00
6.118643119814125342e+00
7.347628675019143074e+00
5.105241002994813648e+00
7.175269875217239246e+00
5.987724533813440608e+00
4.791628873729933069e+00
6.798404912215275431e+00
6.351272239732822733e+00
7.593373248438060052e+00
9.603365886507905458e+00
1.097349422569832456e+01
1.036002826088431306e+01
1.082912143969492469e+01
1.152669065071899368e+01
9.225854595647568601e+00
7.965253181179462239e+00
8.231834918526198308e+00
6.871489551525331585e+00
6.192564845502659843e+00
7.780641225724171939e+00
8.660008552198876330e+00
6.826836467563929922e+00
8.105270396069663263e+00
8.367203370006871310e+00
7.284960253225722049e+00
4.744532535629300440e+00
4.860729605889091864e+00
4.908676941812486483e+00
2.373366194087976222e+00
2.875712562488501600e-01
2.021513360935226267e+00
2.237268043180228982e+00
9.368127703863760036e-01
3.453071271889428306e+00
4.466821084563268762e+00
4.571481676120668247e+00
2.850302340689855107e+00
3.025759888315583179e+00
5.398775322314615543e+00
5.053984861948573659e+00
3.558740325890707545e+00
1.600908381296743732e+00
2.878688035161167669e+00
4.944027753972740413e+00
4.804935544781740120e+00
2.398048771169626114e+00
1.716405774726611044e+00
4.388785063277803822e+00
6.533418395975869153e+00
7.166689097462772828e+00
6.244449050586562855e+00
3.980006288769157852e+00
5.218975096162012051e+00
7.856903298949435843e+00
1.033276985599267483e+01
1.151917090236876540e+01
1.017259336492567634e+01
9.133436406851048517e+00
8.014964702117298501e+00
1.018505854689725076e+01
1.389787660225939092e+01
1.717716890480745562e+01
8.332325501833281772e-14
2.118625938026355016e+01
2.353479394745280828e+01
2.147860572279683922e+01
1.955419405510953013e+01
1.705593249003432987e+01
1.407988552827977635e+01
1.089723226088155528e+01
7.501330075675807230e+00
4.262095497666706478e+00
1.465447122766775800e+00
1.639932638510421592e+00
2.961226861109785169e+00
3.458936864371885633e+00
2.963307678477199225e+00
2.320961870844646668e+00
2.078017084862606279e+00
2.402358619863406375e+00
2.628365676955272789e+00
2.289062612132444219e+00
1.437985611051345369e+00
1.241567598311053677e+00
1.846116926244375511e+00
2.162921506708315622e+00
1.779094354480482254e+00
9.243076843768852635e-01
1.029434683093361391e+00
1.896168034032324590e+00
2.020793545070525443e+00
1.379911785039282135e+00
7.942080144778830286e-01
1.189863551665384600e+00
1.520748822936684119e+00
1.505357370354106772e+00
1.400942623853928648e+00
1.143583423815897060e+00
5.695175490576578348e-01
1.285954250008974453e+00
2.160060377222780659e+00
1.744033045593702758e+00
5.624219722123275922e-01
1.366391284032069997e+00
2.311750715760494845e+00
1.229162330070459719e+00
5.121338315769545790e-01
1.921470369580021487e+00
1.635487708074689461e+00
8.875608397266004923e-01
2.636782221476923205e+00
2.897562277761166705e+00
1.701858610287109830e+00
2.511264904972280831e+00
3.172258664821460794e+00
1.872695210945284572e+00
1.494006781162733111e+00
1.984692721172411911e+00
1.257029532231001223e+00
1.221003573108739637e+00
2.029518756026718940e+00
1.292652936667264774e+00
1.157594213799662430e+00
2.386631663896642497e+00
1.441588078950917673e+00
1.023096240539504986e+00
1.974898320475509284e+00
1.370062543349513939e+00
5.227185741947234510e-01
1.296642771161638397e+00
8.656807530281527274e-01
8.559575560725154464e-01
1.826902744089832220e+00
9.674714147802413455e-01
1.606950916119015638e+00
2.582462301292892892e+00
1.159568566161531811e+00
1.678037351626548324e+00
2.390300459395920285e+00
1.061823027270512032e+00
1.777886278015569088e+00
1.907877045413779227e+00
2.600460836786045782e+00
2.273032073180294432e+00
1.451446360128359814e+00
3.196695694461342718e+00
2.496101382584051454e+00
2.412632059774916904e+00
2.530011506919830566e+00
2.107883008839969374e+00
4.150210503298609410e+00
4.238860796226839867e+00
5.164076632327191163e+00
3.718065426187673328e+00
3.239034189125154839e+00
2.688242637927982237e+00
2.638746468073031703e+00
3.401473661603273246e+00
2.730259543867051608e+00
3.823578416322146012e+00
3.044856162211556416e+00
4.087750228151185716e+00
3.060282752170794485e+00
3.548337861975914720e+00
2.849296143107616253e+00
3.622153790310110644e+00
3.479404999432429424e+00
3.939466942017519457e+00
3.573994604688922827e+00
4.046455824107865418e+00
3.263577695830889969e+00
3.392361114949781875e+00
2.385538346252845443e+00
2.728622686956673427e+00
1.649319047116639680e+00
2.079410828379651299e+00
9.805742236127937828e-01
1.525934356792204127e+00
6.660372851480638179e-01
1.028212181194928965e+00
4.168735282033066980e-01
5.573853889284811070e-01
4.104946092520581069e-01
4.489479923605960154e-01
5.196905158309984563e-01
2.829258117019831098e-01
4.859587582890511626e-01
3.231135952496480002e-01
4.045973066867094015e-01
4.436370049557201711e-01
3.399084333881541298e-01
4.066105929408057595e-01
3.178530964620921995e-01
2.630693284382671360e-01
4.209530305366281366e-01
3.558688896401287494e-01
2.935921302535822730e-01
4.274742642157091099e-01
3.531679660382621710e-01
2.880168004303668150e-01
3.851381071828919866e-01
3.287146538341028656e-01
2.539363080713023524e-01
4.755989683846248983e-01
3.439670530536314552e-01
4.184876629891561284e-01
3.573518312295132504e-01
2.881865071652300325e-01
4.272498052745874464e-01
2.908423817537880152e-01
4.150016750465847504e-01
3.769593752747527060e-01
2.517847093017246962e-01
4.023406357601341243e-01
2.854946861446092110e-01
3.858903204342750692e-01
2.913478841291606281e-01
3.532091189163110156e-01
3.354776531766656134e-01
2.865076224023759277e-01
3.577811084823338539e-01
2.822640481625793285e-01
2.612447007665997800e-01
3.717209700393733773e-01
3.143928565474796155e-01
4.143179132390984454e-01
2.650340130733442878e-01
3.078246461198064776e-01
3.231569461533477239e-01
3.076565685085550506e-01
3.711150268058709401e-01
2.898593305815233556e-01
3.716158370412013245e-01
3.066252545599400525e-01
3.345900509866845951e-01
3.445460826903951612e-01
2.270253647901677996e-01
3.902965685967501042e-01
2.115703739409537376e-01
4.394974070067933503e-01
2.452714127142438250e-01
3.040058153316750333e-01
3.005595910761700296e-01
2.711190866968194446e-01
3.786889888929085290e-01
2.850955194896061529e-01
3.709790292785015153e-01
1.950513499530588946e-01
4.174575471933556492e-01
2.357446321237356424e-01
3.598342726925175539e-01
2.675844956601901026e-01
3.980338469721290684e-01
2.603353730265306476e-01
3.589178981018885661e-01
2.923298067770745967e-01
2.777169434719602426e-01
2.827055673539723979e-01
3.390523436155998271e-01
3.038281924162320458e-01
3.281876718301009466e-01
2.074813811284109688e-01
2.493496182229094082e-01
2.369249111343786074e-01
3.014129460430147733e-01
2.390479449471011042e-01
3.624411369760366375e-01
1.899919492525636577e-01
4.090595200603625581e-01
2.110934809862494432e-01
3.768452565679848432e-01
1.788621308930244125e-01
3.661958331150592105e-01
2.287355356247602889e-01
4.154331966095575757e-01
2.713079085142677815e-01
2.973798222354989695e-01
2.183631426388048524e-01
3.511198156914384083e-01
2.387108757356282696e-01
3.596133689103247488e-01
1.947620717531815815e-01
3.136046937837976833e-01
2.000724256826666159e-01
2.748645071814908580e-01
2.120586305983920283e-01
3.182198791619142986e-01
1.815458970207422529e-01
3.611364826681275342e-01
2.723287355614083527e-01
3.040735476382590563e-01
2.504244357427575784e-01
2.942564286586099587e-01
2.855409775380644000e-01
3.535872231531685395e-01
3.236822112838147469e-01
2.924466514535371542e-01
2.452957363087600595e-01
2.798312954762150473e-01
3.134405862918229202e-01
2.831389334574821448e-01
2.144807798760983153e-01
2.794111596027316069e-01
2.523209680327723192e-01
2.475174006299703522e-01
2.596634224692058179e-01
2.683428124698140627e-01
2.292769143513150309e-01
3.022210364753136203e-01
2.888296724992560072e-01
2.632439684688714365e-01
2.523041321345071419e-01
2.534443582267755235e-01
2.914112990881175813e-01
3.372646595579708584e-01
3.265913551485152277e-01
3.007528745590603014e-01
2.837816634755662704e-01
