1.138657478499958547e-01
4.290531369743865592e-02
2.101646208318953130e-02
4.971855897941702268e-02
5.993362772791517579e-02
7.539466672099107147e-02
3.231919428014643630e-02
2.734605162675588647e-02
7.222742250499504524e-02
2.219388392685982259e-02
5.729549241550746519e-02
8.085621445509140470e-02
4.951589724898382283e-02
1.736930439599694911e-02
4.916171774768915426e-02
3.673864680001765609e-02
3.106307726817216300e-02
1.156546233400874805e-02
3.275671361007374827e-02
3.999713534707800833e-02
5.412382974258175827e-02
3.849171359749634092e-02
3.819262886909137455e-02
5.953565845995596045e-02
1.199222593297479683e-02
7.906082358817759226e-02
3.526279602768340321e-02
5.381426048974172725e-03
1.304112738034423902e-01
1.142368021728584759e-01
1.104502609313649103e-01
2.981121571444162593e-02
5.786052462300588645e-02
9.088235734494821971e-02
5.980657628040463719e-02
1.156870536272849165e-02
5.673882185880294027e-02
4.562262476030913561e-02
4.821730712463784957e-02
2.289314251911615458e-02
5.780819178889535365e-02
4.377094736552859106e-02
4.772439555096567865e-02
6.667408225733086058e-02
6.138685273300938799e-02
2.559125456171497046e-02
7.587293743038606153e-02
6.640127989745342463e-02
4.285495972430106854e-02
1.581057287115715179e-02
3.270991973162127447e-02
1.007278051362772431e-01
7.251737891065815345e-02
1.717662154978037009e-02
3.718727513548039654e-02
2.900285709801422168e-02
5.889747945443549876e-02
4.515636349182539089e-02
8.476422957955337401e-02
2.556210355134951387e-02
3.454183602487832100e-02
6.327330557147967105e-02
5.110733570991415203e-02
1.054842961290992365e-01
3.118175302968260315e-02
4.931132337395340709e-02
2.741692637643970351e-02
2.721137745434125399e-02
8.456925545701417246e-02
7.543988252773825044e-03
2.619478281821940521e-02
9.801868255091707172e-02
5.987597701307312975e-02
1.056857574019874624e-01
1.974030407768554915e-02
5.249129387633056504e-02
9.980535212130418887e-02
2.275738475870641223e-02
3.904232370017513692e-02
8.804693992979220618e-02
4.380677404219707194e-02
4.459997694482938785e-02
3.534462265912520496e-02
4.044876223104146296e-02
6.419969879043053995e-02
4.356749400787439386e-02
4.978223771772991718e-02
3.594749855774072994e-02
3.932102212930858876e-02
2.360761799532445568e-02
4.485700866449732899e-02
3.457002849080683532e-02
4.697000135852570646e-02
6.292006283551250523e-02
1.547739594071158645e-02
2.500137436821512488e-02
1.075579869466559979e-01
1.220336598168398068e-01
7.312527558815216933e-02
3.329749141492004821e-02
4.859837835411654622e-02
7.146019843941418814e-02
5.768567592245866377e-02
3.695198992157934514e-02
3.327974333652974209e-02
4.518432018198280387e-02
5.557940626241963250e-02
2.861913879098158114e-02
7.127065983936931026e-02
8.882528119320362570e-02
1.921550320286525074e-02
3.893188632407327404e-02
4.599236050011226012e-02
3.641735353071420128e-02
7.577753334187650736e-02
3.353907008888707547e-02
1.136042226197911120e-01
9.729828641036816772e-03
4.990737583006465972e-02
1.578889032446079976e-01
6.240785167316134641e-02
6.161453859151105883e-02
7.865439420466774356e-02
2.911628753312768547e-02
3.408055768013661807e-02
7.524722952288374900e-02
5.989507076861733115e-02
2.944374093568725287e-02
6.931593114214565365e-02
5.230633904958695984e-02
8.690454514923175167e-02
5.022759378215987947e-02
2.520876108510523156e-02
5.852411207856134806e-02
3.067861931431863434e-02
7.716865372534767453e-02
5.689781012625937801e-02
2.239843040472513577e-02
3.783788715268961850e-02
1.168497582777898863e-01
1.487331189824090544e-02
5.665795876336333914e-02
7.150937485609647204e-02
4.765812555454224803e-02
6.978911118951135195e-02
8.037386240319982500e-02
3.552210783749064349e-02
8.023682456371815375e-02
9.137346782341948526e-02
8.172696781745071581e-02
1.122486708933199788e-02
5.708006020614303511e-02
6.906680234765048831e-02
3.694551376247289659e-02
2.163534301728386663e-02
2.345488841060722890e-02
4.621323876846389345e-02
1.881755156900701692e-02
4.494386551607484903e-03
9.791800435510676637e-02
1.666775949107500085e-02
2.405871932160685150e-02
4.220856091313861247e-02
6.661209102608865729e-02
4.414649977849048612e-02
1.484254553542940780e-01
9.736076106989510759e-02
4.250197596196486627e-02
4.144141386842829095e-02
4.028945637980511918e-02
3.373074441630583009e-02
7.152003302687746922e-02
6.964828237703431235e-02
6.121528539595681717e-02
6.770096196556778245e-02
7.605183252270081296e-02
6.138173491913364449e-02
6.311518720152678452e-02
1.063834728933893414e-01
8.279680882657002028e-02
6.302040028491297241e-02
8.865001543237110981e-02
5.483940793514081868e-02
4.247708770464201505e-02
4.965071486007040930e-02
5.898268013241796809e-02
1.175239564081722622e-02
5.121455176633294554e-02
7.446435589796969456e-02
5.904136673410256136e-02
4.415135732035836702e-02
6.433575408787187144e-02
8.246450459577288339e-02
4.708753586539943248e-02
6.005817659130757713e-02
1.413273840231981937e-01
4.878241081528522649e-02
6.007620013626240735e-02
1.115893333934480508e-01
7.722830030037854121e-02
9.983307549347966714e-02
5.770639694572580330e-02
3.382882118857395704e-02
4.157817044404046869e-02
5.698043808819608369e-02
8.250788096259555060e-02
4.837764043002196201e-02
2.856858196730058599e-02
6.609175875196300620e-02
1.544868965569200052e-02
7.600213276762514403e-02
8.821849989871001496e-02
8.820560155138482128e-02
4.787041252612129344e-02
1.944681726237472430e-02
4.355390990511155691e-02
9.665380907627130203e-02
5.980793229012514034e-02
6.947060697850464261e-02
6.107459612094503359e-02
8.993398014580547550e-02
9.520484966983978892e-02
1.343700565976634412e-02
6.444490969750447940e-02
1.333454243428866884e-02
9.958953883542576158e-02
6.790148898709756631e-02
7.211074085925560373e-02
7.513933046512003000e-02
3.817575017949918076e-02
1.288340072478946496e-01
6.175833764762890532e-02
8.675114524780350167e-02
1.322514781284186980e-01
1.355799938513662650e-01
1.001927887519416666e-01
5.458557535870624949e-02
7.983518821816440458e-02
1.468855786662801310e-01
6.235140438703410531e-02
6.835638408110747410e-02
1.808505398379470219e-02
4.469609209995835386e-02
4.649824604911716869e-02
3.609280793470629606e-02
1.442612345004239127e-01
1.936948924769798519e-01
9.998061692279304469e-02
7.930632576456098093e-02
1.373713105800973833e-01
1.779490074400955635e-01
4.844625506658249980e-01
3.001102656174326477e-01
8.155105439022366509e-01
4.546757534455808658e-01
3.032491000862210129e+00
3.912872018854788315e-13
8.981137027967090347e+00
7.961317993705467888e-01
2.067991015064350790e+00
4.983291071176573217e-01
2.271438813009545754e+00
1.813338748459605521e+00
1.796158696356295326e-01
1.322616769813479420e+00
1.460524157580877835e+00
9.254228546292205815e-01
7.237991502291214463e-01
8.277887550486972001e-01
9.077646276593023256e-01
1.014373019681089172e+00
1.026065635984309443e+00
1.029441315989305217e+00
8.817691465186006106e-01
6.950860898488078199e-01
6.080702625044565046e-01
5.871531569392000049e-01
5.884405102863827786e-01
6.054861962981977763e-01
5.218884547309625699e-01
5.218186026055192661e-01
4.768750464497902852e-01
5.507904738621499652e-01
5.295045171777410520e-01
5.506866918763261287e-01
4.056449913588237033e-01
3.400783355165666877e-01
3.504154903203978155e-01
3.607580581445845036e-01
3.854356973778971795e-01
2.822223062164768148e-01
3.125848885973386837e-01
3.152834633242166951e-01
2.711545936643236510e-01
2.708129805971338788e-01
1.971055844766229359e-01
1.845161043778452137e-01
1.830100850351594755e-01
1.750266862920699662e-01
1.864099755375435152e-01
1.904520018039926321e-01
1.567442725038752926e-01
1.207747468469190372e-01
1.189226601716571047e-01
1.223315133230463980e-01
9.888111624461008720e-02
3.940377835420243863e-02
6.815658648732900171e-02
1.050213789190563018e-01
1.658681584531758735e-01
4.203154048491174882e-02
6.972604142710903119e-02
1.205242562287299757e-01
1.220314385362385040e-01
1.038178176488646354e-01
2.435826373391431973e-02
5.745135592818902126e-02
1.129898037906015840e-01
1.068106220293897901e-01
1.241795798162358411e-01
1.322650607094665864e-01
1.259039468536043704e-01
9.635311302815641188e-02
8.163497210881746902e-02
1.405091197847717355e-01
7.167636200195413865e-02
3.247713950422414370e-02
2.140203267906272064e-02
8.143975418058001237e-02
1.414081718277394040e-01
2.167195802404944804e-02
4.245397823269568549e-02
1.311547216947731298e-01
4.804721679555939290e-02
5.577083782905783299e-02
8.803291788014862285e-02
3.170279960682422654e-02
7.125384578733739982e-02
3.791489521131018864e-02
2.882854813587687470e-02
5.278720929442438231e-02
6.383194843044093236e-02
1.057915347153752655e-01
5.177556725926162062e-02
7.894480746957271977e-02
3.958207024744395813e-02
7.838436509990887036e-03
5.301963539249218704e-02
3.787674392642048637e-02
1.160322349375021156e-01
4.655989319221584544e-02
3.241320339886413771e-02
1.219087212354482835e-01
1.017481346311891882e-01
7.545391322124543609e-02
5.021175822393120214e-02
7.220913126332517695e-02
1.047583552084812436e-01
7.092078860768745441e-02
2.705724809576527667e-02
5.828567407183005145e-02
6.422276019667107205e-02
8.499035016823915101e-02
2.174105983958554700e-02
4.647602185230576000e-02
5.088572916304415911e-02
9.246554816360828474e-03
8.969733583125497067e-02
1.072259604501875525e-02
4.741118956633984943e-02
4.627707516741452060e-02
8.362817778848115335e-02
1.586746278751718919e-01
5.405882076107040857e-02
2.224896022911823298e-02
8.610243469158795904e-02
9.607801481259301002e-02
9.110398467566539760e-02
1.657833846332870675e-02
7.014943863493532106e-02
9.268171576375525134e-02
9.421093749593735522e-02
6.785294637526205486e-02
7.301204153352670867e-02
5.050778206434799328e-02
7.803522465725334922e-02
8.079706193884390875e-02
5.279914440776890122e-02
2.078356046449996927e-02
9.689893877988421667e-02
3.714361296742971913e-02
3.872847493590329121e-02
7.797681275470411122e-02
4.951119482399154309e-02
2.900739423916673387e-02
6.259441990111241916e-02
6.850146702005666111e-02
5.879886183549843520e-02
3.670904813869062949e-02
6.227380330894738414e-02
1.269819255027832827e-01
7.496463319666624159e-02
4.076541740996196539e-02
6.201501677483060859e-02
1.406128719286247608e-01
1.068672096743838729e-01
1.721388573979258652e-02
6.400863911928113270e-02
6.038277025310021667e-02
8.231573516729487339e-02
4.497831269639077090e-02
4.256170410867751025e-02
4.237761343368012801e-02
4.524408303980714113e-02
3.788887336318438881e-02
4.747479836755176541e-02
2.167951462373159111e-02
6.240194945684502531e-02
5.290930889984405555e-02
1.831445329540223529e-02
5.709122595080857315e-02
1.041588858353616892e-01
4.274379392491028939e-02
4.376890378996211445e-02
6.689877075600984824e-02
6.114190545636213892e-02
9.032403695953372669e-02
1.084934488330554885e-02
7.724707937580060912e-02
7.823700800056247739e-02
3.524847118671385615e-02
4.935352187744715402e-02
5.174389284331244732e-02
4.486512376169171645e-02
7.557835346809931021e-02
5.958662926313598729e-02
5.010450767809326161e-02
5.570467787091998996e-02
4.500690675574982313e-02
6.843650999880852848e-02
9.670795013240128524e-02
1.949467330545069654e-02
5.683646546296307334e-02
7.516883383215905434e-02
5.062457299579400938e-02
8.291068095515648217e-02
5.242070801593881613e-02
6.055869575674971417e-02
8.270167329519059751e-02
8.128638373557561803e-02
2.420947780135645003e-02
7.303482296605409707e-02
6.389989608659375764e-02
2.283623667208622976e-02
6.761570716043116547e-02
5.499806784129679382e-02
5.478443090056286241e-02
4.748477590695641959e-02
4.730444613691345279e-02
3.620833667945740075e-02
3.335452535132219648e-02
1.529365166983539213e-02
2.311889938817288104e-02
3.220475177234843889e-02
2.503788575501543490e-02
2.527418604887096687e-02
3.453283174624006968e-02
3.050983187621464365e-02
7.255135410244582805e-02
9.769143295452724363e-02
3.242534311887158155e-02
8.252079276719359591e-02
1.333874661889957181e-01
9.276787374605677261e-02
3.053708411136706394e-02
5.893156970183235227e-02
8.569896514085491301e-02
7.965533180952526215e-02
2.888995293697497677e-02
4.335876679947064938e-02
1.065787091082245758e-01
5.961963547158099369e-02
6.147335591772214169e-02
5.070304352889105221e-02
6.560407077073525384e-03
6.065043927938362431e-03
6.433953262710730148e-02
8.631262085372209958e-03
1.634030493081785676e-02
6.398683338687531641e-02
1.346349585218633432e-02
5.716346239670529183e-02
6.631981664344774319e-02
2.643945626621741277e-02
5.642361933375707878e-02
6.521497683712704219e-02
5.127439286378650263e-02
6.226249995832658368e-02
3.190798084119744055e-02
3.236453814465393986e-02
4.889811990748439002e-02
8.107100164806733955e-02
6.340091287030537315e-02
6.043389239382647438e-02
6.271386245056269348e-02
7.337759565558241159e-02
1.952359907963013841e-02
5.905136882690415617e-02
5.922224364287154846e-02
4.629354099709190318e-02
3.596239857909012960e-02
7.165216869474720640e-02
