5.237420423857646473e-02
6.200083557785712046e-02
8.736141860483620514e-02
1.178318295335686466e-01
1.345266966455648250e-01
8.184864600126863510e-02
5.880982091284067681e-02
2.355283851603931500e-02
7.589112119825686120e-02
3.295265913030694799e-02
2.740219310871837288e-02
7.854929744689184701e-02
4.230358406429546997e-02
7.915196677829870742e-02
6.352243953028935408e-02
1.031241947644130769e-01
1.362971103260789407e-01
1.508158444732561054e-01
3.032139854882368729e-02
1.186936067387277666e-01
7.929693983354681175e-02
1.128288331717345744e-01
9.055605659088983295e-02
6.013116181025659340e-02
6.895103212398279169e-02
3.234742198430224508e-02
7.096316433931111611e-02
5.574474895321433754e-02
9.780414218281280325e-02
9.210915011360751303e-02
1.376553360209675503e-01
6.252540952688261620e-03
1.232913892782298848e-01
1.101689701791622455e-01
1.235470895091837079e-01
1.033129055661825835e-01
9.825500856920417470e-02
5.445515535996080930e-02
7.593023125156242448e-02
1.075993230552970276e-01
4.466208322847187162e-02
6.917030649451656743e-02
9.337716451547234398e-02
1.107589733234277812e-01
3.425563204722796573e-02
1.271300039036571405e-01
1.025341862118141767e-01
1.052134084631434624e-01
6.646364316357175617e-02
5.696137322263247066e-02
8.388020873060427277e-03
9.625648278081720688e-02
1.767072346230846511e-02
4.746412161996391849e-02
4.873291499874494309e-02
8.308854701567447432e-02
9.320548780138680767e-02
6.383262195489891599e-02
1.031259319480143100e-01
1.201365315928618893e-01
1.417805216741956087e-01
5.938145547032162852e-02
6.245462411705145905e-02
4.680784048748061477e-02
1.085270858261489918e-01
2.455045426353740651e-02
2.003677097162335011e-02
2.478369566840440963e-02
1.967618338756764798e-02
1.221833421776313301e-02
1.009933488995758133e-01
4.434829191992096381e-02
5.398639918697422518e-02
9.224291301428808043e-02
6.710445801675182786e-02
6.300763817954725676e-02
1.269870984212763121e-01
1.067403943794830445e-01
4.695277100395889996e-02
7.378786442970000636e-02
6.819103167716454583e-02
8.639171855140818923e-02
5.200109478123073059e-02
8.172356455475561499e-02
2.777936369339137693e-02
8.274391480280088307e-02
9.096134308353030773e-02
1.125359969669845750e-01
1.199044997630125259e-01
1.437434412281630991e-01
1.061811778345535390e-01
1.275710129943828375e-01
1.276961259481248778e-01
7.111133864088678425e-02
1.044575426645146105e-01
9.880552337585252198e-02
1.188543236769895872e-01
4.424323896903168546e-02
8.600485289824996715e-02
8.126662150044104693e-02
1.230930820988673374e-01
1.072666618428455149e-01
1.309448789931235146e-01
4.263966243917439308e-02
1.297737768415094806e-01
9.594687740841946477e-02
1.351426131760763427e-01
1.499976908187126701e-01
1.818427425860191793e-01
1.325658108147333702e-01
1.691673134362552677e-01
1.052931413924718812e-01
1.047801134341625195e-01
1.220504307323768411e-01
9.485964553822950895e-02
1.154356038652320365e-01
8.079304246650294286e-02
1.568586764237243913e-01
1.145034779866149210e-01
1.438657477005509944e-01
1.430030866234063280e-01
1.734212053857915881e-01
9.299829388426632260e-02
1.963714293143123679e-01
1.067021397377418551e-01
1.796609687174473280e-01
1.809105429190755732e-01
1.351159894445921605e-01
1.028246694692916408e-01
1.488661319220947465e-01
1.404159212891244179e-01
1.531590074438718418e-01
1.502416574524477744e-01
1.250036849678300144e-01
1.558766154941318149e-01
1.094849874760028402e-01
1.650293022148849875e-01
1.308226281662512314e-01
1.713631569923234343e-01
1.418566531062643021e-01
1.159595423319502022e-01
7.620125935527390093e-02
1.841015941861538496e-01
1.420798912691073057e-01
2.043676683266247296e-01
2.824372172677420134e-01
1.566485088457830466e-01
2.232977933715566687e-01
2.663432176179821309e-01
2.496744985048564847e-01
2.291584523396475170e-01
2.643880695786649526e-01
2.286181009117038698e-01
3.014791499654819740e-01
3.317604590128935826e-01
3.988730763077241170e-01
3.774480807119228731e-01
4.377148437272561088e-01
4.453481545014878473e-01
5.389519503123015864e-01
6.370637764565920680e-01
7.305899499699780586e-01
6.611237140758212671e-01
7.625071027223400133e-01
7.630248672808291888e-01
8.363655634318343246e-01
8.319922399088747200e-01
8.131004990866685933e-01
7.412459712805687939e-01
7.320113102302470143e-01
6.528731640947075254e-01
6.405914086861077550e-01
7.591522124025396057e-01
7.926065766247966105e-01
8.988900110170401359e-01
8.307202394137753743e-01
8.613245267056870436e-01
7.465991642957243712e-01
6.109326668143363337e-01
5.547412727335430116e-01
5.867792636116254679e-01
6.784670755841778478e-01
6.370700618991629316e-01
5.093419753940710004e-01
3.774326742480447749e-01
2.541386075013543633e-01
2.034992457912953578e-01
5.063154638335882751e-01
8.570091996883355545e-01
1.640766199872596198e+00
2.513749341946683202e+00
3.364001946823364175e+00
3.742528644427113971e+00
3.531836144763676799e+00
2.563504987339405794e+00
1.206284259992180807e+00
1.956269511243180714e+00
3.263830634114598617e+00
3.473140497868315357e+00
2.686664951222965669e+00
1.530621046691125864e+00
1.394682135040798077e+00
1.427220455072049088e+00
7.407531118608166043e-01
8.075935169161202465e-01
1.023418520072514770e+00
5.970973648146240542e-01
2.674931124505529056e-01
6.025862549622346132e-01
4.982622763522505660e-01
3.617762198333174251e-01
4.895704870187956859e-01
4.216908353740459470e-01
3.736109770747175762e-01
5.354055751608791658e-01
5.075243391869488363e-01
2.716287962255465316e-01
5.557457608888290990e-01
3.539478543374480757e-01
3.657264454673819221e-01
4.068277766259208450e-01
2.527326356840256527e-01
7.136861071112726718e-01
1.544498143203710538e-01
6.460921843895142125e-01
4.752317201090728305e-01
3.870521182525792359e-01
5.998460922478275892e-01
1.055206659810783293e-01
3.911637320829616793e-01
2.087765093056423438e-01
6.105099135488157858e-01
1.184913021984297599e+00
1.104166913252516258e+00
6.511635806718172326e-01
8.319054324348831297e-01
6.350093537851619896e-01
7.642828908565313384e-01
1.079539356492025037e+00
1.286302355295834587e+00
2.325848628267111473e-01
8.441520948733508556e-01
5.232744407368156159e-01
1.031668880772769636e+00
6.899032575070846995e-01
1.768118230261590818e-01
1.543115067225883763e+00
4.453432300543317401e-01
9.237922905180369071e-01
1.211564320105013248e+00
3.542540264924713966e-01
3.443260363860973783e+00
4.130024240476563691e+00
4.208341928516787789e+00
1.350972388970256288e+00
4.453159280359161865e-01
7.964881115324866292e-14
1.542195195396315777e+00
1.053134674704473639e+00
1.196941651064505008e+00
1.327348223827677476e+00
7.114486987922874484e-01
1.122180877584682213e+00
9.898988301564716208e-01
7.744350817084444394e-01
5.325892009512994685e-01
5.312406001604382810e-01
2.495552013680011894e-01
3.610555016267695816e-01
3.765245595657328859e-01
2.524570192605187779e-01
2.194050428939130770e-01
1.717587621440148093e-01
2.970101714400854021e-01
6.325193379192591003e-02
3.408390199877451288e-01
2.189277553506682183e-01
1.782851233339757258e-01
2.931438655943472901e-02
3.179107343898298632e-01
2.502019647468716190e-01
1.117298192901775150e-01
1.028759133316318880e-01
7.019871350577171210e-02
8.696786940096057350e-02
2.426236171636993177e-01
1.056264469905084519e-01
2.052161817434516589e-01
2.321716801881558712e-01
1.393439194992837638e-01
2.980816455916042162e-01
1.885644289123443174e-01
2.477634803415443010e-01
1.849313362933664717e-01
2.000832955242661804e-01
2.164976688130354765e-01
1.678701594237077266e-01
1.666034158352729388e-01
2.390663645475781807e-01
6.396411982052030432e-02
1.396990616314096878e-01
2.020816909679590823e-01
1.450511843170483595e-01
2.342032705439082985e-01
2.708986011314550857e-01
8.107680126056600323e-02
2.400900585806407805e-01
3.333567035786285659e-01
1.660491068554924843e-01
1.983882800469760344e-01
3.951958201213820465e-01
1.971432245791016058e-01
3.003475549424088897e-01
7.511553558743091497e-01
9.180574339945329898e-01
8.717616081064014644e-01
4.640859775948491528e-01
4.449765190682038463e-01
6.486611692527198825e-01
8.810329766284398234e-01
9.030166650337815293e-01
7.914690585051460392e-01
6.260820893804815990e-01
4.707914341513301237e-01
3.355118631796221718e-01
1.677424894871394068e-01
1.258070784161169353e-01
6.329818521420917110e-02
6.014125295809637922e-02
1.282552263610153565e-01
2.141971538976121248e-01
3.007399207711479172e-01
3.594471564033303590e-01
3.487089352881062032e-01
4.141335383656995495e-01
3.381292383131787038e-01
2.904406481123485984e-01
3.157749182922339193e-01
2.662890167692715249e-01
2.452728173171518644e-01
2.600583829547447046e-01
3.281725670000580353e-01
2.846516561147233726e-01
3.445432797601358788e-01
3.340298234496463237e-01
3.221693823396153955e-01
3.059506967494131646e-01
3.377243836529801313e-01
2.317617691038505179e-01
2.689100344211105553e-01
2.761692667784814148e-01
1.904078766424628366e-01
2.181569426606347895e-01
1.480325117210948560e-01
1.302377791056811285e-01
1.843320564170137787e-01
1.759796212188616260e-01
1.248337261686067873e-01
9.058743301132629600e-02
8.358462623861288854e-02
9.906395291662369040e-02
6.900519630821379258e-02
4.104049465838597449e-02
2.572844380469672954e-02
4.036022246714384559e-02
2.620934338644366826e-02
3.151325399837340280e-02
4.637386990936051556e-02
4.583082549656818105e-02
2.224230215816030282e-02
5.680982066223452115e-02
3.272789428818504570e-02
2.089773902331027236e-02
5.828688309578888144e-02
3.452157654756361077e-02
7.569347641182749831e-02
9.038464289645530003e-02
8.247586970333926903e-02
4.962223413092876900e-02
5.602604377980414246e-02
3.912103415193422806e-02
8.087891629145288475e-02
4.825827754943402825e-02
7.927430948077947293e-02
3.080542505686231780e-02
2.813043093260304828e-02
6.726659299107870527e-02
2.535186636977066268e-02
6.028217962887340298e-02
1.002154242937778605e-01
1.127200584207413148e-01
1.030448865569589811e-01
1.236662560925011478e-01
7.760667590670654314e-02
1.336744739550010108e-01
9.830990482047471946e-02
1.011685192345216089e-01
4.191308805427224060e-02
4.903348480851703328e-02
2.315075038606569449e-02
6.689109994379312252e-02
2.137776602976815613e-02
8.669229783155972535e-02
5.859368837221159976e-02
6.026652713439185904e-02
9.209333959895199540e-02
7.863072732533074594e-02
1.573344314268985411e-01
9.658675775596095581e-02
7.656492103311084152e-02
4.321506393117680728e-02
4.814087091813428615e-02
6.324783494675172146e-02
6.745980899288145372e-02
2.406886806653899327e-02
6.532664731089876664e-02
3.540064400215599955e-02
2.319074842509871379e-02
2.680846391235369025e-02
6.230959673494883277e-02
9.366963826511497115e-02
6.057210212923683917e-02
5.897291180943943500e-02
5.954200667277032011e-02
6.276923051717421542e-02
2.865287427584102195e-02
8.179177577612144201e-02
4.245384690835440900e-02
1.074100047666985344e-02
4.050726769473884242e-02
3.327131283120601107e-02
5.472509386113793423e-02
9.086491634263366146e-02
3.687472684772726689e-02
2.407067377061338984e-02
2.616137527991980669e-02
4.743008808927793446e-02
5.244109092413671430e-02
1.255962161047802228e-01
5.395902550553667576e-02
6.878464475570786330e-02
3.871712183143249941e-02
9.268928966984725515e-02
8.877876096378894966e-02
4.118850989070811652e-02
3.995727127630940151e-02
5.700091765154838286e-02
1.767561758716636525e-02
3.294631726312673842e-02
7.013836166173616216e-02
6.027114621489722962e-02
8.921048701627849742e-02
2.164850152209318521e-02
1.020817260592156439e-01
1.009599394753597640e-01
1.313668877114130551e-01
1.022582878130415401e-01
8.029022173116691363e-02
2.394849097024822140e-02
8.247872411361306666e-02
7.419431351500656302e-02
6.328364535359803922e-02
8.101022245739326888e-02
5.922809885597832280e-02
8.044219106257113894e-02
2.425460256724269736e-02
1.058747330498632094e-01
1.181044085455864173e-01
1.373374957273318375e-01
8.437669110414433571e-02
1.126613214981748851e-01
2.740225990434620035e-02
1.470905805816294931e-01
5.474703054258654722e-02
9.396765006802916542e-02
5.459829540033835776e-02
3.042863377879821002e-02
5.635002880223971555e-02
4.925521282843586118e-02
9.055781466347941067e-02
8.093883649099932465e-02
1.223957910932804566e-01
8.853950686082846799e-02
1.128578805473204327e-01
5.146431056924129221e-02
1.249526810085404283e-01
6.582877897260376587e-02
2.638156125877907932e-02
1.436933905016603806e-02
5.342727282183557663e-02
2.155495928276356457e-02
3.599540806801915932e-02
8.365337463352023883e-02
9.066272985737609813e-02
8.107068972456447919e-02
7.293363942243680231e-02
4.242826762841400701e-02
6.983484608455310660e-02
1.164954848056963532e-01
6.667884797472800606e-02
4.444864162154527759e-02
2.893181346533459444e-02
4.840503776015400716e-02
8.307985521372525384e-02
6.980512923506530798e-02
3.285427417199033445e-02
6.942840561523662413e-02
5.976392637723559366e-03
2.715261681508495187e-02
2.196014612367400837e-02
8.185536811227607512e-02
5.967598926380377616e-02
