6.888275069542103279e-02
1.983899371643412790e-01
1.015481166326424600e-01
4.824542397695515822e-02
9.727118100634321585e-02
6.647119325112006705e-02
2.002870414632005880e-01
2.206604917252573683e-01
2.371561920238063614e-01
2.636109908055714879e-01
1.371967677253358719e-01
1.100295658471385357e-01
2.122839924138593959e-01
1.597919353416499821e-01
2.174061485308724506e-01
2.461780194244934938e-01
2.798876287490637549e-01
1.456290870974023544e-01
8.452246558137629928e-02
1.060164295500859027e-01
1.926074586714469072e-01
2.101688215597508347e-01
2.028060719607305828e-01
2.276329328966328613e-01
3.247972123240984166e-01
2.071955360624048725e-01
1.587860492935551648e-01
1.292539585185260298e-01
4.441079766149561014e-02
1.810827342810219232e-01
2.869549742235341094e-01
3.285217414456539364e-01
3.496095833667255404e-01
2.684610143104430025e-01
1.280753307546996789e-01
1.302532174505280915e-01
1.691021935911996565e-01
2.661417789828547931e-01
2.666688712948864226e-01
3.066800587694601954e-01
1.449999035183602569e-01
1.369968305067184033e-01
2.362186841406624660e-01
1.746751170124479779e-01
2.248927218779260273e-01
2.341347168285091984e-01
2.641901701527785140e-01
3.982724839966780839e-01
2.612443706675661170e-01
1.364450856338472740e-01
4.928765571161090181e-02
1.038835159530125674e-01
2.560054002228957515e-01
3.245684766381585207e-01
3.935621714687179695e-01
2.473275374800028015e-01
1.513699778805640273e-01
1.577514993867273063e-01
1.781910130159802819e-01
4.276982132216980426e-01
4.532188104005391849e-01
3.374768089938970372e-01
3.534095780645780116e-01
2.964672134871284004e-01
4.033654762789343762e-01
4.487978033587924354e-01
2.279215713911524055e-01
1.465045727877392068e-01
1.929022243209337351e-01
1.727514972556694339e-01
2.268862300946306587e-01
2.380236916417514115e-01
2.807592494760000612e-01
1.143576322881450190e-02
2.045464622511330155e-01
4.583059750206889271e-01
4.668614457553224573e-01
3.598721107701108313e-01
2.229191266490301582e-01
5.515128611608008935e-01
6.246687140811084671e-01
2.182316864074747009e-01
5.820693557741499213e-02
3.528186856757960510e-01
4.094367606022112360e-01
5.150959054817718652e-01
3.056145542700656192e-01
8.912631405874700541e-02
5.289389827972739155e-01
5.703295069606233447e-01
3.854183854052902758e-01
7.429152163475218063e-02
3.234390892705714116e-01
5.108710410339977193e-01
3.508601770870782288e-01
1.411572716337986255e-01
1.995827451675765418e-01
5.636285493060658736e-01
6.727653112661925450e-01
3.672458467634235890e-01
6.566618386128978413e-01
8.652793655237548398e-01
5.825967379707202021e-01
3.546964117301146246e-01
5.116764764014505307e-01
5.842491165077291493e-01
4.791308344314103573e-01
2.259139389485992633e-01
5.461763488740526418e-01
7.614660749190004241e-01
7.863342821966697871e-01
8.707784053895124554e-01
9.619500935710039169e-01
9.724087987698746272e-01
6.278431356193753254e-01
1.610925777197941000e-01
3.672039504377851982e-01
6.043314140217874719e-01
8.948859117531955398e-01
1.424043121573179915e+00
1.857690077525436134e+00
2.009395534137625283e+00
1.592666004353372688e+00
1.434956052077410948e+00
2.093123776136232461e+00
3.526446853785440982e+00
4.837711519282773764e+00
5.938937752022094507e+00
6.280831587958099149e+00
6.014986281989871841e+00
5.392492337523155044e+00
5.371245582084092973e+00
5.898932591011210036e+00
6.763992643213731171e+00
7.124311950914697711e+00
6.688686565740739276e+00
5.700477911916500773e+00
5.364187313351164832e+00
5.889161239998929709e+00
6.228003464963233426e+00
5.716178480467192458e+00
4.802913573022402183e+00
4.000545188494327498e+00
3.555030870619858785e+00
3.930058728154849579e+00
3.701442628007761471e+00
2.457988775258853842e+00
1.564361295087568493e+00
1.884335177929092886e+00
2.392796284082810754e+00
1.878802727585590082e+00
8.027302138812533183e-01
2.594069597649687253e+00
4.209303600694747516e+00
5.185530739703187564e+00
5.022705969281566318e+00
4.801321562464191395e+00
4.736438876743564563e+00
5.548772425100366057e+00
6.419913791596637331e+00
7.315274026967009569e+00
7.731002515991510116e+00
6.971893830123411462e+00
6.926291445320379658e+00
6.834023887683934539e+00
6.165070499196966480e+00
6.167370434619572350e+00
6.904398770011629161e+00
7.013786329644251083e+00
5.814962636569666721e+00
5.601988503860106050e+00
6.562105154335922563e+00
5.726833496778989563e+00
4.182102584759979536e+00
4.463457096511770139e+00
6.215611142825252955e+00
5.454673248419307896e+00
4.586005379850207397e+00
6.408825457474436327e+00
4.824909408552658263e+00
3.539317379779188588e+00
4.671295918010369697e+00
4.567650789971264835e+00
1.885224871127462842e+00
4.418942770652778407e+00
5.240912222322055669e+00
3.300746616618032814e+00
5.584693594790010707e+00
5.927897375892605680e+00
4.003429299327062374e+00
6.562894538461987892e+00
4.566585019863476980e+00
4.237855990350173130e+00
5.601280688324602686e+00
2.026760305140598906e+00
3.882827558021381353e+00
3.866114916564067361e+00
3.576052090188018617e+00
4.809499995090043889e+00
5.354645933537741875e+00
4.764979481180572130e+00
6.411454966874090111e+00
4.600621514812789137e+00
5.452996367924442644e+00
4.874706838133040954e+00
3.698228433409036509e+00
4.730288562782963169e+00
1.917795374538235009e+00
4.415369944213894726e+00
1.355960195081576281e+00
4.365943574624785661e+00
1.393357486594771544e+00
5.798792052371400274e+00
1.619026236974905553e+00
7.673781779215241627e+00
3.629012081312432692e+00
8.860820710186024129e+00
7.902027874575457744e+00
7.197371507980103722e+00
1.326143817056562568e+01
2.215419699715983626e+00
1.708056702092971335e+01
8.375852337213755661e+00
1.704636113898916605e+01
1.757850175213322785e+01
1.416926760986852152e+01
2.425844320945358135e+01
1.122415609875385378e+01
2.632431753537912300e+01
1.734508204561639033e+01
1.878093384015724254e+01
2.581468669584499764e+01
2.613630138537874625e+00
2.119432006093543563e+01
1.690068083736620608e+01
1.169426787461480188e+01
1.124845818137084841e+01
3.070855572271516465e+01
2.345903227417933579e+01
2.170392068658079410e+01
4.925885839306125291e+01
2.762620986246208687e+01
2.835873514888397295e+01
4.812927311831592903e+01
2.845723789555953687e+01
3.890733714698763723e+00
3.118317249400977786e+01
4.464613765866958062e+01
2.702907055380913803e+01
1.747055176740001770e+01
4.972826380139043323e+01
4.561689436661482944e+01
1.583267957200139797e+01
9.281542141571161864e+00
2.589982287095658009e+01
4.797009575148487670e+01
9.364387346571623664e-14
2.420113823948472387e+01
1.222043894661898022e+01
3.263740835085714309e+01
4.132675294724940329e+01
6.269513214768466014e+01
7.403015721920367298e+01
6.281356544197271319e+01
4.942913937442121153e+01
4.808704853117591682e+01
4.397809245983945203e+01
3.077475423300314716e+01
1.876903759295898411e+01
1.902244491435579121e+01
2.043401125229341275e+01
1.280582960779646662e+01
1.196224493052217142e+01
6.820927801219418107e+00
1.471661061453535346e+01
1.274634273978933408e+01
6.806888040800975759e+00
8.363784189149408022e+00
1.015921693600430764e+01
1.394505418618202341e+01
9.654678034913711571e+00
1.278160897794984763e+01
8.344934000978163624e+00
1.038329794106978099e+01
4.811794521099508337e+00
6.934017667003440799e+00
6.574856600673014917e+00
1.022299860120290838e+01
9.472360391034827742e+00
1.220993999531395602e+01
9.651097999812511929e+00
1.130599122091560460e+01
6.641070897280314078e+00
8.184309939563311431e+00
4.100376483776296155e+00
5.638069390983512008e+00
4.388946082577902530e+00
4.271360226483591482e+00
4.430849745606268542e+00
3.237309726571087953e+00
3.402795716236367340e+00
1.870385321331672568e+00
1.660254529112236588e+00
2.149447038553146339e+00
2.698118801840905689e+00
4.259805233360991039e+00
5.995744124876080328e+00
5.447080956068855784e+00
8.713721429058990608e+00
7.058369495935570725e+00
1.105615174806950129e+01
1.052000755056006476e+01
1.242108770687899977e+01
1.465812554135877299e+01
1.341041304412641288e+01
1.688189094255104195e+01
1.557587959640239283e+01
1.672980697663993865e+01
1.807019268088787101e+01
1.668591915652236324e+01
1.805134997928833229e+01
1.844485336407801768e+01
1.622279835026998640e+01
1.807114920980760786e+01
1.601663822793717173e+01
1.471816305381414658e+01
1.584050596914099529e+01
1.307259723865633561e+01
1.278919966197648250e+01
1.307447756352675405e+01
1.116814595341235083e+01
1.000582387842688625e+01
1.125653793277105130e+01
9.931804590653287690e+00
7.404018730365993228e+00
9.686531726840334144e+00
9.129587275475405050e+00
6.067474081168190203e+00
7.420457173688772556e+00
8.426784663955722010e+00
6.216849518046153378e+00
3.728268684725226212e+00
6.487086776524135345e+00
7.166080813909143643e+00
3.681668116987390604e+00
2.646689309054567563e+00
5.664541912581261940e+00
5.413379278062542710e+00
2.181933639338939024e+00
1.979002803658502563e+00
4.225178130920372865e+00
3.885178385413099900e+00
2.872811818628610681e+00
2.279519321255716324e+00
1.936379655234372166e+00
2.821984715338656802e+00
3.110502157946574364e+00
1.851834059844475355e+00
1.513010072783972815e+00
1.869044328605989236e+00
7.258029369880202308e-01
7.844746503682159533e-01
1.022424401466490052e+00
2.422686722091456080e+00
3.705369728827925702e+00
4.029516048289139896e+00
3.274484113735927959e+00
1.450429371600113537e+00
2.510149264212148790e+00
3.920634165115162606e+00
3.844252165109795172e+00
3.033333806204177030e+00
1.316711936362911839e+00
1.337892896660020314e+00
4.263354122673094437e+00
6.192107580217376395e+00
5.763415227076483127e+00
3.227658061354719443e+00
3.452871036394162263e-01
3.197153961870213390e+00
4.734841035181929669e+00
5.279082553233484632e+00
4.988649188806405732e+00
4.014877097051811283e+00
2.061291700359740631e+00
3.892295620507153497e-01
2.576538292918115758e+00
4.031803349209389431e+00
4.527278744454330983e+00
4.144874744813455969e+00
3.226573109323343846e+00
2.192516002170987299e+00
1.696995491837423264e+00
1.779847896064847168e+00
1.937535962935154510e+00
2.147467488444134709e+00
2.549586425491516817e+00
2.859635593249569840e+00
2.864796614455054069e+00
2.746784180201871539e+00
2.479402416569842948e+00
2.331772748853634170e+00
1.973397097957298119e+00
1.489173761201195934e+00
1.353338146710361123e+00
1.205646557052121537e+00
1.046180461454883748e+00
1.184787785680413652e+00
1.477849026207196603e+00
1.810693359741053277e+00
1.844406855386640176e+00
1.662768464989900830e+00
1.792782369016933997e+00
1.593001963571301749e+00
1.027036334492709591e+00
8.575239418722149232e-01
8.109368611315390662e-01
7.684309388988754819e-01
6.352796704973788788e-01
5.612893120751707432e-01
7.569662145869082703e-01
1.018848210220757222e+00
1.105151880800728570e+00
7.728282550336722512e-01
8.004650894026619223e-01
9.795314713894273106e-01
7.656244397389222467e-01
4.890167628174504344e-01
2.411382283242891056e-01
3.530030918378077587e-01
7.535482413358662868e-01
7.751468765710641806e-01
6.573394592247081558e-01
7.857846529792866797e-01
8.602032061530844320e-01
8.319804023417377570e-01
5.322452671549571246e-01
3.593584655517416127e-01
5.282793612213866341e-01
4.774199084510456492e-01
3.572543104384900414e-01
1.296459432680528989e-01
2.013823916642240863e-01
3.113549903473706859e-01
4.689520693221399528e-01
6.917372112604850409e-01
6.499773862748293718e-01
5.979827600248571740e-01
7.502091951863258945e-01
8.399622212329767024e-01
7.920855613331528877e-01
6.140725049103608058e-01
3.868094146250022347e-01
4.651559951969349571e-01
3.836380832657110274e-01
3.646420421755172114e-01
3.299909775709897741e-01
2.814500141044550818e-01
1.351938154852110330e-01
9.018063763855274639e-02
1.969721060327398188e-01
3.320137067999910374e-01
4.125953897208448629e-01
5.038113648138031753e-01
3.655013001412113494e-01
3.104332516132018438e-01
2.615658892566880556e-01
2.258036060776859588e-01
3.860464190453454791e-01
3.981958362877797142e-01
3.490317681312029019e-01
3.787710194049563328e-01
1.973709813906390220e-01
2.178217170417711956e-01
2.120248303349039909e-01
2.074805902800270774e-01
3.150238311945215974e-01
3.706562806193658410e-01
4.022137299799323773e-01
3.013997703579018306e-01
2.407546222966177041e-01
1.256029840932599284e-01
7.229507362210987886e-02
1.441690069723423617e-01
2.614411456181119364e-01
2.563109331577951289e-01
3.395592357443007470e-01
1.099868101842092771e-01
1.262469014020946023e-01
9.936113699088597317e-02
1.012398873263351123e-01
1.437102716585232365e-01
1.154440260741417257e-01
1.896149390525681822e-01
2.304252235076538757e-01
2.777566430587266599e-01
2.854340411423716972e-01
1.314135545639296132e-01
1.899868540501376268e-01
2.195789459433179769e-01
3.373318045976008150e-01
3.712671080870781903e-01
2.316872025058434592e-01
2.154934021248831877e-01
1.198800801610883371e-01
6.982712443806134150e-02
1.502861531046086330e-01
8.562554195089043529e-02
8.432393200829460533e-02
2.110674045624794382e-01
1.062517864211873081e-01
9.563199389875828849e-02
