3.811969039256751235e-01
3.774284962066223326e-01
4.482696824709933026e-01
4.248494435095510613e-01
4.783208708513070895e-01
4.335334601070949256e-01
4.244680662519552117e-01
4.286700750476563626e-01
4.352571730218671719e-01
4.483477891850841113e-01
4.200186084224611927e-01
4.159202389352613660e-01
4.117185907822474289e-01
4.166560071943448684e-01
4.323554288359336417e-01
4.057850349244514487e-01
4.247060517570755422e-01
4.252205991488708370e-01
4.255126435588727496e-01
4.564081462992727878e-01
4.517353128510933069e-01
4.566307834506764252e-01
4.452854072098497151e-01
4.688362443573791949e-01
4.656510212066989340e-01
4.784186682751169761e-01
4.967457500651589752e-01
4.711145444352902723e-01
4.695825642171525538e-01
4.201508575607870166e-01
4.388139674918373756e-01
4.530319412046717731e-01
4.322055127793364426e-01
4.290954703926109226e-01
4.418323150959466150e-01
4.344515007143500140e-01
4.491620307779906063e-01
4.756399392355518119e-01
4.657832544388033624e-01
4.758681691786173507e-01
5.005052441484216796e-01
5.057312309473709355e-01
4.779432104332893561e-01
4.979739634009239801e-01
5.233931619441256622e-01
4.881903785415840358e-01
4.861421227449321258e-01
4.810436002144993228e-01
4.676673377480328742e-01
4.559844185013852136e-01
4.879715628521424930e-01
4.267658206380118835e-01
4.447533727641572732e-01
4.765522550752918640e-01
4.722781315457690310e-01
4.797260186860883846e-01
4.777591050385930349e-01
4.821386728149740231e-01
5.034161079380613524e-01
5.115913472349732372e-01
5.185863436241370250e-01
4.924313928041354482e-01
5.089895771920379675e-01
4.925093888313140100e-01
4.924244259323852790e-01
5.023290755735105861e-01
4.911869884539580844e-01
4.912622232896755592e-01
5.071505085031748905e-01
4.916771698436057658e-01
4.580768395075922594e-01
4.874014296056436990e-01
4.629422062508852243e-01
4.633498644374736131e-01
4.680393790924308184e-01
4.745000075306290976e-01
5.137674528339879476e-01
5.058654097709731623e-01
5.276608998184015853e-01
5.222601746015912427e-01
5.675133871495781079e-01
5.111373467534455761e-01
5.370916029792575097e-01
5.110462529614601124e-01
4.996943276223693164e-01
4.907819805186863227e-01
4.638896483568509810e-01
4.838160757786466593e-01
5.274365860561063268e-01
5.240826898382620058e-01
4.481368315352264320e-01
5.629745178985227083e-01
5.162093799275967454e-01
5.279103600083504544e-01
5.292432136197070536e-01
5.542080360239097780e-01
5.005172863641982328e-01
5.721903565082696597e-01
5.752359131468312015e-01
5.386759810743343424e-01
6.645940527066542813e-01
4.904772946832591796e-01
5.393893099190749663e-01
5.534413172137648829e-01
5.223839142657151768e-01
4.921194492932985942e-01
5.882624860211469464e-01
4.742029815115083036e-01
5.413748804807296811e-01
5.615622260793243781e-01
5.022592554204281523e-01
5.965728095075391035e-01
6.369432158579909631e-01
6.343753288789716338e-01
4.727190824274825065e-01
7.296510364147698047e-01
5.544821952667976506e-01
6.697670425191343258e-01
6.414885086771590084e-01
5.937026334810255879e-01
6.754605884274071936e-01
5.846976009040085742e-01
6.007147647458596085e-01
6.644846793173025956e-01
5.176525182537713432e-01
6.849562612977623255e-01
6.394180381686395132e-01
6.227848443865144912e-01
6.476907571253437412e-01
6.510320332091943385e-01
6.580253206318242842e-01
6.521411430740993165e-01
6.455179472151424402e-01
7.604322467144519759e-01
6.582235313000454058e-01
7.511752972356831037e-01
7.271745056636030879e-01
6.778074455965019673e-01
7.737950474451300575e-01
6.085119514502013160e-01
8.517338598340532529e-01
5.722827161212132863e-01
7.712421118649712692e-01
6.495752638752710917e-01
8.361470538600209723e-01
6.372632527062656038e-01
7.680734982117095599e-01
7.947201893133808426e-01
7.016701737021214802e-01
8.876188247291444400e-01
5.979376836804156659e-01
8.461659109684255275e-01
6.470069355924314980e-01
1.065346760240310164e+00
8.667935770754722213e-01
7.869207852359791922e-01
4.331276120175022171e-01
9.930840672530297786e-01
1.276651032005673869e+00
1.265587661073412695e+00
7.552274344422100771e-01
2.656371554863283801e-01
1.187614118187766854e+00
1.570079656611149233e+00
1.203937962787556604e+00
6.011664202067474871e-01
7.175032186857779326e-01
7.944894968198044083e-01
8.940118209876599664e-01
1.119927676747246359e+00
6.376767515848534851e-01
1.127205328750320312e+00
1.247124474729579768e+00
7.097936665806610090e-01
1.087341188531692593e+00
1.655097332142488220e+00
6.213264711669700402e-01
1.033684181138491809e+00
2.146521802933136325e+00
2.080884532614423854e+00
9.842855431115670184e-01
2.733925080153973841e+00
2.000868879880862483e+00
1.019108545019726364e+00
2.737226533204371925e+00
1.507206681728872733e+00
2.308686891599172952e+00
2.440838372050656790e+00
5.160871826930183426e-01
2.159446778210199813e+00
1.092223476254742254e+00
1.132257335191808378e+00
1.539788215157479545e+00
1.067788904021206298e+00
1.187823532953966144e+00
1.447674437080288978e+00
1.501792462996457633e+00
1.319916662750707737e+00
2.198572858066756286e+00
7.775025673039759333e-01
2.359799603955440528e+00
4.427068301855185406e-01
2.101174545474958855e+00
1.108389150071321438e+00
1.653457273805633676e+00
1.983596639742139400e+00
1.082115272152295526e+00
2.722072638940584266e+00
7.666580164854267521e-01
3.074280852463047609e+00
7.979008910390285036e-01
2.837119345847234797e+00
9.757413913955929052e-01
2.576341020526995429e+00
1.182896125897481499e+00
2.513525385981143501e+00
1.420039382635509106e+00
2.457910661703157196e+00
1.744935563046993598e+00
2.396560473643672751e+00
2.021055470572403312e+00
2.384475395545849530e+00
2.155272744559182829e+00
2.480736091463065396e+00
2.168604254705015943e+00
2.925982508584845654e+00
1.833510516405443713e+00
3.706495022433129893e+00
2.308713432192763371e+00
3.645839430701956818e+00
4.656075782268277230e+00
1.736305068987474165e+00
6.731351481451712360e+00
2.091127629633326102e+00
6.805533058963884940e+00
6.602488248211408894e+00
4.220839954984333176e+00
1.002847664685956985e+01
2.850956085589575917e+00
1.058886685116731030e+01
9.395590210134320941e+00
5.789086904643575338e+00
1.360241923845624079e+01
5.059909027406492399e+00
1.359496129789743080e+01
1.848550166468499256e+01
8.779022549222124994e+00
2.829072157419227196e+01
2.681865277590825514e+01
2.721584286226791960e+01
4.504473213728795145e+01
2.299654789379956199e+01
6.057325183160383375e+01
5.515011973045280769e+01
6.917904830456451748e+01
1.877293776370519822e+02
1.494728020666953811e-13
9.542031758405173036e+01
3.980621810665402904e+01
3.814577387390675511e+01
2.464664600376500658e+01
4.893745687668892685e+01
2.373060377705045454e+01
4.807597608611987994e+01
3.323389308163547895e+01
2.971000174421775952e+01
3.276294985766588752e+01
1.963274057380394666e+01
2.921418375889389552e+01
1.625061501348629633e+01
2.501099936047499739e+01
1.611303025098123598e+01
1.845158559505679108e+01
1.656374645686888414e+01
1.225154268390329371e+01
1.524277360252351876e+01
7.900189469578639212e+00
1.376370206781027683e+01
6.132041905957033023e+00
1.269669262871822291e+01
6.800896248617593898e+00
1.211072196693037029e+01
8.586755625868676134e+00
1.120422715177952355e+01
1.070883165473008525e+01
1.040886298358369899e+01
1.359202398228629605e+01
1.166513041937527895e+01
1.708632432605041984e+01
1.414388511794144598e+01
1.968821661511993781e+01
1.563789880639107288e+01
1.976579736651456898e+01
1.433335168172765250e+01
1.719767549632564396e+01
1.130464653897763938e+01
1.379541045906656294e+01
8.628945293481384837e+00
1.105006719766092971e+01
6.863510199303158643e+00
9.262034475474509421e+00
5.071979484246829983e+00
7.371959433241738857e+00
3.117744652607082667e+00
6.012285462160643412e+00
4.177029871195613531e+00
6.778376837529449084e+00
8.450461321053731822e+00
1.001464897796400422e+01
1.339072783966622460e+01
1.322241286398078053e+01
1.685487983777240117e+01
1.475301322480961552e+01
1.697884534589680428e+01
1.345860970067845308e+01
1.355499272629518615e+01
8.813540827998217253e+00
6.679433726629879331e+00
3.083805914111232394e+00
1.076164094123181592e+00
2.345851958891094657e+00
5.789078353366195806e+00
6.663104903709490934e+00
1.024533696458999721e+01
1.382982324840998700e+01
1.514796330100468147e+01
1.943020103947587174e+01
1.715628694475248395e+01
1.222190475014878963e+01
1.207977723424591687e+01
1.257390098568831505e+01
1.471926990088279830e+01
1.474360501648517818e+01
1.084192176884080894e+01
6.547260492291099965e+00
4.361566545890577018e+00
3.489873023122476603e+00
3.382548290272677338e+00
3.345530040505055869e+00
1.020860512488001692e+00
3.009615836730967220e-01
2.736779402103706627e+00
2.163760151907586415e+00
1.511892939380119705e+00
2.165769452827968067e+00
1.044331295442331387e+00
1.926399944751199467e+00
1.496509956010231290e+00
2.369591821659446484e+00
4.574726294526564097e+00
4.925207017100693641e+00
4.139567026991949561e+00
3.674235026940666060e+00
2.833985179300676727e+00
2.245861377719874596e+00
3.304345265247454311e+00
2.599753824530405932e+00
9.212322257373189993e-02
3.081747055097538990e-01
1.651734324046704394e+00
1.401348455397285031e+00
7.276817218631641548e-01
9.242302333441375639e-01
5.252209020686632313e-01
1.127297156649563536e+00
3.632896644071449965e-01
1.178480542711599188e+00
6.114982580980745652e-01
9.920119089761166853e-01
7.701101611532972235e-01
8.584388031209059244e-01
1.051679010776067624e+00
4.743846237000347021e-01
1.094397818609406547e+00
3.182235723473068600e-01
9.414483856691996388e-01
5.046401085554611532e-01
7.295689315952618159e-01
7.355146109663786014e-01
5.347387972800557998e-01
7.678508844301267233e-01
5.514741946386747529e-01
6.905235671883572790e-01
6.511282480589096755e-01
5.550928426600070242e-01
8.083227402485512192e-01
4.868174642430045385e-01
8.058033518578223697e-01
8.087508471372979457e-01
3.719198360008029169e-01
8.890712143105036214e-01
5.458271593778576403e-01
5.947061529402555280e-01
7.748849972962567056e-01
4.011828151339456583e-01
7.733583790280379455e-01
5.147800958708335095e-01
6.916982143378855863e-01
7.946675175003881098e-01
3.206666382692663908e-01
6.183025792337329962e-01
6.257603852825865953e-01
6.316786479699817436e-01
4.481806724437511491e-01
6.984593957893380223e-01
5.053409874682323055e-01
5.573067962590971813e-01
6.952462780951229604e-01
4.519630538047432755e-01
5.273599256137383451e-01
7.107389404533891453e-01
4.841612722485227893e-01
4.815264841108516936e-01
6.798289127837220391e-01
4.161174158684942670e-01
5.429817137466139698e-01
5.165215394137034899e-01
4.704482173917734489e-01
5.405943152841403698e-01
5.027368930307136718e-01
4.620412878346891739e-01
5.755394436872720565e-01
6.338328788725603458e-01
4.192413714060290175e-01
5.595908232923184622e-01
5.433958580864067800e-01
5.698272124433095831e-01
4.793403854539990405e-01
5.307154564462452928e-01
5.128980782945029571e-01
4.751764883237966641e-01
4.275662086023358510e-01
4.535300322696302344e-01
4.743780011964281451e-01
4.631262110149834132e-01
4.794926801118881143e-01
4.838110733723020584e-01
5.009627775142989625e-01
4.598660759244913576e-01
4.983696493304486386e-01
4.957613311161841452e-01
4.739029334171501739e-01
5.367044825790876494e-01
4.956721774550216231e-01
4.728916728713492557e-01
5.407689562121112958e-01
4.955035243467041939e-01
4.754116737202150889e-01
5.226979442929053921e-01
4.808369877666430758e-01
4.650442619554053802e-01
4.722604280178764324e-01
4.355175348251179024e-01
4.485308182136166777e-01
5.115737480301641993e-01
4.781998202529398889e-01
5.127837428682218146e-01
4.901263069375268455e-01
5.080655955292592285e-01
4.453735629088675374e-01
5.133671054761527186e-01
5.046541836374357493e-01
4.954631566207535753e-01
5.080378209019588143e-01
4.888914771283201510e-01
4.921382124205364583e-01
4.646822599222137917e-01
4.813894836084948170e-01
4.292541513970150047e-01
4.667889634967319346e-01
4.546564170796920656e-01
4.607808527178999802e-01
4.374691215030090397e-01
4.352575329829362349e-01
4.534931429192950447e-01
4.780751270943002229e-01
4.631926395711892797e-01
5.056286353688019819e-01
4.912765738858821396e-01
5.133922570140875274e-01
4.783307853013427091e-01
4.679078249529434741e-01
5.042371880232273673e-01
4.435828279533382545e-01
4.768453002132578833e-01
4.229244101268683775e-01
4.657495050212425713e-01
4.326797317810025523e-01
4.268875201352190785e-01
4.426475089641468408e-01
4.342808859979032099e-01
4.347339320940682428e-01
4.284488316987917766e-01
4.720598336302877507e-01
4.212258963458546113e-01
4.483872739167877319e-01
4.580072654911422902e-01
4.911795055313835090e-01
4.484425684540563339e-01
4.572211682984450021e-01
4.475452285511323791e-01
4.708052440447361708e-01
4.222338372252995575e-01
4.491574260754672143e-01
4.533545284289338673e-01
3.967669566382959756e-01
4.073023571380175456e-01
4.318595025764865314e-01
4.170135283323389563e-01
4.288044883356347814e-01
4.238101578133940950e-01
4.082474354855243903e-01
