1.550539118150678353e-01
1.907134039276864590e-01
1.300141088900647612e-01
1.852750935664628229e-01
2.155863599274573938e-01
1.323559795308487108e-01
2.335230903099460298e-01
2.520098240877992612e-01
2.120132454522586918e-01
2.533451675335842701e-01
3.088464008217459700e-01
2.311892527856721502e-01
2.397405229801711779e-01
2.494784593381390581e-01
1.639994458212186146e-01
1.940594888131405571e-01
2.580988611565370738e-01
2.442123795639594974e-01
3.370494591929775741e-01
3.768178452483869623e-01
3.726133958542184321e-01
4.185204488513902810e-01
4.392611272005949585e-01
3.914667195355073792e-01
3.588689512443593022e-01
3.210853911697409413e-01
2.263415345595942707e-01
2.196074273088552964e-01
1.706078568816460084e-01
1.468722595458816504e-01
2.390344406590433624e-01
2.968566005525652973e-01
3.410601353566873883e-01
4.150206562742568828e-01
4.514752833433384738e-01
4.427132657750217914e-01
4.556169172971419323e-01
3.942062763152032745e-01
3.238925997591601824e-01
3.128560332340150629e-01
2.420097054013126414e-01
1.815265573607180993e-01
2.042169735932477248e-01
2.576149029046814198e-01
2.523571596425501218e-01
2.973841244261217209e-01
3.330392057811694118e-01
3.579779470988276313e-01
3.722855838726484290e-01
3.867492299797331001e-01
3.678971727434954819e-01
3.702525559142760825e-01
3.465521294246902140e-01
3.636689784461723529e-01
3.213392762721120621e-01
3.135824720072467042e-01
3.153119565026221149e-01
3.713811737102955535e-01
4.065333975127675137e-01
4.851750497934490536e-01
5.550393748993767140e-01
6.541038973734937256e-01
7.747556032282477689e-01
8.204611364678918717e-01
8.928878326862761394e-01
9.604995831590990019e-01
1.030615448892503450e+00
1.087874280843874164e+00
1.121691944443223399e+00
1.208770837330668702e+00
1.252819916389122712e+00
1.344921534857711265e+00
1.462124187404070463e+00
1.465179084598146941e+00
1.493657095182281624e+00
1.565775061825425141e+00
1.611379990990415623e+00
1.543015984228859327e+00
1.580695122936587760e+00
1.528381864135061941e+00
1.492286169146027408e+00
1.440156152071713658e+00
1.328963181834057927e+00
1.251481230856714921e+00
1.115576243271200640e+00
9.547822760385397123e-01
6.982495879993481092e-01
4.892565415942630169e-01
2.533694210136124836e-01
4.607497699586082102e-02
2.875209199472271160e-01
4.758533717773864580e-01
7.361452197869636782e-01
9.280706309353020655e-01
1.137326378470720822e+00
1.232345330890272983e+00
1.308678068080549650e+00
1.322926101765034668e+00
1.259658567050105038e+00
1.314418330710675153e+00
1.242464968166736794e+00
1.097947558035905269e+00
9.958958923597973634e-01
9.290012559880305165e-01
7.706442474303600854e-01
6.319369164500209246e-01
6.545268683854394975e-01
7.380582693306794173e-01
8.407944884238475192e-01
9.090390645809962589e-01
1.008426123476490410e+00
1.095565599851378469e+00
1.101775015405733527e+00
1.095443505818121777e+00
1.062789058378783569e+00
9.814408903473982315e-01
8.197163135541927215e-01
6.892202616557746575e-01
5.669395454076764373e-01
3.636367971700210644e-01
2.294477558742022139e-01
2.244007336627256710e-01
2.556110371916269774e-01
3.970274532914787602e-01
5.294988405600159487e-01
5.707773667609414847e-01
5.917758584910333131e-01
6.349003940403277202e-01
4.992409012981840477e-01
4.008748075041349002e-01
3.797711666577954781e-01
2.765602208685106755e-01
2.021028766160258283e-01
1.940503236859916492e-01
2.827684250381521380e-01
4.191369660752397586e-01
4.312033920318649738e-01
4.656443223262901054e-01
6.335289525352362228e-01
5.758977958775901573e-01
5.063689329721563492e-01
5.440555487962009940e-01
4.775890795584527004e-01
2.844776924994624201e-01
2.381541546664430742e-01
4.724111153935675600e-01
4.332637463507883480e-01
5.626807603581487349e-01
6.522337998645199031e-01
6.741898165284097022e-01
7.983822492211453126e-01
8.271822003913660293e-01
6.491726945585054587e-01
5.926926688446850777e-01
5.675890193989062693e-01
5.821586402147495010e-01
6.964370845860751169e-01
7.457724314865474824e-01
9.518957523140134658e-01
9.180768609422275128e-01
9.446878540901751942e-01
9.029888364338944928e-01
8.326182014141477739e-01
8.112970124843610353e-01
6.666530614173571401e-01
5.374475117046444428e-01
7.953937594857901638e-01
9.926675014977717204e-01
1.023272127333233916e+00
8.998716237670516538e-01
7.150473984057548194e-01
6.309099170462109107e-01
4.551414145850258275e-01
6.082807577904011387e-01
8.011216188122572968e-01
8.662958226241875836e-01
8.463454193914157209e-01
5.919270271663903404e-01
6.489705112226334949e-01
5.504333946559378798e-01
6.147942712145930688e-01
6.375158289664101252e-01
5.426759336625603947e-01
1.304129463121744825e+00
4.384229841818239604e-01
1.569894079904088136e+00
1.161127600945971228e+00
1.867675212831281018e+00
2.218162424093511831e+00
1.695008106201848053e+00
2.895545743252589510e+00
1.913980915472912381e+00
1.770873555597944682e+00
1.429851117632704449e+00
2.750935639646521658e+00
3.790889560851145923e+00
4.339467891449929837e+00
4.434755024790862699e+00
4.962146029437017880e+00
4.919902100798441147e+00
4.430339214963934680e+00
5.139262671862875109e+00
5.024188882492386377e+00
3.111431256069849827e+00
3.440267929835455707e+00
6.220694298266898237e+00
7.279873791506026315e+00
6.215794677773759602e+00
2.309357874069635219e+00
9.324414410198412773e-01
2.305873810296794169e+00
3.782054276241691326e+00
3.501951645194818941e+00
2.228953533967875433e+00
1.357372284969982523e+00
2.556066605529094371e+00
4.785340256925271873e+00
4.326892236137663161e+00
3.963041546646651980e+00
4.662114106724919438e+00
1.643575146039836232e+00
2.788581001860123365e+00
1.602593420066259267e+00
3.157617905347165355e+00
1.723520755021355377e+00
3.421225772087183259e+00
2.337878421966069542e+00
3.640901220599073618e+00
2.025557761344098484e+00
2.924228951477675587e+00
2.338957991853642060e+00
3.216308712451261265e+00
3.011193550029000132e+00
3.599584081864340313e+00
3.096202632634679208e+00
3.573069131912188556e+00
3.179811816145159842e+00
2.764656911484513646e+00
3.216627778145558114e+00
2.981941650567064173e+00
3.333874939091676648e+00
2.636656946574374771e+00
3.026690692505062508e+00
3.272063060292923709e+00
3.407752852573844304e+00
3.110088509362974207e+00
3.069596989403466480e+00
3.993237236620583275e+00
4.031478928086874802e+00
4.071036014156175220e+00
4.023530903025947403e+00
4.168531870434671660e+00
5.110951567537857620e+00
5.227881247134995135e+00
4.581621072551024909e+00
5.207069698304282568e+00
1.910471896907081291e-13
5.683773032423061089e+00
4.994232104351286949e+00
5.253760602122699908e+00
5.244700968098820582e+00
7.199263270896615552e+00
6.787884441461558005e+00
4.733378033159111098e+00
5.565255011195425539e+00
7.433728162403507866e+00
6.459622241841104007e+00
5.183898515145594743e+00
5.886717522838536887e+00
6.482663868656610262e+00
6.738892557520880011e+00
6.376354903141196573e+00
6.068304962421837701e+00
6.362824532775592346e+00
6.822301702659561151e+00
7.233650839273702893e+00
6.978043396029714351e+00
6.914637971384232529e+00
7.418303395788914401e+00
7.924785371594873062e+00
8.176031987845362892e+00
8.099193052706011642e+00
7.947768086661384679e+00
8.130746577607773418e+00
8.041004063275430269e+00
8.203962237309109895e+00
7.650038360202758625e+00
7.206250987747267800e+00
7.041372826542581009e+00
6.845658574626201975e+00
7.068994572356150030e+00
6.830236724501154377e+00
6.917432670736797462e+00
6.521208460127748907e+00
7.197966267103845794e+00
7.351784392889658015e+00
6.873209707489118081e+00
5.628441198137341672e+00
5.571674979769567493e+00
5.721782429361369715e+00
4.696046193734917829e+00
4.526969221764891138e+00
5.090009893851290990e+00
4.931762827848420905e+00
4.046662495488198452e+00
5.113516761877482608e+00
4.725639995842671581e+00
2.483810830544781911e+00
3.246821418951512328e+00
2.803662777168212550e+00
3.561711135530791772e+00
4.168228912229230865e+00
3.271365199982848804e+00
2.059899515862514630e+00
1.732411388152534926e+00
3.131268475795237816e+00
3.959410388541967585e+00
2.118282019071937583e+00
2.836614727876086040e+00
3.038293720077287485e+00
2.671519742753826865e+00
3.490356058888930857e+00
2.589846135206394617e+00
3.788892646651693674e+00
2.813649853562096848e+00
3.518692653860373554e+00
3.500330939105276151e+00
3.432764402606506504e+00
4.035542232797120654e+00
3.774598519728560309e+00
3.982781092386838306e+00
3.893928008466899016e+00
3.797380856564115170e+00
3.872449342469248545e+00
4.112703804978228739e+00
4.261474901475534871e+00
4.309650913453498156e+00
4.331740060288255201e+00
4.262732284761391988e+00
4.265868231190190762e+00
4.182628403481465362e+00
4.168604410866435295e+00
4.252366929756912661e+00
4.389926598252294809e+00
4.526710856213970402e+00
4.535242458609187288e+00
4.533182551391711890e+00
4.496414543697111910e+00
4.317907023406407419e+00
4.183107672220701012e+00
4.143957563129657906e+00
4.111733411870382326e+00
4.216937512833447421e+00
4.220898740521121795e+00
4.088238271534048174e+00
3.888537324583337895e+00
3.565633435810611651e+00
3.216558572279842654e+00
2.941468115973540520e+00
2.713994401977922966e+00
2.671425963169389739e+00
2.542239761014247090e+00
2.503788247524028954e+00
2.443180927687382820e+00
2.282301586225941481e+00
2.163812640871965343e+00
1.938409743193765689e+00
1.661416068356929454e+00
1.520216579299873194e+00
1.378701254397985965e+00
1.316011894808009952e+00
1.365296676992725056e+00
1.506172612143924061e+00
1.625125723988601445e+00
1.601793953161814388e+00
1.624895346000411855e+00
1.576660001655189935e+00
1.449412287975557767e+00
1.315704424836085185e+00
1.232680812579890040e+00
1.261740813606677003e+00
1.239370382437593676e+00
1.253125830522412443e+00
1.487648775751752694e+00
1.666216839961525809e+00
1.797380982383393722e+00
1.874060787206959455e+00
1.929130832844611287e+00
1.811496683953936371e+00
1.464749476887815538e+00
1.089118160267432245e+00
7.354625501831519863e-01
3.775124623355213815e-01
7.208843258163770695e-01
1.214888304337167213e+00
1.663510052505200676e+00
2.196184561081880204e+00
2.694693663644305293e+00
3.007876610599761857e+00
3.320527047983433899e+00
3.463168527888868642e+00
3.480076038639328129e+00
3.301092035855180740e+00
3.024434420635781162e+00
2.711323783847817470e+00
2.183489451602766529e+00
1.838271431170740433e+00
1.612475892288830259e+00
1.707619767604139582e+00
1.904168933575318023e+00
2.275353625838869576e+00
2.698147972178362775e+00
3.017515651878932559e+00
3.209005294551659837e+00
3.424182368859527870e+00
3.475207569293774945e+00
3.429585445068377147e+00
3.274225533957424439e+00
3.032989422308011829e+00
2.641778828698532422e+00
2.129890905369644649e+00
1.612492055541717040e+00
9.578365900652350273e-01
3.711998067679967428e-01
6.773751186573591099e-01
1.157920728031818003e+00
1.770830565905362031e+00
2.311239654958000767e+00
2.669517488178266174e+00
3.004619226799313036e+00
3.297581146275811115e+00
3.421532873072692382e+00
3.582706455205868501e+00
3.659138759263854901e+00
3.705301883258198092e+00
3.746012069400092681e+00
3.671693639388900365e+00
3.566544722359415776e+00
3.422662829321621025e+00
3.303562078955265324e+00
3.084078596520782423e+00
2.864865433332040912e+00
2.648580452951827979e+00
2.510159156633861688e+00
2.268607868444494358e+00
2.120558559707113933e+00
1.947734284065506305e+00
1.731993485218537243e+00
1.584390459871304779e+00
1.434706264151258015e+00
1.223479371118074255e+00
1.068630641299565420e+00
8.907779626870805378e-01
7.730538480854920458e-01
7.371367985344122742e-01
6.050080942283266872e-01
5.822474301796093377e-01
5.992448686478526465e-01
5.612578410747938173e-01
5.984716376523313563e-01
5.754598387413170091e-01
5.658476874203384188e-01
5.462764279905253373e-01
5.631132750809529908e-01
5.398546970876824114e-01
5.216722707204854981e-01
4.926397856935300634e-01
4.263905451079211817e-01
3.817922115614664769e-01
3.600293143689865527e-01
3.288771378666854872e-01
3.680254208440432717e-01
4.455416509936427905e-01
4.481540202491290925e-01
5.880208327417126846e-01
6.049146298662302357e-01
5.830837243487205779e-01
5.604507133641379868e-01
5.815418727500831775e-01
4.507888991982709759e-01
4.003299500177910364e-01
2.687208367226903705e-01
1.761529101869669378e-01
2.111675031268852032e-01
2.781417286276729461e-01
3.399096649699475114e-01
4.615795083829759005e-01
4.254385580525205657e-01
4.649608761109660926e-01
4.868110646860951962e-01
4.538530303254451614e-01
3.486971634036936107e-01
3.755235376428895377e-01
3.087669493479698879e-01
2.439636793641433710e-01
2.344015287080310206e-01
2.367666848732720708e-01
2.107639152892708256e-01
2.855370060537539834e-01
2.746442982985149994e-01
2.432570979049175353e-01
2.138707571982664257e-01
2.245095197306214985e-01
1.551259610883627682e-01
1.775438240311096039e-01
1.761572957086996738e-01
1.042841317710061499e-01
1.782756891893403917e-01
1.956422922573906875e-01
1.940794700525239058e-01
2.497938562821728492e-01
1.740107188743137412e-01
