3.275813439148187456e-01
3.103947494523610073e-01
3.616295835681113680e-01
2.621214714021604664e-01
2.754894784153499310e-01
9.082851986068468664e-02
1.640723684487514766e-01
1.980287961184700185e-01
1.061761717956824225e-01
2.223326333642332842e-01
5.696372166576803286e-02
1.085909500737345934e-01
1.903987484327448743e-01
1.113652744959828106e-01
2.498159079908658098e-01
1.005635104651005224e-01
1.376104515857709820e-01
1.230815204292356330e-01
6.820604552175094093e-02
2.412400996131471853e-01
1.300845072271660241e-01
1.595021176473851998e-01
1.310774930048126952e-01
7.737587597755632429e-02
9.657737316211224832e-02
1.726687982681694156e-01
5.234942319832587565e-02
1.708465915106223143e-01
1.052139311935401944e-01
2.042374977498782190e-02
1.952958761503508778e-01
2.023425357608484576e-01
1.761708555752752592e-01
1.874450795044521889e-01
1.130838740077032972e-01
1.231320538423514438e-01
9.612350912095131428e-02
1.007265412246547420e-01
8.373636106152031189e-02
1.102029184273233126e-01
6.208668887919383678e-02
1.197279968500203906e-01
1.417542762554077074e-01
1.330814059139470706e-01
1.291788576414914791e-01
9.430120470602864138e-03
9.413254068487085513e-02
8.215969841175016497e-02
1.091459218942527620e-01
4.621260485540856083e-02
1.412956348140008422e-01
1.007377062106937921e-01
1.376686013136116382e-01
1.281518887398890305e-01
1.734875342007562438e-01
1.197051299448723960e-01
8.572979829090209003e-02
2.232357073316595941e-01
1.629292014574849901e-01
1.724339546359457964e-01
3.235924317820400575e-01
2.078027551620421076e-01
3.229911194555801224e-01
3.648458108016153223e-01
3.488231643380251823e-01
3.722268955797066736e-01
4.259221071646733248e-01
6.055073262027971248e-01
6.749868177630229393e-01
9.877038754541520582e-01
9.920784199154953908e-01
1.281902545185537479e+00
1.428542460550673132e+00
1.362840184980053770e+00
1.798311679584193801e+00
1.501097816141081731e+00
1.854404280361565238e+00
1.806229367907575822e+00
1.741570363002503674e+00
1.889115431471291240e+00
1.419387719669862769e+00
1.437231038122629201e+00
8.639219876038725099e-01
5.275191950533060226e-01
5.626977244828716973e-01
7.940101875492935335e-01
1.314744054734084733e+00
2.041538728129430158e+00
2.196976499401156691e+00
2.916397239238837091e+00
3.088341043201694003e+00
3.123534895977527093e+00
3.504882448788127824e+00
2.851848196155075676e+00
2.870719896301547003e+00
2.197071489464685889e+00
1.704959821435531930e+00
1.368112244836494185e+00
9.881954768221304919e-01
1.141992662559760285e+00
1.358606435502485166e+00
1.559924558495542124e+00
1.588245553195530402e+00
1.501138507232076202e+00
1.231453803580216499e+00
8.632020948224549128e-01
7.721410219649496032e-01
6.277466733028265189e-01
6.721348064727521443e-01
6.418236716513594509e-01
6.951741492555102431e-01
3.370212872377953417e-01
1.134321059398037068e+00
2.803360009875260905e-01
1.966181106015519431e+00
9.519749206499831251e-01
2.709361688935717716e+00
1.446519839253325612e+00
3.587841896715353585e+00
2.152608170461072223e+00
4.565329942595955259e+00
3.413998298129750975e+00
5.075162740978194975e+00
4.846905173929629385e+00
4.645438124713979100e+00
5.893205073989743248e+00
3.227618183942052799e+00
5.716143546396399877e+00
1.853724895674766504e+00
3.803760429644361896e+00
2.302170545225318943e+00
1.445443051795034073e+00
3.094694493503112653e+00
4.667006987968532528e+00
3.712849729200625948e+00
6.812890798859124075e+00
4.671603536491150344e+00
5.351050957956989151e+00
5.313504628765604032e+00
3.636587962393365903e+00
5.183928217732493238e+00
6.158008707506383850e+00
4.696764137815623741e+00
5.409384170906408329e+00
4.100308578787787539e+00
8.028170636810357808e-01
3.354423880906419075e+00
4.431386560425269572e+00
2.853768692499147441e+00
3.198527365921541410e+00
4.021898591144529078e+00
3.260352857032514873e+00
3.661280789730151142e+00
4.597224466146984767e+00
3.450838811838723430e+00
3.441777031058160574e+00
6.248397733713358271e+00
6.640681761163837571e+00
4.287449497482750616e+00
4.266960641292549816e+00
5.053774388241497384e+00
4.488263055236051180e+00
3.393943899960579547e+00
3.472541586854342111e+00
3.363934624554922426e+00
3.184578437114277349e+00
3.248683240851778287e+00
5.017012363676332853e+00
5.327683092898197970e+00
4.664456228718012909e+00
4.312006874165747128e+00
4.954902713693233096e+00
4.530851093932524165e+00
3.503082512985163710e+00
2.249061140018639104e+00
1.820949147370504839e+00
1.026771697894669266e+00
5.089460218509593847e-01
1.440394717259491086e+00
2.454882744069367018e+00
2.396523230992276599e+00
2.426915101177805401e+00
2.785901428425554105e+00
3.168634297930967403e+00
2.375406134080320086e+00
1.915594399411848947e+00
1.168708099445617155e+00
1.906306828721079094e-01
1.438427112640902950e+00
2.400970312474558721e+00
2.325353913800469297e+00
3.724345174854104545e+00
2.982187475915067498e+00
2.858886258067832031e+00
4.399949393754869931e+00
4.836459345635584661e+00
5.466062462672867994e+00
6.517938565724854527e+00
5.229945444334448190e+00
4.758260023679679485e+00
4.957801682657029474e+00
3.812866915956307334e+00
4.160728219296496277e+00
3.330131064353258452e+00
2.820024721196019879e+00
2.552425091776996169e+00
2.093151692537320585e+00
2.642547243703844195e+00
1.830397185204791111e+00
2.671460381601609591e+00
2.239796990517592956e+00
2.287617466753182782e+00
2.326220084692394607e+00
2.031507237678527922e+00
2.311441616393234089e+00
2.012183421297428776e+00
2.715055450387120040e+00
2.249610334774967413e+00
3.048643597366130553e+00
2.683903032200080752e+00
3.163669844555571764e+00
3.010660949181774626e+00
3.215169490623942306e+00
2.971199689451718751e+00
2.920758923543574248e+00
2.986311533971677257e+00
2.713569136701332596e+00
3.033548901077911530e+00
2.972076557273991781e+00
3.186947844709175914e+00
3.153310214532418776e+00
3.431588549567031965e+00
3.172927479441444820e+00
3.459508142301339184e+00
3.422642032018322400e+00
3.341833261566736102e+00
3.317090048821463633e+00
3.458062365617293743e+00
3.488546846080729846e+00
3.417488888933379876e+00
3.589349988435485805e+00
3.515730660766859472e+00
3.617384309713612911e+00
3.585447439785440782e+00
3.811366062904359531e+00
3.478359616450314995e+00
3.516491692125952806e+00
3.726264187289969776e+00
3.753582578693107408e+00
3.356701592349491836e+00
3.542093001292168086e+00
3.678569008357133630e+00
3.813436552703381555e+00
3.112280052585138623e+00
3.724679365158207744e+00
5.825161180367627978e+00
2.613909240074239462e-13
6.756989265634554265e+00
4.689049123047981382e+00
4.117794942376572287e+00
5.038538652834861686e+00
4.939744511618565426e+00
4.836259761461088047e+00
4.846637707221787217e+00
5.205512062359743730e+00
5.480196386707344658e+00
6.055647709050079541e+00
5.892804282077391598e+00
6.032179208099597290e+00
5.897134443794197267e+00
5.864981133719741280e+00
5.874109649376404896e+00
5.646017694002428478e+00
6.078194567792420067e+00
5.843670434964732152e+00
5.871617040303350521e+00
5.831668153810103838e+00
5.815802806931607449e+00
6.321660448377891761e+00
6.147785876317584552e+00
6.512675957816349559e+00
6.957236265716598034e+00
6.942301220007805362e+00
7.562801904270310516e+00
7.521173535839386304e+00
7.723747087847551818e+00
8.140205483749321402e+00
7.556126262769169877e+00
7.591101106086998840e+00
7.340856541544907188e+00
6.334444130229474723e+00
6.049559582882992892e+00
4.918755042182068493e+00
4.321345743600319089e+00
3.956600985986944874e+00
3.094306037220832639e+00
2.975835909436415072e+00
3.241882548353741011e+00
2.577353480115659234e+00
3.099515578784774572e+00
3.045052345870974619e+00
3.365712826999341711e+00
4.154278277789479112e+00
3.975056267364508678e+00
4.415219688074174975e+00
4.602862151003560776e+00
3.698736098965480057e+00
4.059019845460006159e+00
4.307515346528098199e+00
3.894532490611310127e+00
5.166651671219886666e+00
6.377685454210647364e+00
6.512045729138826289e+00
6.374539511967395100e+00
5.380029621791169170e+00
2.914109740497545342e+00
4.060156275197221554e+00
5.951387376333634016e+00
6.205277656968611666e+00
5.388456501093759954e+00
5.624879629418759741e+00
4.034878296458358271e+00
3.658242809298179576e+00
4.449807735830104249e+00
5.364732667869473559e+00
4.487648991692201328e+00
4.718689526146889968e+00
4.332214820815345924e+00
3.239977521553135453e+00
3.443081796543171258e+00
4.938323453164294996e+00
4.340678179529191993e+00
2.677831086740585675e+00
2.686809662612300365e+00
3.584994693742135752e+00
3.078380758797311767e+00
3.364175601498936796e+00
2.127845859440585130e+00
1.314058083805589527e+00
3.098186898477742535e+00
4.020541303975670111e+00
7.077359594100705031e-01
2.369035269463729332e+00
3.825290493377280665e+00
2.890751179586482422e+00
1.729079945006166463e+00
3.776575328747487692e+00
3.226061849116202751e+00
2.044096060804590831e+00
2.532410722485542554e+00
4.561952572598253930e+00
3.851951029453562825e+00
1.119512625783125381e+00
3.856612146327257129e+00
5.701726213827992495e+00
2.579440104872777972e+00
3.581933553758128497e+00
5.727474071309580417e+00
3.974034063644863224e+00
2.631524271687529115e+00
5.530419520526777433e+00
5.719942620489528728e+00
4.045664545111726795e+00
5.268173616487779931e+00
5.753369851891021902e+00
3.637967076886833073e+00
5.878545996897672765e+00
7.167364823604542856e+00
4.185268796106516476e+00
3.381517528765577207e+00
6.215709894508079536e+00
3.898267250638765891e+00
6.206035773830442359e+00
6.431951601938195040e+00
9.766628930062508651e-01
3.282078624006592449e+00
5.685640108745334764e+00
1.902974712423058490e+00
7.336481418971655621e+00
3.512019036930737137e+00
3.259224901439294442e+00
3.615814719643120956e+00
3.260706268401546648e+00
4.164322261425549954e+00
7.284529697588121522e+00
3.916389753319691192e+00
7.851987534560820770e+00
3.897638781285562626e+00
6.269090661234999473e+00
5.051750583086691115e+00
3.939613083403995297e+00
5.481570344018642515e+00
1.895087976147819431e+00
4.774192865619039772e+00
1.750396053457002887e+00
4.214969120140419356e+00
2.776504433935168770e+00
3.761391814798717981e+00
2.300539917195311812e+00
2.362308675158932392e+00
9.571849440143617160e-01
1.538987686679411881e+00
1.762076442645056584e+00
2.075614836714334555e+00
2.089834003496844783e+00
1.852637490580915536e+00
1.847010701166678981e+00
2.478762668153352777e+00
3.317782950868112923e+00
4.031892783042478889e+00
4.404826204493726749e+00
4.264071839472996395e+00
3.765742477559117951e+00
3.075404744811535362e+00
2.755370766743808097e+00
3.145944484067236591e+00
4.287749741140994608e+00
5.476159200858093712e+00
6.442894944804071322e+00
7.434767379826374700e+00
7.578665461719027441e+00
7.820888175823439425e+00
7.344004076391319913e+00
6.592269255639240377e+00
5.898049582561287529e+00
4.532702499468729052e+00
3.485529983582077662e+00
2.118199803566436223e+00
7.419143010667061944e-01
8.591404079686758566e-01
1.924679287400876238e+00
2.560556164461713191e+00
3.333116284835829557e+00
3.430666055436937700e+00
3.606440015497119234e+00
3.475203814554743698e+00
3.281834731874480493e+00
3.372375027579037621e+00
2.976611597133034248e+00
3.134789988025810104e+00
2.785949382664092422e+00
2.536055456657160256e+00
2.216258154190480223e+00
1.725800042040837479e+00
1.353653619888545157e+00
9.223270289743452643e-01
7.494974151321465161e-01
5.670136134977137310e-01
6.180595252428903175e-01
6.009292941844865954e-01
6.135369399792884870e-01
6.736637515449261926e-01
4.621081943086737254e-01
3.983189052841332733e-01
2.310023696153262474e-01
3.829396957520053019e-02
1.385182287740550633e-01
2.357654502566305932e-01
2.783460862405845795e-02
1.525324534237519625e-01
1.760184901019853920e-01
1.771305137166082344e-01
1.372259921912254710e-01
1.767748432790465785e-01
2.712874580662939100e-02
3.979317967024710578e-02
1.611598664243427959e-01
7.074901742550922246e-02
9.062558265641160182e-02
4.273000451476438588e-02
1.177939595113048771e-01
1.468602445701243375e-01
2.374661600444226139e-01
1.836896678443977748e-01
1.599284562186012171e-01
4.797697237553331939e-02
1.286686653143020720e-01
2.047409923527732933e-01
2.675701356427137578e-01
1.998742395582575604e-01
1.905874152586213288e-01
1.549041553712550701e-01
7.138513284158953809e-02
1.642600179976678176e-01
1.231611146034595483e-01
1.470253902103541288e-01
1.341641041846323990e-01
7.374558443284283393e-02
8.620491288681816910e-02
2.382789823289606923e-01
1.380889369846097781e-01
1.759172524128810866e-01
1.848805748649038627e-01
6.071881239590105894e-02
2.349117871500563670e-01
2.234796509031959089e-01
2.450234913689716409e-01
2.702936611759094165e-01
7.594599185771568062e-02
1.201404348634703689e-01
1.654732085212285708e-01
1.430894335295392061e-01
2.315309098168308599e-01
1.269533224078417122e-01
1.704819664648107302e-01
1.893039424683332361e-01
2.117318533557031313e-01
3.269830886241738011e-01
2.733570772634226764e-01
3.071788029547835031e-01
2.382577325219173980e-01
2.370303144108237836e-01
