2.102282903467398989e-01
2.525536630561889262e-01
1.521758728988563958e-01
2.422741809329933271e-01
2.579588091720734777e-01
2.099670140534277696e-01
1.430640100902482170e-01
1.300850360700921693e-01
1.874280153360591006e-01
1.470345176135472998e-01
1.989214998691751501e-01
1.546468764209270041e-01
1.282233471251601753e-01
1.534975733734760817e-01
1.441100553158683462e-01
3.050235485180852191e-01
1.345066650717470502e-01
3.677872367419576793e-02
1.241235592656172032e-01
1.099722280487837739e-01
1.238590083631770505e-01
3.703306332075875784e-02
2.125776487661929781e-01
6.969466198465333606e-02
1.339863130723166762e-01
1.287323253795288613e-01
6.871923048132699829e-02
7.189841378028914709e-02
1.552823833945311816e-01
6.867427811797087445e-02
5.346951260878001627e-02
1.054000908582792967e-01
1.819401335467752956e-01
1.786250931789120922e-01
1.276240998072827870e-01
6.149816713230976672e-02
8.849227906203493976e-02
1.200667936810261294e-01
1.475644751590804993e-01
1.316339832785950459e-01
1.300337304690019069e-01
1.740538551219889818e-01
9.220642877168401530e-02
4.332692945417444819e-02
7.118467144909915167e-02
9.110268912584426615e-02
1.635945272507310366e-01
2.156871476381424235e-01
8.838172017166442962e-02
1.420337135055765032e-01
2.013319894124447340e-01
2.252787224467905636e-01
1.503315549844789489e-01
4.687056682393841989e-02
1.806797078033615667e-01
1.113600652897451110e-01
1.709505928619705906e-01
2.066472723453726679e-01
1.439009909645105056e-01
1.012867414101435576e-01
1.027734217214395507e-01
1.882407385629742136e-01
2.238620584170389616e-01
2.380843264984517926e-01
2.557400333356490973e-01
2.042959769925694613e-01
1.458538732604034993e-01
7.681090682776382794e-02
6.006171120291841498e-02
1.454347715447601164e-01
1.834730579825623598e-01
1.373652084394270390e-01
1.038220873236247038e-01
1.491230973381826863e-01
6.820174285521315993e-02
2.383761948411593223e-02
1.255031409977625245e-01
1.589413787267779654e-01
1.702613887682875304e-01
1.662365310406752617e-01
2.883753408627103276e-01
1.344613224217458824e-01
4.223118002104023910e-02
1.180998044315874490e-01
1.012790478455680709e-01
1.852446913887445257e-01
2.395111336027200000e-01
4.224872232756201607e-01
4.592868161335315613e-01
4.357212924967584500e-01
4.673815070330795129e-01
5.217471873806440730e-01
5.439170057142047598e-01
5.101460909637129948e-01
5.862623057186232556e-01
8.069502936349560729e-01
1.032602558280415694e+00
1.029839353602101104e+00
9.045899432724431311e-01
6.220483814314031745e-01
4.620533944726230025e-01
5.009091766600162199e-01
6.098639134185093180e-01
5.791437193463545574e-01
4.324850581350139223e-01
2.227170705029765663e-01
1.594062251168011368e-01
5.168507639454377189e-01
8.178045950413286302e-01
6.444678843554381142e-01
5.728317624590054669e-01
5.998240745586945755e-01
6.642004546761194339e-01
1.898465440874429255e+00
2.040997699017593092e+00
9.899798129399062230e-01
1.532706832738329306e+00
2.009287035955837464e+00
1.553005919213511277e+00
9.278922443875714521e-01
1.459942460146055998e+00
3.308415514126141765e+00
3.688523402651286975e+00
1.637242936098295187e+00
4.752108975531648127e+00
6.365555919882902813e+00
4.259335158619956374e+00
2.521296104630059265e+00
4.085695044688280930e+00
4.431103843470985737e+00
4.073644698506386774e+00
3.644062013611364836e+00
5.106866065189797688e+00
7.608944477851221855e+00
8.457210456928827114e+00
8.624401561241970882e+00
8.254244207709572123e+00
7.896495264426144800e+00
6.676297007894073765e+00
5.071593908884470814e+00
4.913943931556516098e+00
5.695991103399317801e+00
6.308194056791371018e+00
6.955802332965377310e+00
6.680204048612856660e+00
6.695486894265976652e+00
7.441873476877096216e+00
7.465771343496893309e+00
7.642242684375549544e+00
6.739753690784686668e+00
5.934690168764748641e+00
6.045031701404162128e+00
5.768956081170102834e+00
5.449962711408425697e+00
5.907062240185998014e+00
6.619618786857087045e+00
6.340372784013384333e+00
5.059734258993592526e+00
5.817233930863173974e+00
7.619461028187818563e+00
8.193571757757403873e+00
7.318279869119641567e+00
7.457993479995813857e+00
8.069963147222926736e+00
8.439331950444035613e+00
8.832440878825334352e+00
8.688814758484404877e+00
7.989985954572430771e+00
8.197451075659525799e+00
8.718039892421376891e+00
8.344505475846636600e+00
7.951169584420717307e+00
8.531376690282730380e+00
8.837919802949190995e+00
8.566842591694861397e+00
8.610585348977204845e+00
8.499394961952230432e+00
7.973978211024049578e+00
7.631887146387897225e+00
7.200588591620909362e+00
6.704882986835759340e+00
6.433646320367146565e+00
6.041550517291175204e+00
6.057383155451920409e+00
6.057426577236275200e+00
5.741476387339318421e+00
6.193096551075785605e+00
6.401420335412552731e+00
6.138922266523251459e+00
6.500068587471256265e+00
6.717067090751211111e+00
6.303596757763699543e+00
6.268497456605466311e+00
6.442729244894598750e+00
5.564407696788426172e+00
5.187763378595401598e+00
5.217692644638634469e+00
4.140556868555155035e+00
4.127311077697862984e+00
3.330760450424409047e+00
3.211599542992531475e+00
2.899435138457940653e+00
2.241111204142794300e+00
2.706079006924347663e+00
1.901789558922488910e+00
2.432898635136507171e+00
1.993903062004055204e+00
2.359806787657297900e+00
2.102798765899888789e+00
2.270161451216961890e+00
2.324019621164476135e+00
2.103328123926244686e+00
2.239058045014335807e+00
2.061923453434047371e+00
2.171613871197614287e+00
1.914784833904150663e+00
1.874318617011363264e+00
1.727931224482502692e+00
1.670697451867810823e+00
1.633895298696538267e+00
1.417782032216972077e+00
1.597772778567603247e+00
1.299661476370845170e+00
1.382920550395766890e+00
1.143369163662981913e+00
1.151066717688339125e+00
1.024491176003915704e+00
1.148393710902788856e+00
9.689825614561351497e-01
1.053874260571216803e+00
7.718558087512439325e-01
9.194288089300621802e-01
6.679806398922506494e-01
9.667889849727305807e-01
6.009342643118844585e-01
9.055972869829739258e-01
5.450012538392543515e-01
8.878190723356178538e-01
5.670885774751616148e-01
8.143367021824853280e-01
5.040210139086452878e-01
7.903056600901990913e-01
6.106838805593161057e-01
6.049989175794109331e-01
7.005487812092751065e-01
7.895354760115760318e-01
3.949602217378003766e-01
7.227666646023838126e-01
6.644317930316332443e-01
4.802227889127043681e-01
2.997760942019614960e-01
9.952737114909276928e-01
1.011437290802879252e+00
9.585644841727084531e-01
1.477964043364111024e+00
5.101855877657247795e+00
1.798638397061483720e-13
3.495373796903348040e+00
1.146890223089799488e+00
7.162809153027263065e-01
4.802520206557225890e-01
5.754357375217511450e-01
6.003471372419536545e-01
7.618315398754179624e-01
4.980938482295386716e-01
6.505834272021172593e-01
4.485063318226001350e-01
5.599760965730256057e-01
3.936213626424472922e-01
4.987908741109063349e-01
4.859457197857210975e-01
4.156927633765519214e-01
4.821622137199579328e-01
2.949095574541252263e-01
4.491380549258445209e-01
3.931198429261459903e-01
3.989464530647689466e-01
5.408941736649569565e-01
2.673322992181248470e-01
4.357188172679782867e-01
3.926230534685957174e-01
3.893553367840413282e-01
3.528745340561459387e-01
4.345563024460359358e-01
4.154120437791664067e-01
4.171682682671284392e-01
3.752064833973168811e-01
4.426202803815981190e-01
4.321567791549955628e-01
4.385234782792293284e-01
5.717870458429924474e-01
6.706522041203317741e-01
5.813239623405823675e-01
6.299608788668328296e-01
7.330587220515688562e-01
7.641976950188624773e-01
5.785176566770794393e-01
8.145051380411491015e-01
1.006381253281493748e+00
7.119235606622799084e-01
9.469768402667176899e-01
9.687393052066562982e-01
8.460558136565958787e-01
1.008001535389440040e+00
9.981889977449273088e-01
7.825354122140517621e-01
8.703549836480815038e-01
1.194425442367010870e+00
7.211598624111779099e-01
8.639834413439991812e-01
1.050434447900879587e+00
1.048048098358830948e+00
9.521982319328123889e-01
1.307004162340595910e+00
1.614077070872396158e+00
1.232804490870734071e+00
1.680034876426500068e+00
2.130387775136056483e+00
1.769367101544688792e+00
1.723910280019887775e+00
2.202570609485867248e+00
2.061770479096694864e+00
1.415495185011551360e+00
1.683001594161308345e+00
1.674192772267451002e+00
1.289215590845584680e+00
1.282803359617139760e+00
1.275625632011135213e+00
1.332983159052258948e+00
1.547692046966280488e+00
1.805667729435028512e+00
2.077114562715860924e+00
2.106000952937959081e+00
2.387788444526067089e+00
2.922502828046936951e+00
2.688543693355420761e+00
2.454804073485881144e+00
2.826383125335818924e+00
2.611743588616893597e+00
2.222100221530812103e+00
2.807016827230070177e+00
2.648905614585775670e+00
2.668150308837252460e+00
3.485371305708772738e+00
3.803703830111043960e+00
3.327405197720267882e+00
3.077430992287571332e+00
3.320693983010114092e+00
3.193074471256250213e+00
2.271159414178955949e+00
3.030980914379711066e+00
4.023878684411472229e+00
3.471602906857237159e+00
3.409029206959036884e+00
3.396285399092776380e+00
2.205388084428139273e+00
1.397879797407883151e+00
2.622489903170366787e+00
2.702704992979289234e+00
2.881090424631931768e+00
2.992587661983859171e+00
2.926826067640396989e+00
3.249934417322736024e+00
2.084961905240181324e+00
2.314589190660899742e+00
4.983965475948020973e+00
4.531915161938989023e+00
3.668970635282126747e+00
2.437711646157182610e+00
1.760027714141379152e+00
3.489902492483599517e+00
3.627642774232410439e+00
3.671848255356210178e+00
3.464188452174612909e+00
9.638780840846226106e-01
3.938472123323873308e+00
6.870618833191540986e+00
5.548342601210521252e+00
2.453830691491376115e+00
2.692866860795373185e+00
6.150544599448978467e+00
5.820393196480695863e+00
3.841916959167090084e+00
2.572828305121062531e+00
3.842011412225489586e+00
6.418720090896194996e+00
6.105073629525788803e+00
3.207263411721112956e+00
6.339529865447508072e+00
7.624302518377786164e+00
4.681661519554573658e+00
3.595829816256571831e+00
4.183397156450043397e+00
3.440497835254535008e+00
2.539338267870418164e+00
2.438586627341477797e+00
3.619112434177205628e+00
4.208804680002034004e+00
3.830855907701308460e+00
3.701577112500176181e+00
3.877125056685209348e+00
3.106960263859152693e+00
2.228551218386952026e+00
1.299712397086383753e+00
3.369243536510860837e-01
6.755869021423001053e-01
1.098302427467647613e+00
1.306022019552018021e+00
1.437680715211187898e+00
1.600719966778843428e+00
1.552037566102312027e+00
1.723664938807213831e+00
1.776959298104977325e+00
1.743194305378734210e+00
1.632039521121315895e+00
1.623595715868215716e+00
1.483008887376487062e+00
1.629487829296937695e+00
1.633085195462916195e+00
1.553006510362028969e+00
1.323367543395290280e+00
1.195419232906251850e+00
1.006955514680131225e+00
9.339539668551651852e-01
7.702121930530946292e-01
6.587957373629053093e-01
5.601900120613013678e-01
5.708335395294618086e-01
5.680871266102683892e-01
3.873420305317233359e-01
4.474220175828562129e-01
3.109015826650370906e-01
1.924080177303666428e-01
1.507459732987494749e-01
2.358211296371830190e-01
3.852935031550857592e-01
3.054643252495462535e-01
2.845647032280953503e-01
2.131108500061006106e-01
2.536003990643638795e-01
1.238178548469322654e-01
1.990789825463501472e-01
2.748356759928989312e-01
2.800344388472168489e-01
2.437813162003699408e-01
1.910861296851779079e-01
1.446619771004611921e-01
7.939210716824804392e-02
1.649986816070496132e-01
2.063761793960108559e-01
3.272843521370664144e-01
3.443336016098753061e-01
2.463083094835552822e-01
1.778639036387177630e-01
1.280666072067375982e-01
1.994488456592871106e-01
1.484399828422029999e-01
2.427649004324332338e-01
1.977771316275413471e-01
1.526187440422806796e-01
1.426183881841806833e-01
2.026663962900326632e-01
2.421379524811265727e-01
1.934229137400254872e-01
1.913128375416301430e-01
1.683819083983529863e-01
2.113043110922649126e-01
3.276928008540071491e-01
2.477190348270533748e-01
2.134378436103564480e-01
9.188634714732064890e-02
7.158858549395227810e-02
1.519050424878186367e-01
1.703335458674574698e-01
2.510940089703719291e-01
3.861975639530058901e-02
2.852511247731907840e-02
8.523797630835829031e-02
1.136928196830097187e-01
1.060230995795845566e-01
6.978531262639472987e-02
1.072415808588137176e-01
1.262058470650360420e-01
5.486722175081588243e-02
1.290036600300449761e-02
6.148070233312742661e-02
9.841999759358822930e-02
1.163597974300471377e-01
1.287707687506299548e-01
7.855250609205836898e-02
1.015002391400514174e-02
8.358162075228368904e-02
5.038245598307226208e-02
2.456635812683041764e-02
1.229316474241107654e-01
1.073521008785249947e-01
8.162224411438889771e-02
5.109145718356728622e-02
1.004002723070808178e-01
1.414671060270916991e-01
1.592204921544931873e-01
8.334628525612693128e-02
6.478711896042316232e-02
1.329050814448185514e-01
1.826646702604278472e-01
1.450803056710672223e-01
8.349462808955328275e-02
1.271247508510127688e-01
2.097853533032596474e-01
2.306089684687116503e-01
2.314703836930472325e-01
2.208151559182216783e-01
