3.830345430719024891e-01
2.699651694770631161e-01
3.779514754188215142e-01
3.157162535424921090e-01
2.913416694995272227e-01
3.487297154458391946e-01
3.224580286717269040e-01
3.146968011094213868e-01
4.049230804776632331e-01
3.457526859058980828e-01
2.586768685588666239e-01
3.973878708297254869e-01
3.043740318592951799e-01
3.477831912387166491e-01
4.040708629731951662e-01
2.728714869348817240e-01
3.808663585518020089e-01
3.103907739936402344e-01
2.631017367130272788e-01
3.172675604703975583e-01
4.283094673621105630e-01
3.378467606496189934e-01
2.971878297599434005e-01
4.439655167539516833e-01
3.241150133345652717e-01
3.339974450165718589e-01
3.283254250644984662e-01
3.365188405398005789e-01
3.493331058760152374e-01
4.428795089207874791e-01
3.628434386715864712e-01
2.843061588877143775e-01
4.233160363391914593e-01
2.923593696949697840e-01
2.801921585901473444e-01
3.879602417020411864e-01
3.573940153939136333e-01
3.471550411700987104e-01
3.616053501997589792e-01
3.919137569886372852e-01
2.738910213200884125e-01
4.249121494790262243e-01
3.834515115181540978e-01
3.064396023152314297e-01
4.378436949196767292e-01
4.644838801096182745e-01
2.234426487914322468e-01
4.264548782345431999e-01
4.715285181913019263e-01
2.886231220858678226e-01
4.299652740112323013e-01
4.520167084431785942e-01
3.480118443698941300e-01
3.699558103777433882e-01
4.400555934935879709e-01
3.554194951564569327e-01
3.322255887020918452e-01
4.869502217913795339e-01
3.848773380352237261e-01
3.526014919843346584e-01
3.868559728721173152e-01
3.825880457796180245e-01
2.867424004682667671e-01
4.187704961232814882e-01
4.771058095700732027e-01
3.475564637807835311e-01
3.731391947418112864e-01
4.858523961281243642e-01
4.571564103592151707e-01
3.587005322215611192e-01
3.525495438422301397e-01
4.348395078678826131e-01
4.383407405198413431e-01
3.855004522086858954e-01
3.916906059416276342e-01
4.880721369609151150e-01
4.077868337685227607e-01
3.707372339717744381e-01
3.962537931700990668e-01
4.311963881401293386e-01
3.866309535930039787e-01
4.588161079897363770e-01
4.442297701237398200e-01
3.565761389352714028e-01
4.252446606536572915e-01
5.459789393809481028e-01
4.539538732177027525e-01
3.255716601829753420e-01
5.164123116922706425e-01
5.617110642591276459e-01
4.423940999434280985e-01
3.156241186428196954e-01
4.513930279977383941e-01
5.214668249333209715e-01
4.099856040217308983e-01
4.429825572269464051e-01
5.507300722311931906e-01
4.640856871994749611e-01
2.615012869521975425e-01
4.822658177766692700e-01
5.792276663163645756e-01
4.398594695305780289e-01
3.248160453421077287e-01
5.961838382918300816e-01
6.501275200530763909e-01
4.102502645268313874e-01
4.122159909406079015e-01
5.481321505519645143e-01
5.538865970800173066e-01
4.934053769301393610e-01
4.008404807170382611e-01
8.401684963590567712e-01
4.900784875368080495e-01
5.894774714284058970e-01
7.812912046901767660e-01
1.813552989048682895e-01
1.119843434143265259e+00
6.207563685133266063e-01
1.003086306081038881e+00
1.364068362802883128e+00
2.916032694227739808e-01
1.266068100614190950e+00
6.568360709508777040e-01
7.517151297683922762e-01
1.077869163195033009e+00
3.907560185844525247e-01
4.277592201247712445e-01
1.403100767039891617e+00
1.107488284548206359e+00
8.803546399824361268e-01
1.536678854373297209e+00
4.926911494878224440e-01
1.526674052412994476e+00
1.221189529818394348e+00
3.711300441826194119e-01
1.134026607369036599e+00
1.037940860373683494e+00
3.976770494903306696e-01
4.787590912292411516e-01
5.255015041456617686e-01
1.019061302393285073e+00
4.194351993814040003e-01
1.191038056182371019e+00
4.774560256303232442e-01
5.684687311928626752e-01
9.580972040103642451e-01
1.241920952846988113e+00
6.246429989716287823e-01
7.409859657477803063e-01
1.726872092921474255e+00
1.148467056160646926e+00
7.511056643144717881e-01
1.900233846216647260e+00
1.458928297296512522e+00
1.473693142698047520e+00
2.561431444331141005e+00
1.831314649576957887e+00
4.817051467336873616e-01
1.563564656963834176e+00
1.940994201390848106e+00
5.475242507897791766e-01
1.802366600539122121e+00
2.180236711365365121e+00
1.333113365599116307e+00
1.032599826523522779e+00
2.167793222267854425e+00
1.730978040197538093e+00
3.538672813697931741e-01
1.138656152365411511e+00
1.683021374345967880e+00
8.097699079917933807e-01
7.839169977705324754e-01
1.749671788733107469e+00
1.889203275267469673e+00
8.464958838350717940e-01
8.704797615592608784e-01
1.297917433794506969e+00
1.072798336871973124e+00
7.435781011993712886e-01
1.288306677878551465e+00
1.526255171347828510e+00
1.215126569755187846e+00
1.031210004684429693e+00
1.060974785718614699e+00
8.824454019800875848e-01
9.074731836585466782e-01
1.053036995854480073e+00
9.015548294021519249e-01
6.733871712288983513e-01
9.946893660228016687e-01
1.398385900421080574e+00
1.337034916259550954e+00
7.247762579398011606e-01
8.034104897095751818e-01
1.513076920438194861e+00
1.705849935548560792e+00
1.081227442859705068e+00
8.725681082414297185e-01
2.115115755180788426e+00
2.583703830040488203e+00
2.084948052573637689e+00
8.292672680016150988e-01
1.407211838633410927e+00
2.711848413863520157e+00
3.175365109004295139e+00
2.496731759530802286e+00
1.369574847254058536e+00
2.577427783208221967e+00
4.137224585885643791e+00
4.726816071154863685e+00
4.030085320318867126e+00
2.850540955859550696e+00
2.455165182395832257e+00
3.472942359125907874e+00
4.692562898158867846e+00
5.316495754142430030e+00
5.482764697593154324e+00
5.127028640176330754e+00
4.937042339198591812e+00
5.178997024489515155e+00
5.902397412272684996e+00
6.781101986694467065e+00
7.383576992022053531e+00
7.759887920708898434e+00
7.901751150259874734e+00
7.905933530503666873e+00
7.983239856487095665e+00
8.254578396732821233e+00
8.780919584931039523e+00
9.571625799820100866e+00
1.037297224594863643e+01
1.122145412461174807e+01
1.212282920614444848e+01
1.278959308191810607e+01
1.319458946234659003e+01
1.339873482240666291e+01
1.354095136621161366e+01
1.369279150076932972e+01
1.395088444245304693e+01
1.437857810036365258e+01
1.481582000597954796e+01
1.508769840799002360e+01
1.549960577115867011e+01
1.602095120924907690e+01
1.636095212059968773e+01
1.614160313562327076e+01
1.578945352078975262e+01
1.522373580766092971e+01
1.459763969612433598e+01
1.367847810020430188e+01
1.244451077707693187e+01
1.044101291423568512e+01
8.846586956018246184e+00
7.344853808803356365e+00
5.219721433229217666e+00
3.891303012598703592e+00
5.500760165055884011e-14
5.196291041114422526e+00
8.248160099125074751e+00
7.645005180828079894e+00
1.178022084430347327e+01
1.249151285879009166e+01
1.513597354457952449e+01
1.403195413949696224e+01
1.410595607627064751e+01
1.366525596414646415e+01
1.322319757270734897e+01
1.180411746328968725e+01
1.144702841454326148e+01
9.553197463586981186e+00
8.552297502715505928e+00
8.413555989472850882e+00
8.413162674456446055e+00
8.798164854516196343e+00
9.993568073981656141e+00
1.101695630251141367e+01
1.160570025331536392e+01
1.275374151859890581e+01
1.299652788093020739e+01
1.333181451281276608e+01
1.385587626010091178e+01
1.391131335281592740e+01
1.413823166361631145e+01
1.432773053974172051e+01
1.440247183233925554e+01
1.433739340985611399e+01
1.472243920916862159e+01
1.458695219077025307e+01
1.522296340902755674e+01
1.599415562855360129e+01
1.716591676341807471e+01
1.885982781388593921e+01
2.012182796667210027e+01
2.192928349916860142e+01
2.275077342311210060e+01
2.428813309392497288e+01
2.509329050287770357e+01
2.704356338760777234e+01
2.884325503704804206e+01
3.068182820267091770e+01
3.183618634756879828e+01
3.137999805915279339e+01
2.967517459207758179e+01
2.691713230224121389e+01
2.485032097515139071e+01
2.333631681769433186e+01
2.156782298996621350e+01
1.968958645232256544e+01
1.682901427382128290e+01
1.552849862720183083e+01
1.495412399565561046e+01
1.466019898750903216e+01
1.314498116714904619e+01
9.925147170886228665e+00
7.514596586751838281e+00
6.997294591760178761e+00
6.344898970586587694e+00
5.631478483787693889e+00
4.868069366177199875e+00
4.471938120895995183e+00
4.935968458042884421e+00
3.135889860670182383e+00
1.019862745526137981e+00
1.705453716952078258e+00
3.404806309968229083e+00
2.899176819618788592e+00
2.804479246957656713e+00
2.193082960409101556e+00
1.101735281563048119e+00
5.889503256607127035e-01
3.389870671082017228e+00
5.713120849505895826e+00
6.249786311446691833e+00
5.522933958830101631e+00
4.638415932274130071e+00
3.629183096503581840e+00
2.020859132618086917e+00
3.241765628686623657e+00
6.757145542686427753e+00
8.569675914201134503e+00
8.017403995008884010e+00
8.129541675228608710e+00
7.932050018616514819e+00
5.508511139078774654e+00
2.800489374465112924e+00
4.744520650674735052e+00
7.962363464207393271e+00
9.293622445889665684e+00
9.543290152598734366e+00
9.202595264313057299e+00
7.736773063193169264e+00
5.853640866652740193e+00
6.260132527456720553e+00
6.955648825742249741e+00
5.983309552431196110e+00
6.239067799533048131e+00
7.886647786464225263e+00
8.231347612386189283e+00
7.491579405352145393e+00
6.656351969012426650e+00
4.594898656292054184e+00
3.239942429932225920e+00
4.832900129003673939e+00
4.523199120285275932e+00
3.374561613408273875e+00
2.772297511310544138e+00
1.938566784757666639e+00
1.520096908636151767e+00
1.653083089719314280e+00
3.009439683733967197e+00
2.753111857097982007e+00
6.384380578901984737e-01
1.267056894826862568e+00
1.220661704307222095e+00
9.899621905538835698e-01
1.145869203920767410e+00
2.718093925259913668e+00
2.596672867437986643e+00
3.003097592757169032e+00
4.138077066990760500e+00
3.682971673917890598e+00
3.773185463669404438e+00
3.644919111269790513e+00
2.850300089208681609e+00
3.934861227952021423e+00
3.053374186742285890e+00
1.783549940833280223e+00
1.718413618690485922e+00
1.826198633255431636e+00
1.345441390198692355e+00
2.409860008868337733e+00
2.171580947472789180e+00
2.101672806587485898e+00
2.701346257685275365e+00
2.274696830999044295e+00
2.656764975164008558e+00
1.850181611583970209e+00
8.312881398070220973e-01
1.214226846908524893e+00
7.159750626067862278e-01
1.492741178940389268e+00
1.098156613200887088e+00
2.224970751926673984e-01
6.458226608685881942e-01
4.351352369302674550e-01
3.695544913626095385e-01
2.060481325079151771e-01
7.441790858897425753e-01
8.203208438121014634e-01
3.674222527879065225e-01
3.939252661389792132e-01
7.648805799707062425e-01
6.747787680777518338e-01
2.329136730254343923e-01
3.214682364124360481e-01
6.690629106352319333e-01
5.112886791321159530e-01
1.880571473043780306e-01
3.967929252137212814e-01
5.008662519469302410e-01
1.910669062916997563e-01
4.214670785553111809e-01
6.113957867252495237e-01
5.190153155895934622e-01
1.526826923071547548e-01
4.712530149216851982e-01
6.342050746915720572e-01
4.608615443846471038e-01
1.915696005070587626e-01
4.080516559524599018e-01
4.943384953800076254e-01
3.563456076387784277e-01
3.657810615429193946e-01
3.958793693491109433e-01
2.199123552067845655e-01
3.685720866480362568e-01
4.908577517484367103e-01
3.874898845663148350e-01
2.238647176815228568e-01
3.420244580356118225e-01
5.004112042801157623e-01
3.924792533342492673e-01
2.517334962564738432e-01
4.050655390222335228e-01
4.783147248236687687e-01
3.372619218041692513e-01
2.646115754570989576e-01
4.349746754720698050e-01
4.384597091786768819e-01
2.535072927031755685e-01
2.773888415406177144e-01
3.727029853193903897e-01
2.947967267331120245e-01
3.579173194199750108e-01
4.723794291294688419e-01
3.564201598748653055e-01
2.100121169900827367e-01
4.959881374216549843e-01
3.689486857526702024e-01
1.983428125097691508e-01
4.968427511406684483e-01
4.686869665842709476e-01
2.044670472010511608e-01
3.643289294404755685e-01
4.978391440555250402e-01
1.947273670857807559e-01
3.515891017289123899e-01
5.188836682779314202e-01
2.483042936223622266e-01
3.812268277828695928e-01
4.311904535321348653e-01
2.163028432803056622e-01
3.198684087473137039e-01
4.694077760637778152e-01
2.715407051768882196e-01
2.724399340336027264e-01
4.813534566071188125e-01
3.386483787761663811e-01
2.525355736861362721e-01
3.962151729909005327e-01
3.300794583510889280e-01
3.129526621626645966e-01
4.118046930583373344e-01
3.678676481689829858e-01
3.569154350273791576e-01
3.347102939887943718e-01
2.784452915223932790e-01
2.857335910442108107e-01
3.737211988096514337e-01
3.228124010034384983e-01
2.739651861667653510e-01
3.911051066021694056e-01
3.603643954052400677e-01
2.720392635104613155e-01
2.428912192548345894e-01
3.960824976985402035e-01
2.974326048227909358e-01
3.578803204447656983e-01
4.267831366611026800e-01
2.616908205990569614e-01
4.064539114222529004e-01
3.157990871523641552e-01
2.548672672368905157e-01
4.245173146964833499e-01
4.091367403328854957e-01
3.562014317117898621e-01
3.609460997671342652e-01
3.449076776937146094e-01
3.027923231148301197e-01
3.842799488613786729e-01
2.886678836791360392e-01
3.881079156195246238e-01
