2.769580463445455165e-01
3.076822180143905516e-01
2.701769256752433734e-01
1.421343898515846638e-01
3.704236743997831316e-01
8.068562947312420131e-02
3.817029983149143324e-01
1.800446525487957861e-01
3.442190515360925573e-01
1.702536370517276076e-01
2.077729814656805452e-01
2.192644495664433091e-01
1.691109209953921833e-01
3.055203098486772295e-01
1.414651852852919500e-01
3.158760050823016807e-01
7.203170821334423102e-02
3.162361690105123802e-01
7.569113338330035745e-02
3.358275829401113355e-01
7.249814372449633892e-02
2.610601246147903343e-01
3.114515833534359235e-01
1.860060791430483695e-01
3.561988941475543458e-01
1.116354397580508195e-01
3.437195683978647165e-01
1.409497600867667955e-01
3.714738514584697282e-01
1.824500184569104455e-01
3.073745401903973384e-01
1.925006498931746135e-01
3.022012899937749353e-01
2.030297260585495478e-01
2.831010777083953767e-01
2.803568662740408834e-01
3.184447364462427710e-01
1.958381093047839028e-01
3.470855309999712479e-01
2.182701493803037573e-01
3.409978868600011537e-01
1.406926484722276771e-01
2.932961883362567024e-01
2.116158663358173597e-01
3.470505737025498805e-01
2.323781306136069313e-01
3.836768442844510907e-01
1.821637541189888854e-01
3.462822097166434188e-01
2.449659710799651779e-01
3.376975306954738687e-01
2.547480648963950656e-01
2.463034863298535770e-01
3.599508867003337054e-01
3.257055429212642461e-01
2.829440247559306121e-01
2.328303837616315375e-01
3.044695685935653318e-01
2.281843624021185624e-01
3.144637455357925382e-01
2.289752012191140773e-01
3.843838369753333484e-01
1.730433124929292021e-01
3.555183003491281246e-01
2.281919177245226860e-01
3.548220559080452197e-01
1.629967533547372338e-01
2.898736594460633587e-01
2.603291295975321828e-01
2.927229019163983259e-01
3.169881574521205003e-01
2.874179291570150840e-01
2.816837521965609992e-01
2.172640233497512841e-01
3.198112040544937584e-01
2.841615451363347367e-01
3.533877232459793905e-01
2.423985588276051095e-01
3.877739442984673990e-01
2.619442006698206038e-01
2.455259708997241108e-01
3.483306708585500178e-01
2.866631237891384409e-01
3.330093779118770692e-01
2.503835045383969171e-01
4.235900496720158004e-01
2.976723349266341412e-01
3.236933308837284806e-01
2.264671532763998241e-01
3.405224812445908911e-01
3.077709994440702701e-01
3.562942083063232457e-01
3.674310264633905421e-01
3.013543861607154151e-01
3.846011556656666608e-01
2.812199838203531810e-01
5.305159709340701024e-01
3.003573943473267782e-01
3.924871561078966953e-01
3.569544959841791099e-01
4.588811975291857692e-01
4.904855056209777575e-01
4.622008341230728345e-01
7.767913754974936635e-01
4.670893994725138776e-01
1.154245157095710184e+00
3.448609536803660114e-01
1.368882484471257710e+00
1.216815803671269069e+00
1.391350580331815356e+00
2.160240546183489929e+00
1.272896597742495750e+00
1.870966530261748639e+00
7.980147107178755528e-01
9.144722830999107988e-01
9.425181770763014777e-01
5.187991003768563925e-01
9.516970938806645908e-01
6.626996471974665459e-01
9.505427126276904115e-01
3.764691023709407780e-01
2.773876029684236855e-01
1.996224259692444880e+00
1.570213960035171663e+00
2.486484782816378303e+00
2.709205354351927220e+00
2.017994940212533450e+00
2.896381418911473826e+00
1.468454493351833312e+00
2.594905371283039663e+00
1.113469867920703127e+00
2.236724301749901223e+00
4.399347285463349744e-01
1.657912897792280793e+00
3.509429905598868138e-01
1.854454176470637261e+00
7.845959426827093797e-01
1.524797560327275647e+00
3.592527222838471368e-01
1.224781656888672021e+00
4.492306700202020053e-01
5.237251956514448192e-01
8.985293788460158027e-01
8.832901468978656689e-01
4.886230080386547714e-01
1.170903135213062329e+00
3.418650401546161066e-01
8.916809758450909840e-01
3.168449294189096266e-01
1.348639259180874461e+00
3.080335135659222345e-01
8.578247556370534044e-01
8.984135339728664960e-01
8.645412314792741970e-01
7.072878016683203928e-01
5.194136034491605436e-01
5.843853733581662047e-01
8.002253431344154011e-01
5.866195213061103919e-01
9.837786491850449844e-01
7.528115258956254996e-01
8.281129636035500230e-01
1.244988575186767754e+00
8.214007798854700004e-01
1.355270789198465664e+00
3.926416716682002428e-01
2.036823191638272856e+00
3.155177145542737427e-01
2.346868716960259338e+00
9.005943541638855576e-01
2.683939913639343811e+00
1.696590695130847593e+00
2.161222572371479078e+00
2.624625921392960581e+00
1.541899418560246815e+00
3.345578875459052082e+00
5.535067992231658129e-01
3.433061905994956753e+00
1.260978006631799708e+00
3.220018633016890952e+00
2.232174235117123207e+00
2.169818033808438074e+00
2.976661308398435679e+00
1.635554104420869015e+00
3.401365300847841056e+00
1.878982947837400275e+00
3.306390069462687986e+00
2.858837274920775773e+00
2.968984504222183407e+00
3.856899714488361663e+00
2.971985511626824117e+00
4.033769063382303344e+00
3.711872437435840055e+00
3.240802416661832996e+00
3.894840908589123352e+00
3.215913331578046375e+00
4.008234642155076521e+00
4.199373648275834370e+00
4.524575424165708348e+00
5.163281401214606881e+00
4.472101584295734789e+00
4.505309027048194359e+00
4.361457155531907048e+00
4.114298454205775890e+00
4.192753662555432470e+00
3.291773008609175655e+00
2.743392902080898477e+00
3.940495678750039588e+00
5.815437520918726122e+00
7.302440108620934289e+00
8.206153647333733758e+00
8.882769527012223776e+00
1.028054214876609684e+01
1.258931886404688605e+01
1.407124336827187605e+01
1.442505053083404398e+01
1.446769255887448224e+01
1.425438234174936269e+01
1.334507820727878880e+01
1.367016594860697509e+01
1.578658759647031928e+01
1.684457443505852581e+01
1.617476940000857510e+01
1.573085373576296320e+01
1.611947377206960041e+01
1.624386292151674382e+01
1.506693455565171114e+01
1.388006548881166502e+01
1.604245217748525221e+01
1.967022239552564500e+01
2.166611348759341737e+01
2.128219850434895122e+01
1.994107783145701873e+01
1.918032489381268135e+01
1.866966633504295103e+01
1.801316677793664311e+01
1.840371779362918403e+01
1.875200152215431615e+01
1.858235383349049741e+01
1.753997626037761037e+01
1.488384879148743245e+01
1.129436843596388051e+01
8.906249710266409991e+00
7.526605830055713930e+00
7.551577197789578477e+00
9.359728667367791743e+00
1.126263919751310105e+01
1.225454043247121305e+01
1.285126356700690486e+01
1.377313349926085984e+01
1.497546341090933097e+01
1.641172343896041141e+01
1.807973988204796356e+01
1.931623744783142627e+01
1.645714061975981934e+01
1.745974863863253290e+01
1.152696106134000440e-13
1.522729426530783492e+01
1.371881142738719106e+01
1.191805636276247249e+01
1.151070412695386302e+01
9.622167390476008109e+00
8.036034503600616219e+00
8.652187430736109519e+00
7.437574436473943784e+00
6.759364089944353893e+00
5.547904906647498358e+00
5.790733370326261564e+00
5.203582554792529180e+00
3.977950721446392279e+00
3.968059428260776844e+00
3.997066726991060026e+00
3.152940113224610652e+00
2.364337137731640226e+00
2.098297286962240271e+00
2.270126190392180110e+00
3.476214422862699216e+00
4.492815695823119349e+00
6.194298597864220213e+00
6.483257776799164596e+00
2.756333818931234969e+00
2.952810389876726394e+00
7.466775345219916815e+00
8.493816376232279808e+00
4.704774576671074016e+00
2.820520083794610500e+00
6.433466211321579031e+00
7.031269988974752749e+00
2.801881055132154685e+00
3.623212842023511904e+00
7.123591027145989685e+00
6.661550869998536406e+00
1.411113113525366280e+00
5.490926233123754940e+00
7.446944233529926294e+00
3.945407615029858484e+00
3.724104390594995984e+00
9.058237120209046367e+00
6.267739300299579597e+00
3.062731649863771999e+00
7.504243039448143193e+00
6.586542673924498104e+00
2.502636018211364277e+00
6.817523268497127198e+00
5.016389649431592268e+00
3.154104284193724350e+00
4.755842847503375381e+00
4.419859243872846122e+00
3.754937563701504555e+00
5.742472101613197211e+00
4.882175981979997914e+00
4.651650907362706810e+00
6.989311568733372226e+00
4.142697937325698909e+00
6.256100467433769907e+00
6.059045652410476102e+00
4.342179105450108878e+00
6.757972728425730047e+00
4.377962493504361952e+00
6.029496540743898514e+00
5.963750901510608493e+00
4.748852073098973392e+00
7.541021923010036154e+00
5.586476690214759344e+00
7.189064071223118191e+00
8.081861388260472623e+00
6.950289267001684479e+00
9.579933263239093222e+00
8.839348773415762750e+00
9.703774206069926578e+00
1.089856372752603342e+01
1.154236046121640769e+01
1.147128193294613219e+01
1.278504755070501808e+01
1.307854212493341706e+01
1.145932823068772244e+01
1.400069534196931365e+01
1.209606070447180137e+01
1.216711260044955445e+01
1.283020205824574056e+01
1.292563968719592182e+01
1.182219059161462660e+01
1.153422013622239106e+01
1.203625754615292642e+01
8.771738779843586187e+00
8.787014817414911860e+00
7.530485511916895192e+00
6.434074690750016146e+00
4.975947795939776874e+00
5.785218979326948840e+00
5.563108579649958862e+00
4.587395557431378279e+00
5.525708069688759494e+00
5.132515887748090755e+00
4.459705998128185911e+00
3.918493550229042111e+00
3.622263587414527031e+00
2.569255915339731189e+00
2.294122955684065435e+00
2.733077147979199317e+00
3.268175542277352630e+00
2.175817608758675359e+00
2.654806628885868491e+00
2.820610542328990444e+00
3.042934852788155453e+00
9.448716899440799954e-01
1.652798709710635805e+00
2.207746894302795138e+00
2.659530568825698715e+00
1.571656885650722701e+00
1.325815458373937217e+00
2.245283631941629388e+00
2.664293434272383188e+00
2.701507461222963702e+00
3.213468510185306215e+00
4.176466551149854212e+00
5.127604368666901280e+00
4.719535710010272389e+00
4.365315692476744225e+00
3.300937831924903421e+00
4.305841562482214613e+00
4.644322691907611933e+00
6.025480357671717080e+00
5.908171173141242960e+00
7.037143781608716786e+00
7.025289214577723484e+00
8.046140857686410186e+00
7.412436747051317276e+00
7.183595910442241994e+00
6.419845767252153834e+00
4.518186835882609387e+00
3.049421411863399101e+00
2.781293346755594476e-01
8.810274256060959264e-01
2.074881831962371859e+00
1.327987353649775493e+00
1.827107702124476374e+00
1.629854252536281134e+00
2.200951371135210444e+00
2.808025047012256525e+00
3.651133483367200228e+00
4.991636579166200072e+00
4.547366208556868905e+00
4.284768722692160026e+00
3.118053325630619543e+00
2.217690024522099179e+00
2.315524495317494935e+00
1.760805683549779621e+00
2.079913156725424983e+00
1.368119249743460886e+00
1.279174092100958893e+00
5.440235482117079524e-01
3.723065817607207340e-01
2.757865122273767677e-01
3.686852656206814904e-01
5.457745309183789084e-01
3.237147422807265529e-01
5.507612591063759666e-01
2.375825129864843066e-01
3.380411347999845439e-01
1.729870467171808757e-01
2.851940645340640401e-01
1.329043688847644511e-01
2.144597615518271383e-01
2.363153994743174280e-01
2.628770940940534651e-01
1.924641690406094507e-01
2.781661275489306639e-01
1.303231939782598658e-01
1.643347693288689793e-01
1.827653549329062710e-01
3.143644345923191086e-01
1.957722395766904322e-01
2.504068688165240752e-01
1.534607683081615492e-01
3.206120881890822671e-01
9.651752613527031510e-02
2.550764143795389294e-01
2.154108923001429310e-01
1.900724226650430115e-01
2.322346500988097806e-01
2.505664269553785628e-01
2.916845459810042951e-01
1.738411172944122340e-01
2.262179793972002584e-01
1.768544256080140098e-01
3.218575646905989518e-01
1.967362233166614072e-01
3.268089593612272248e-01
1.897261144956187695e-01
3.943041833118122730e-01
1.913708405538399049e-01
4.099382024081687503e-01
2.447453466715055481e-01
2.815318924358373165e-01
3.069768514231259737e-01
3.173780937826488624e-01
2.674123533575329947e-01
2.303584399204507693e-01
3.075886680200832779e-01
2.376717709715332472e-01
3.054112109962413557e-01
1.573495589665547534e-01
4.574699170343465848e-01
6.513568908495430410e-02
4.393495121206499321e-01
6.354332398561766959e-02
4.868869712409558681e-01
6.031317986923404734e-02
4.270785244222085608e-01
6.634058695076905376e-02
3.406020815722460293e-01
1.401992963623669708e-01
3.753115373031412072e-01
1.076392972027416933e-01
2.245381034294367806e-01
7.660945539079352939e-02
3.531140871365183731e-01
1.734541581350977635e-01
3.062725209498512458e-01
1.651861603108924215e-01
2.758945978399860999e-01
1.025419482851503833e-01
2.906491419206206905e-01
2.097548313702804756e-01
3.446512367639647523e-01
2.045263265906078765e-01
3.742107470130725533e-01
2.541061965180783644e-01
2.958082510116238351e-01
2.047742982424221037e-01
1.415022131828807539e-01
3.469024289866308175e-01
8.965716877781979011e-02
4.344201958740804281e-01
1.269679044083083796e-01
3.265243819438472528e-01
1.164208886594347292e-01
3.752360746098102884e-01
1.385118586825679343e-01
2.973749101073052681e-01
1.553503190317002125e-01
3.123484908453055264e-01
2.714988865941549423e-01
2.458210272590176104e-01
3.118343354072112272e-01
1.612456614934612287e-01
3.591215434457512568e-01
1.857091659890199864e-01
3.894457079351292261e-01
2.056948893609634177e-01
2.446345129234744065e-01
