1.398687399374932694e-01
1.860871846576376831e-01
1.769643791604665339e-01
2.391613684828114150e-01
1.408242083348012208e-01
1.977028128431086718e-01
2.491968061636802290e-01
2.770387337616047052e-01
2.201801099346158141e-01
2.161747055213542601e-01
2.401515335601043244e-01
2.858585960222388977e-01
2.279009743283358091e-01
2.584960421354399185e-01
1.809037846084510792e-01
2.275505739247312698e-01
2.735435835682185624e-01
2.135392112428989297e-01
1.860871488468697488e-01
2.309827817052419185e-01
3.040559097297952373e-01
2.559929526964398461e-01
2.731389482900913879e-01
2.407837775442831785e-01
3.581250740834499013e-01
2.798835743862277958e-01
3.007452945253769605e-01
2.213241896012126397e-01
2.418752097814377278e-01
2.167240136165417275e-01
2.474727489225966026e-01
1.702500970054980078e-01
2.272384097257790503e-01
2.077944252172133355e-01
2.127030991379922353e-01
2.219442250589329646e-01
1.873560861664446686e-01
3.164411162604414685e-01
2.436179565796163238e-01
2.280007803313027492e-01
1.962847496515441326e-01
3.264740923823031271e-01
2.375450639811069742e-01
1.974810682231288583e-01
1.701516867603089789e-01
2.441746253012615775e-01
2.672449753692339169e-01
2.724874881953494588e-01
2.512800043134855166e-01
1.519372942537036697e-01
3.119909743185617645e-01
3.121086352367291594e-01
3.290819061580261273e-01
2.098605507414885163e-01
2.131925210880599719e-01
2.140623702235120718e-01
2.809269822169064290e-01
2.576098896170259667e-01
1.376044763638867852e-01
2.528861636684746617e-01
1.243369558878238829e-01
2.216618293367962067e-01
4.173982071479682143e-01
6.899124944429677053e-02
2.866440892670686913e-01
4.086821169851005409e-01
3.524684378747445224e-01
3.183490811981473656e-01
3.928829790670282374e-01
3.409139648752817497e-01
1.697843678972222048e-01
2.525029167108911454e-01
2.537464093281098232e-01
2.716836687166370723e-01
1.219508221612891075e-01
1.202148784298196493e-01
2.114745531532778167e-01
2.389477867812201117e-01
2.535590545952751684e-01
1.870209010317896436e-01
2.254929836291724166e-01
2.322517978257031546e-01
3.247006221430836503e-01
2.790260248118645592e-01
1.877866510071217743e-01
1.895254464861959864e-01
2.524673070500932370e-01
2.155143440000408528e-01
3.008961349867840807e-01
1.642818508166202229e-01
2.008594167134075681e-01
2.240491261710072790e-01
2.833109533472593644e-01
3.150300086837585223e-01
2.486047655296553249e-01
2.097651228376087029e-01
2.684051795389721384e-01
2.572946465053262410e-01
3.302129637897387449e-01
2.966806559760061801e-01
1.584368147976934760e-01
1.766854897465975904e-01
3.088618024747013524e-01
3.311099425979173172e-01
2.321968695367285784e-01
1.518459735403205058e-01
3.765718772921064494e-01
2.498261784708971645e-01
3.649573467229663137e-01
2.617891761595659283e-01
8.248618965623380483e-02
3.502730201399494869e-01
4.058610910125053928e-01
3.412970943550172609e-01
2.045422983060025124e-01
1.649065084092367350e-01
2.126371058633791944e-01
2.993139106438559294e-01
3.329729097915437031e-01
3.476412171346702218e-01
3.935762313051981987e-01
4.650992700933898605e-01
6.499552081451660523e-01
2.820039821136460789e-01
5.724234270123369495e-01
1.586692708518925021e-01
2.872325881379798607e-01
4.234574172728780006e-01
3.550332562107483825e-01
3.471954790913635014e-01
5.337276436003678404e-01
2.171966217122297260e-01
7.164887823008059264e-01
4.087662762814243678e-01
1.536938537893117740e-01
5.361197711879367445e-01
1.185834971328313808e-01
5.237694489734545655e-01
7.010876475581314660e-01
2.583045239050849595e-01
3.575938047624567795e-01
1.902297019501361375e-01
4.897777468562977687e-01
4.489510638823098754e-01
3.456092985430460063e-01
3.210059883512691448e-01
1.692919864912711403e-01
7.491245990968454782e-01
3.162596184894240769e-01
3.322603312031403022e-01
7.813696185591120225e-01
4.253338631380393919e-01
8.234994681268164030e-01
9.127199387424262955e-01
1.154213957432038029e+00
2.088041621512797263e+00
1.394939441767808042e+00
1.953775371303871244e+00
2.292678075421201722e+00
1.671471059378058621e+00
1.205066080532233741e+00
1.965142808135234564e-01
9.666739045940759834e-01
1.067285899238763935e+00
2.020731590080401041e+00
1.001501581149754738e+00
1.607657541918965594e+00
1.756837511638567273e+00
9.654770508071635060e-01
2.507656314515658291e+00
2.768360910058862423e+00
4.101099976671568115e+00
3.260936802726741579e+00
3.721456512092140123e+00
3.793164247917174769e+00
5.015151822290614625e+00
4.031416958415067420e+00
3.908382772255376558e+00
2.672374201673251459e+00
2.330593078462640744e+00
5.391596781894645751e+00
3.222885205192391300e+00
3.616410814152193343e+00
1.132100689670403781e+01
1.441764000577004623e+01
1.216383614489102882e+01
9.496077699528592930e+00
1.589363900512439542e+01
1.499319996203953842e+01
1.547991638680388427e+01
1.530666728582059655e+01
1.058716927092644866e+01
1.284372052516877716e+01
1.276217699137070838e+01
1.639933772986409721e+01
1.910515459476175693e+01
1.646742307873221023e+01
1.540348098337753413e+01
1.125980272646074276e+01
7.631226333596115907e+00
6.518218557295877069e+00
9.977835509811413317e+00
1.022256959080058536e+01
1.432494293539397923e+01
1.529314650296477218e+01
1.483749998319917474e+01
1.637960985179938689e+01
1.601822723680965055e+01
1.741195499125061374e+01
1.581070171661899337e+01
1.715656881833124103e+01
1.928442629042393008e+01
1.708554406316860863e+01
1.841223288817305814e+01
2.343682708414505456e+01
2.349735100073118232e+01
2.281439481084576926e+01
2.766929384505676381e+01
2.981062041816578656e+01
2.843646414279144707e+01
2.854616370252669100e+01
3.159362241452428677e+01
3.270803329619471356e+01
3.172821811028608963e+01
3.078017179702506567e+01
3.189688421400491691e+01
3.448950012076030447e+01
3.325227542747897047e+01
3.202378057081381257e+01
3.244749262243016830e+01
3.232323920551662155e+01
3.352416437554531825e+01
3.281756666424554680e+01
3.113477859703868944e+01
2.990730560899610424e+01
2.846868250362523511e+01
2.907993021010002721e+01
2.845381772783618857e+01
2.765637940904721148e+01
2.438336685910154245e+01
2.279187811466970714e+01
1.953731708868246031e+01
2.200435286221970088e+01
2.245855744172936852e+01
2.180359966026900764e+01
1.909271661183589686e+01
1.637299408510664023e+01
1.278333613336002905e+01
1.316656825550984422e+01
1.394140496650601690e+01
1.744715675004147926e+01
1.979574943214402438e+01
2.147485345277029722e+01
2.146050513849030139e+01
2.045499362324790837e+01
1.947034817041245702e+01
7.265610274656411250e-14
1.749363907211930425e+01
1.425713131468068973e+01
1.073645162024918953e+01
8.084597739231202951e+00
6.899980848427673230e+00
6.824495196930543628e+00
6.176423048948288752e+00
4.924484778932651352e+00
3.367618619649186407e+00
1.932411883620688275e+00
1.680480252369501493e+00
2.620991077433709293e+00
3.885120969164308491e+00
4.471913716748293410e+00
4.300865769107138803e+00
3.701329169702285871e+00
2.125687939820186223e+00
1.563882109867776427e+00
3.419297960253096846e+00
5.354280898475066053e+00
5.946555350648076832e+00
5.338091433401480401e+00
3.761768799062271018e+00
3.765042524300405535e+00
5.750308179404365561e+00
6.815792500918005814e+00
6.473264576346895893e+00
4.925658337726043889e+00
4.831056519212038047e+00
6.732326410581890741e+00
7.399797947245787100e+00
6.476037559785472908e+00
5.170822117818565822e+00
5.858580272278845591e+00
7.168913203425741898e+00
6.596512241229505413e+00
5.179953817426497409e+00
5.433695830911921654e+00
6.424729862111417944e+00
5.857617886890221115e+00
4.749409327168098827e+00
4.750445559181915023e+00
5.068798248392250905e+00
4.795979901838010484e+00
4.162253170469686125e+00
4.175880881127928212e+00
5.266751686218456463e+00
4.979819757616353648e+00
3.682661116191261463e+00
5.102610384428897028e+00
4.738662670021864365e+00
3.587282241130078653e+00
4.521581623945912121e+00
3.440278288526740003e+00
1.912952307517625350e+00
1.630602977319394409e+00
3.135010486236926130e+00
3.411799630786627624e+00
4.505456344403796720e+00
5.914227030303341515e+00
5.139472918579624405e+00
5.467436170287337305e+00
3.873931479959417779e+00
2.925402821137381260e+00
3.804102029066485979e+00
4.389423931025659087e+00
4.857737012663097431e+00
5.049938530044155272e+00
3.914114860716052746e+00
3.233216781304312892e+00
3.332951500358038999e+00
4.807414968663722199e+00
2.555242675193679869e+00
1.237880208205931476e+00
1.500760659192211133e+00
1.190260246755873830e+00
1.339402491600819145e+00
1.150044973464640519e+00
1.010027119258447348e+00
1.455821414381464507e+00
1.408599227047522273e+00
1.667916060075248730e+00
6.910566343051101068e-01
1.690478940296673116e+00
1.048014402320350591e+00
1.322394572767126908e+00
7.261944356166972758e-01
1.133038406630515249e+00
5.688983938240580462e-01
7.353429138074449867e-01
7.917741880181673464e-01
6.251083442007535629e-01
8.856697196237719449e-01
4.844445361712746978e-01
5.002758719573530133e-01
3.059420743678392118e-01
8.616265077746328993e-01
1.125563387337772392e+00
6.528165051709164945e-01
1.106351440651299090e+00
6.378732219711670259e-01
7.256297888838559862e-01
6.546898642013390113e-01
2.628137485884656233e-01
7.224370469773243597e-01
1.440932539373025179e-01
4.198893418066262928e-01
5.131638493639079091e-01
3.346295056246905708e-01
4.542344251074623140e-01
2.008698382194779863e-01
2.938386627790779970e-01
3.219524767509728269e-01
4.333244141789986403e-01
3.698023816603215885e-01
1.345733939324448014e-01
3.129364719645473247e-01
3.124338115047752829e-01
5.606880517055981006e-01
4.369769746695880697e-01
9.911979356683191245e-02
4.397922586487822416e-01
4.187046572157805957e-01
3.167577896753304145e-01
5.831335041031844302e-01
3.330097105942866897e-02
3.721270656162975476e-01
3.082901143361276297e-01
3.521532552753963152e-01
2.228698023692559371e-01
2.828196891617174580e-01
1.911341887283129481e-01
4.342132991820567556e-01
2.370084692656359848e-01
4.951504312745765302e-01
2.872086311489768229e-01
3.357479053455091345e-01
2.776549445272127326e-01
4.578607387966706077e-01
3.218073810113727395e-01
3.453067604791389966e-01
2.275624421281193799e-01
2.708363152924009865e-01
3.808271881208994403e-01
3.346515656465868793e-01
3.543927765797044716e-01
1.994908366416199286e-01
2.725927661313348738e-01
4.623255450553679924e-01
3.315426420103429472e-01
3.712794778691940190e-01
1.881624788672086879e-01
2.537360268413679787e-01
3.500165688840367051e-01
3.136748709045919514e-01
1.876893500773827994e-01
1.313306287782852189e-01
2.699206444316519793e-01
3.469401372542152417e-01
3.481961472508897093e-01
2.909339111966861569e-01
2.489846489859942058e-01
3.161644030178638598e-01
3.397995179660913689e-01
3.325134599541390013e-01
3.284367519566086524e-01
2.773498374219699469e-01
2.097453281406428116e-01
3.136567663399829065e-01
3.441314962456115123e-01
2.868443767804796929e-01
2.231672707861674931e-01
2.397110494313977325e-01
2.938411822283528707e-01
4.325747166633790997e-01
2.665441558036651948e-01
2.654673074639904429e-01
2.554579753384312868e-01
3.282257420224203304e-01
3.608321257871374699e-01
3.872311962301362986e-01
2.166316356853529301e-01
2.492509186054803205e-01
2.936889977338374980e-01
3.114462659196907679e-01
2.608845723248148785e-01
1.927766222981713851e-01
2.422933502472972567e-01
3.202977335378036083e-01
2.827147121402023844e-01
2.219100357619200048e-01
2.777300800132052605e-01
2.299864974657714334e-01
3.038058753154198044e-01
2.258471068926741210e-01
3.241155202135408420e-01
2.737050552757528399e-01
2.458249473016007325e-01
2.561432349125281616e-01
2.630891586461077125e-01
2.862135075152336672e-01
3.016210987338828198e-01
2.850418366001614690e-01
2.229955791890419481e-01
2.985626965422235046e-01
3.417953654774599781e-01
2.951588992579863291e-01
1.937383365674333890e-01
2.782930916508807306e-01
2.605578059770630173e-01
3.212233608376372507e-01
2.379982342846681531e-01
1.851915315308324261e-01
2.174226784982560001e-01
2.528464320777831231e-01
2.316531451284756238e-01
1.871488495342627512e-01
1.844807083043613627e-01
2.866148092968973105e-01
3.398769799001495340e-01
2.226731205743387454e-01
2.261327068629999104e-01
2.184374090888428765e-01
2.641577413906848193e-01
2.251903548945033973e-01
2.088606590368601856e-01
1.787161135863539474e-01
1.880613046777169783e-01
1.824614666076645741e-01
1.441727019135939925e-01
2.229132953703852893e-01
1.771268384016060349e-01
2.605488849724914013e-01
1.662576599833595070e-01
2.516043904322018965e-01
2.719428031293334991e-01
2.696298959758876013e-01
1.913598848415906661e-01
2.253088829402397908e-01
2.069615073267667693e-01
2.633938247989467962e-01
2.169859119503557421e-01
2.013223582273480361e-01
1.759795702499267478e-01
2.334968453267506627e-01
2.573728493853649768e-01
2.430858536250050661e-01
2.219147249939710520e-01
2.346999199386423929e-01
2.657708784048237183e-01
2.237453794386124184e-01
1.972158340647953700e-01
1.771118884471177546e-01
2.200331932203351826e-01
1.988196828748124145e-01
