1.282508103375226138e-01
8.588447684099027868e-02
8.918303900478002921e-02
7.360905408865163480e-02
2.098128002828778260e-01
1.037663647585159998e-01
2.061620002583026967e-01
2.317885092015733173e-01
1.654291158512239124e-01
2.792352039508109174e-01
2.245606913856232345e-01
2.401228442317238365e-01
3.147771383661954192e-01
2.869507776725845338e-01
2.389852134517197746e-01
3.133772019902432149e-01
2.854215816050034160e-01
1.511145069643290151e-01
3.148865373143500124e-01
1.300585221238765021e-01
1.698840801344399243e-01
2.585981895440231937e-01
5.185014717776496168e-02
1.991016793579821198e-01
1.640291043510957170e-01
2.159103319201693405e-01
2.012945316320535472e-01
2.205061129931509822e-01
2.073082306919236950e-01
1.924469852591365326e-01
2.770569506712443619e-01
3.588762526241500578e-02
3.234887704260120955e-01
1.617511039255055683e-01
1.549279322227425926e-01
1.722569604002096300e-01
7.841775233147742219e-02
1.630933020404539413e-01
1.725023863074276742e-01
1.267482566795050114e-01
1.200932726211210166e-01
2.202376490194396241e-01
1.056680053930682400e-01
1.345077699075508115e-01
3.227278721745062695e-01
9.413172238760959820e-02
2.776359642129178074e-01
2.835697730973016362e-01
1.803415308453403254e-01
3.855494198529113570e-01
2.472025073284613017e-01
1.478906388679748496e-01
4.181717038726422975e-01
2.831159479040152860e-01
1.378204077226338198e-01
3.928265077877083344e-01
3.556636357674601845e-01
1.260536012749070012e-01
2.948361027124789535e-01
2.531302587433105211e-01
1.548678184534107438e-01
4.702698725645471645e-01
3.882787795771577288e-01
1.573276912516942683e-01
4.296642914217811970e-01
5.140396602039717378e-01
2.026069406394986894e-01
2.796043874307141963e-01
4.997802177897757159e-01
2.562308467320339456e-01
2.256561327930849403e-01
4.129278797191682782e-01
1.919160735108044191e-01
2.481114468742484647e-01
4.868518754155333195e-01
2.009163682224270053e-01
2.942998130168586468e-01
4.512673213249246973e-01
1.300759844473668991e-01
1.135728906388257797e-01
5.519422029466242163e-02
2.543281898091392379e-01
2.240724560268555210e-01
4.665928326723657316e-01
7.190702284659437060e-01
6.361268810297689980e-01
7.894466570058984445e-01
1.023443908098892186e+00
8.534437661912105400e-01
9.424667860957555154e-01
9.282429235431715053e-01
6.769408640211176387e-01
7.056596125080704107e-01
8.391016263897649319e-01
5.173783936494500413e-01
6.184004377167300337e-01
8.732224346439193541e-01
6.886478867451715224e-01
1.080171603112438206e+00
1.135658459944625998e+00
1.101652858785761913e+00
1.452507323299451869e+00
1.240655712304209013e+00
9.675571329797797437e-01
1.112144550343771909e+00
7.295372603666172573e-01
1.777994522262939525e-01
3.425303869599856110e-01
6.958608230768073000e-01
5.836256884063530936e-01
4.135759669859543908e-01
5.057809236607785364e-01
2.025474782508989158e-01
8.146366824989712541e-01
6.230043565563503360e-01
1.388238675712152759e+00
1.457701951269978924e+00
7.563247497507499251e-01
1.565947746406098906e+00
1.978770342859869302e+00
6.036091477292809815e-01
1.444792064142411903e+00
1.163857631522589919e+00
2.464276435156583567e+00
2.053529864657049675e+00
3.084422691561209184e+00
4.695018180883860914e+00
1.974954519060458269e+00
4.015691568683635637e+00
2.743089584528662250e+00
5.839277161899031121e+00
5.567202320150506978e+00
6.134156119266420681e+00
5.318948811142332644e+00
4.287944035861382730e+00
4.452424726815561229e+00
4.365389350646527333e+00
5.664384410813091186e+00
6.882165396697114801e+00
7.229205022658383939e+00
7.786807019939598007e+00
6.857384526686021609e+00
5.325476745482856877e+00
5.706949901433273631e+00
4.658424347125705189e+00
5.612452028555636296e+00
6.824171807057254568e+00
6.648104920497434733e+00
7.703170418408488374e+00
8.329383122111661208e+00
6.907875342744748792e+00
7.564894910700743047e+00
5.887950678437453789e+00
4.586248068315019744e+00
4.637694129782269137e+00
2.552027775869053716e+00
6.997257397750306085e-01
2.076641099283234926e+00
4.253661609181012437e+00
4.675655065643747221e+00
3.845736428976453514e+00
3.944665708827058914e+00
3.044868861458591702e+00
4.036999336288491058e+00
6.224504234970895666e+00
5.961883716367159636e+00
3.692148353506497838e+00
4.484844633797544944e+00
6.343174047959263540e+00
5.478710985442442727e+00
3.665410006199667947e+00
3.811558331545202627e+00
4.845409713598027857e+00
4.439895934463229388e+00
4.099876336115718445e+00
4.297769921992482978e+00
5.242844781479566230e+00
4.606972700129022158e+00
3.687256375884484072e+00
4.255961287405673588e+00
5.425115437002007823e+00
3.977983082805024218e+00
3.531987414873254405e+00
5.898257728170846370e+00
6.735738667981492789e+00
6.125664610597498339e+00
7.399762198142360248e+00
8.538611999045647494e+00
9.507080505418802119e+00
1.071982607708479307e+01
1.012211943135033643e+01
9.473400620810011219e+00
9.954312036289715948e+00
9.345558543476034430e+00
7.943854790745630723e+00
6.509120073625247471e+00
4.220259331281589255e+00
2.945172286141703122e+00
2.868324530848528120e+00
2.989407312876716016e+00
3.766904652343523008e+00
5.655336669335341959e+00
7.683954574029358220e+00
7.883841680420994535e+00
9.474645483194091611e+00
1.036756953965591599e+01
1.079304989034234374e+01
1.191865841838262341e+01
1.143228703773203847e+01
1.206921891251628765e+01
1.184074889056250868e+01
1.195348823143072181e+01
1.195683286337776430e+01
1.094733550096479924e+01
1.061449399124443715e+01
9.187343043603371839e+00
9.101885913987397103e+00
8.168890186992413760e+00
7.923357022816893469e+00
7.064226288846116475e+00
6.091425586051145480e+00
5.039298381090248746e+00
3.879079428691352138e+00
3.268087060010698597e+00
2.721614043950956852e+00
2.811940288574235058e+00
2.913644716952764835e+00
3.377537700428169920e+00
3.826922936567948241e+00
4.293611672492954945e+00
4.430230311879268967e+00
4.733216200907916615e+00
4.723015953182908788e+00
5.106798558508569563e+00
5.257250447074264699e+00
5.592256274421098183e+00
5.992555183063227986e+00
6.853949098647912130e+00
7.713708724983043830e+00
8.879349888504551203e+00
9.630141743124999820e+00
1.023696847693018164e+01
1.067699400709535951e+01
1.045566783966970803e+01
1.022552451519135808e+01
9.017306796580090378e+00
8.737098300624683844e+00
7.706540632475288533e+00
7.848569958388271317e+00
7.619819697955009019e+00
8.877458248782307493e+00
9.457356594094088464e+00
1.124893693929826277e+01
1.299371249040376419e+01
1.319343360446351276e+01
1.432840069920290205e+01
3.967397163063965512e-14
1.780082617850757742e+01
1.585016121258733257e+01
1.750856500156460172e+01
1.787107659189549835e+01
1.686412863122920669e+01
1.708692575647314627e+01
1.594597249751958046e+01
1.546542984967419088e+01
1.541578929993609748e+01
1.445865389103739318e+01
1.362450907673655109e+01
1.268824928692868603e+01
1.107239497319411470e+01
1.015427813039155502e+01
8.493780222878196895e+00
6.896812100352749830e+00
5.839819503098558684e+00
4.332475167267822336e+00
3.655740769630003051e+00
3.765331181116292392e+00
3.606048461771585334e+00
3.842903672935850334e+00
4.285151947684076035e+00
3.824036698056963779e+00
3.769969463538832777e+00
3.851614755487425157e+00
3.155170430039115015e+00
2.834108975737100522e+00
3.238904646864801951e+00
3.063748119287699190e+00
3.047504589366747840e+00
3.690222099651446985e+00
3.443420718454134111e+00
3.549757974491234425e+00
4.451097867207461256e+00
4.905121445021684679e+00
5.235216676916067513e+00
5.725855875376149484e+00
4.969931413263974029e+00
3.847576276733223555e+00
2.802718298463151569e+00
2.634210021060422235e+00
4.440686229982877542e+00
6.697117088859064538e+00
8.068738294724974836e+00
7.625960689388795899e+00
6.085907467857638586e+00
3.450379247965222884e+00
3.084539942293535120e+00
5.996306215357503966e+00
8.298257737132630041e+00
8.379602914307142214e+00
6.130859800103482193e+00
3.949355031607808986e+00
5.363688181358113205e+00
6.870871563927130055e+00
6.811079082517953687e+00
5.317181617420550843e+00
6.057385671407898187e+00
7.583163483403359884e+00
7.467092174402174543e+00
5.048800311413753406e+00
3.583310631823852344e+00
7.145330014866360102e+00
8.791735836255792691e+00
7.578910286350210690e+00
3.957338020912122722e+00
4.137601175547168886e+00
6.843013011208399554e+00
7.255731441845656882e+00
5.484043089189708731e+00
3.540036437797908331e+00
4.499365137130024728e+00
5.331709969419940798e+00
5.688550744325945985e+00
3.791000287176240047e+00
3.548772541935786951e+00
4.249092539457508977e+00
5.289713423047577301e+00
3.265912562512497175e+00
3.023976805386704214e+00
3.969689624031768282e+00
4.630637557765171941e+00
2.802989837360223557e+00
3.499008852334885677e+00
4.598443314240124202e+00
3.735562005916752693e+00
1.359972887573219102e+00
4.431976337455238557e+00
5.169392821606729527e+00
2.861451366296626553e+00
2.997927200263398095e+00
4.765874553714578354e+00
3.592771834670317688e+00
2.834976030326677776e+00
5.333598168045994292e+00
3.598976181318192413e+00
1.366628929859757591e+00
3.761654338891208926e+00
4.432360988942104285e+00
3.702762471594388316e+00
1.919920727353616963e+00
4.226500964979587494e+00
3.263712177263579761e+00
2.578966826493065412e+00
6.440330138105873736e+00
2.199836917451245988e+00
4.367124843677642865e+00
5.157415663672113126e+00
8.725793558198154942e-01
3.752023773851639099e+00
3.849737724955610840e+00
4.182113804067045804e-01
4.960491357312728944e+00
3.768832200006305477e+00
3.230905192046632735e+00
4.963677130366685120e+00
2.302997026002270520e+00
2.826426175950810471e+00
3.110343096365799642e+00
7.845483706801200663e-01
3.177146960294523925e+00
2.502858743937559360e+00
2.594107704947505866e+00
4.940104984886489525e+00
6.410847672413155784e-01
5.515243542698790691e+00
2.807323474831894927e+00
5.886983118592748809e+00
2.805341298038098952e+00
4.796165302762969596e+00
4.581875586422274438e+00
3.053918372068302300e+00
3.819449973494249306e+00
3.889145558534033764e+00
4.225499835539344495e+00
3.430330907073793956e+00
3.761642552523860594e+00
4.135322665299430156e+00
3.801206950559231412e+00
3.391836529274955048e+00
2.901831368774105524e+00
1.719569645331858965e+00
9.509324728231052237e-01
7.186387228628371426e-01
1.299421412660542785e+00
1.543286841489610817e+00
1.397309260381387697e+00
1.213279839597436682e+00
1.007486194414705105e+00
1.230667866543750044e+00
1.937934666700124486e+00
2.786453265322140549e+00
3.049949475088068684e+00
3.098983810524137184e+00
3.151178873935065461e+00
2.754271862971652496e+00
2.398648599908425272e+00
1.965024678617134812e+00
1.438427548613465001e+00
1.354199225737640733e+00
1.228534028451138571e+00
1.019329785991108128e+00
1.117025990426455229e+00
1.427596169704373086e+00
1.549021163620210917e+00
1.717285188536393559e+00
1.869186158679001952e+00
1.654995096458431014e+00
1.767566799526467225e+00
1.653082487376938303e+00
1.194196003741774259e+00
1.021624433779913188e+00
7.262143184429421527e-01
2.777137287508164021e-01
2.374967758558869380e-01
1.839967867963404613e-01
4.363133081938255220e-01
2.971589372343519941e-01
5.987188479181269063e-01
6.124958582420708675e-01
3.352076937887454866e-01
6.092316004682485353e-01
5.088838524006162878e-01
2.072485215844370454e-01
5.957690119266412232e-01
5.718562507865496691e-01
3.096465484675093860e-01
5.995107362679289453e-01
6.451893506457827554e-01
1.284966419961886541e-01
5.262394422566825103e-01
6.686336627047284598e-01
3.571212935092706320e-01
3.910003010200138740e-01
5.057616823052617505e-01
3.268856128072646916e-01
4.112512761530505712e-01
5.617089297785414770e-01
3.193050696076922268e-01
3.838397083723112946e-01
5.796048651794548645e-01
4.048685933160335870e-01
4.301852932538402507e-01
5.572210987806075488e-01
3.999758473576622286e-01
4.059859414985966808e-01
5.200433582510006758e-01
4.154364210069254049e-01
4.661423832831737002e-01
4.739650808898410173e-01
2.232022013940797023e-01
4.167100200410766564e-01
3.494781421767072516e-01
2.144955173713445351e-01
3.742672430763803737e-01
2.062327575978921967e-01
1.228488440116954350e-01
3.185706985769557464e-01
1.685508909322160909e-01
8.621327931838965175e-02
3.074482070665414679e-01
2.253603117444382131e-01
1.510595255037260332e-01
3.398144118808398284e-01
1.457709639423645509e-01
3.389849011553422997e-01
2.146894782888730813e-01
1.269642451622925716e-01
2.898601694398320050e-01
7.353726273823116277e-02
1.870107969595536934e-01
1.408479426927619349e-01
1.674306574406877746e-01
2.376230430123612083e-02
1.507735624857600709e-01
1.492512938473831985e-01
2.109732332621154227e-01
2.758520877291991136e-01
1.518775885985524654e-01
3.238585180524418683e-01
2.918001137693121971e-01
2.824629163036259660e-01
3.008606441537793330e-01
2.911063531008974969e-01
3.208783423706836890e-01
2.546939196247441362e-01
2.939085563438215143e-01
2.645848376932933288e-01
2.582009812617143130e-01
2.233656630312063351e-01
9.772576838768917695e-02
1.994905419552678583e-01
2.085275766790592733e-01
9.326288015493740258e-02
