2.184066111565138579e-01
2.211610895286435230e-01
2.220237384507546541e-01
2.274094248908774540e-01
2.328867164166819603e-01
1.863341304694589862e-01
2.256885219903251028e-01
2.068213013900087605e-01
2.510151544902610166e-01
2.267436319876531825e-01
1.942327219155548790e-01
2.303306025279476810e-01
2.131249811641167946e-01
2.763293943718353463e-01
2.084342601042232790e-01
2.542425455082493180e-01
2.542964761888927838e-01
2.348564421433676774e-01
2.646051071228315288e-01
2.555227837606914854e-01
2.636667322492679544e-01
2.114378471143749660e-01
2.158393946807304620e-01
2.648068249123122775e-01
2.195722761434750481e-01
2.383360564183140684e-01
2.629543619369072993e-01
2.470681290503516092e-01
2.262190529407245576e-01
2.164297577393445027e-01
2.514279886027657174e-01
2.137994766199483310e-01
2.297342909954365187e-01
2.169720668764872906e-01
2.319316796315425699e-01
2.247066989278571625e-01
2.162419931605245871e-01
2.677202251630741436e-01
2.605997015237441206e-01
2.601418025263604328e-01
2.629743035883196356e-01
2.226894280139466442e-01
2.568411775111816286e-01
2.075129536247641848e-01
2.447907125491012581e-01
2.650343425859507107e-01
2.486331072149172150e-01
2.636158708015191032e-01
2.319006555627324273e-01
2.465294123728608566e-01
2.231932815354469579e-01
2.365253166687167063e-01
2.192995422159226548e-01
2.337043466898081345e-01
2.237802538593546275e-01
2.764502750114319896e-01
3.186281436673885636e-01
2.421186112904765986e-01
3.106900221725381050e-01
2.101058929662352193e-01
1.294791800637822288e-01
2.372605726751318145e-01
3.229932648389430283e-01
3.677750930149398800e-01
2.345528105607214697e-01
3.234423414972321109e-01
2.673086081169424033e-01
2.794234072622776011e-01
3.273601853156244967e-01
2.913100379063348067e-01
3.161425420773304462e-01
2.886884483417711533e-01
3.078409047075617577e-01
2.943754072082654938e-01
2.714219830468520001e-01
3.157847479469421126e-01
3.231234694258826035e-01
2.690439307027941984e-01
3.096836225934387343e-01
2.779489817881716229e-01
2.933841839795587325e-01
3.274920583684962638e-01
3.211409043616953451e-01
2.723187330655710836e-01
2.822941999262605917e-01
3.490220624250358061e-01
3.098633316969290896e-01
3.064137523342356784e-01
2.935578624944203963e-01
2.899724963881920026e-01
3.257348519574091994e-01
3.474653850561211788e-01
3.437577835613703225e-01
3.330844241939149852e-01
3.327248045463585546e-01
3.250996206209380568e-01
3.231656085476949380e-01
3.645210824970248065e-01
3.220302169266264780e-01
3.307363130969683818e-01
3.555306113968536574e-01
2.953610755924581666e-01
3.330546704768351240e-01
3.104796383321961617e-01
3.620784523568291724e-01
3.455033177300397274e-01
3.674701704288343973e-01
3.643610735895898012e-01
3.746999732884118139e-01
3.864852657129147495e-01
2.776087630721953969e-01
3.000487479096094479e-01
3.843604423705659356e-01
3.505216637089356713e-01
3.252472116121430390e-01
3.415994102735020466e-01
3.981773225045304176e-01
3.387430314860279124e-01
3.170723089165153330e-01
3.362918319660679334e-01
3.669775028907867886e-01
4.315878900246542527e-01
4.057841938995905284e-01
4.808705737911408429e-01
4.576859819910881200e-01
3.659549099388353377e-01
4.525234250507310652e-01
4.411990990435586957e-01
4.953847872290366716e-01
4.305641634844481480e-01
3.148572293481486373e-01
4.535642657716509318e-01
4.248078890956088483e-01
5.120907215337652252e-01
6.713179404134386186e-01
4.333378868928333127e-01
2.274045860202854319e-01
2.279712832147197388e-01
5.909425086453967690e-01
6.176932526252202349e-01
5.216667115660739151e-01
4.462819766391188936e-01
4.698913440047982060e-01
3.684550043701732558e-01
2.800846859996383720e-01
4.689367959070281366e-01
5.709942445218980644e-01
5.949778159355458840e-01
5.477016272976447109e-01
7.608795436846534921e-01
9.436110210592956182e-01
1.066173852350474460e+00
9.773641565106062634e-01
5.510163611174178078e-01
8.123458086600829353e-02
3.578956405387697104e-01
2.875015681454220484e-01
6.534838259924796722e-01
1.264508081588501920e+00
1.612022599900200026e+00
1.427107431104021495e+00
1.152560625792552473e+00
7.803227543671831246e-01
4.331036706928092506e-01
3.891109659759258710e-01
4.569754525018526747e-01
4.016554487217580682e-01
5.013451021618015035e-01
5.547967060606752154e-01
9.039075675378065444e-01
1.272250556856524550e+00
1.256019333397301097e+00
1.307452768257986397e+00
1.276799248933270903e+00
1.191614893960456056e+00
1.116183619064147425e+00
9.409941864902736652e-01
7.811544942085842935e-01
6.775834413539278955e-01
7.645583627558104611e-01
5.758139073374697325e-01
2.940878437145923452e-01
1.361572085553218958e+00
1.400490406447213232e+00
5.512680688340165780e-01
8.409736151324811448e-01
4.241971134911296515e-01
2.111833742531878499e+00
3.390811163811740414e+00
3.171038952835195435e+00
3.502527103167103473e+00
6.243903922808553553e+00
9.584483567809794380e+00
1.057137303591904676e+01
9.406047468847956949e+00
9.335388982804868618e+00
1.117723912836490108e+01
1.219223949831823184e+01
1.356375943482272106e+01
1.831246284673883906e+01
1.993789494137898899e+01
2.190450112783169700e+01
2.604771852330464554e+01
2.376243541663981063e+01
2.360283241199112325e+01
2.612015877511282724e+01
2.006645534353585347e+01
2.482929136275210880e+01
2.302847256227027373e+01
3.507092976598018907e+01
3.429985687185684640e+01
3.208451456775893718e+01
2.435151617562996051e+01
2.260268828571536659e+01
1.144029880537012289e+01
1.196306488021638437e+01
4.233237716255235483e+00
3.314699501039545471e+00
2.390114859730218200e+00
6.312573569697798703e+00
2.189439940501188175e+00
8.739721246429297707e+00
5.606918214141556334e+00
7.304889346336059575e+00
7.257883531457058446e+00
6.615351126676811688e+00
6.179737147888434201e+00
5.917567737720831111e+00
7.229716550876997161e+00
3.412079388226567200e+00
6.186353028879911342e+00
6.598126707710554761e+00
1.687708260719778641e+00
5.234547451567487464e+00
5.774370818453198773e+00
1.962144201149388589e+00
3.768536188727351188e+00
4.457470966119175593e+00
2.256857459061612392e+00
2.797136768832724663e+00
3.463470874823549206e+00
1.964756057726876115e+00
1.936752545387196545e+00
3.071462738051748520e+00
2.773097910269604061e+00
1.280960162475589081e+00
1.850423982728227390e+00
3.386988487617621502e+00
3.499182367391103998e+00
3.602095799724217007e-01
2.171967090155651814e+00
3.496344246687806745e+00
7.504510796166010245e+00
2.397437024285420826e+00
1.530755989286735286e+00
1.436124081987888212e+00
1.763372860454864824e-13
3.065857033353828420e+00
2.628978099250191214e+00
1.004247331368563811e+00
5.875421350039327084e-01
1.343852220051015012e+00
2.678219572916221036e+00
2.704441028282507542e+00
3.182519755889514190e+00
2.954752093900888887e+00
2.328209664975456228e+00
1.486497226127767579e+00
6.994115525147673873e-01
1.926005619989409612e-01
5.751762199603569492e-01
9.213942900253345725e-01
1.110673122674352920e+00
1.073863480086142852e+00
1.050155488921909797e+00
1.184557030019529167e+00
8.838582806527478519e-01
4.643299460085288377e-01
1.084168558389493331e+00
8.632471801866102856e-01
3.376938362148114159e-01
1.307106381917691129e+00
1.136480654721071959e+00
8.570926499562153689e-01
1.573799164437190701e+00
1.415193026684462119e+00
1.484574237004662622e+00
1.646611554096428121e+00
1.923920399475542498e+00
1.799010022340293391e+00
1.571825314689793807e+00
2.165754035607557082e+00
7.373516174506498100e-01
1.554821342574971066e+00
7.793917082129455665e-01
1.086679435756840340e+00
1.438091288269694790e+00
3.416471550150351089e+00
3.467018829288207815e+00
6.324775074556464816e+00
6.726725623186920799e+00
8.649032657045761852e+00
8.831971907178838066e+00
8.534169546277690088e+00
5.007142841276814416e+00
5.574903440125601684e+00
4.512807130886842266e+00
6.320460644262530181e+00
5.800152972818069408e+00
6.097436085594192257e+00
6.971792051921770650e+00
5.887774003596495831e+00
5.549061396459594064e+00
4.877704877362844194e+00
3.462006159500847779e+00
3.156146758346412007e+00
2.912351229822111254e+00
2.723751147175642817e+00
2.979092435046013509e+00
3.160258083698669562e+00
2.412473675210395463e+00
1.425373679060354837e+00
1.167739497290375850e+00
1.274581171316201855e+00
1.117926482819168399e+00
3.812152827256899412e-01
2.927965779910702282e-01
2.568174434462890399e-01
5.726797395502249977e-01
6.584113968116830362e-01
2.798366246925889089e-01
3.194126557013390877e-01
5.803239999972732432e-01
5.658018312192273358e-01
5.671205547754007981e-01
5.184331348207595891e-01
5.700649672777443611e-01
5.917963142568752888e-01
6.070341826320931888e-01
6.266476233687687802e-01
5.643221466717033286e-01
5.432836033851200508e-01
4.763654843382633119e-01
3.211979616045784192e-01
2.812715815378181716e-01
2.627576839817089560e-01
2.444907221029840039e-01
2.699072438324411349e-01
2.315898057019829259e-01
4.078583561516322398e-01
5.536983726801855132e-01
6.448427385126649369e-01
7.033251660553682116e-01
6.166099218158245243e-01
2.653463468608591724e-01
1.775873342405695221e-01
2.732398154849162708e-01
2.599167147633464903e-01
2.167510765434201292e-01
4.919488257931314279e-01
6.115112624063026026e-01
5.179124925808934465e-01
3.923257602653689169e-01
3.231640121695756873e-01
2.961795095394293420e-01
2.648049884662148634e-01
2.396529243550648280e-01
2.528464622944808782e-01
2.133636037151842579e-01
3.088011712771503992e-01
3.327106706294938321e-01
2.941823260101470994e-01
3.661960547330288529e-01
3.654743319182576222e-01
1.714296270756819618e-01
1.991678255990487756e-01
1.750121203855261875e-01
3.357959760878071465e-01
3.072443569227344407e-01
4.095617993823700287e-01
2.795911876285270270e-01
2.309748621517624945e-01
3.224584287907573121e-01
3.108646754435412940e-01
3.454873264718895665e-01
2.700982534386431877e-01
2.260477100564506625e-01
3.186367136370064079e-01
3.283742571897050322e-01
3.248154152714251564e-01
2.392526164837185110e-01
3.045062424017825897e-01
2.145300071774194905e-01
2.601303702407015139e-01
2.575628371209888745e-01
2.195223604567585196e-01
2.449824187017005106e-01
3.014017274191690965e-01
3.112728919976268660e-01
2.298065127327335588e-01
2.288550870056086373e-01
3.394635387338300059e-01
3.079706373273246034e-01
2.631578848266785675e-01
2.442215783647272709e-01
2.205477048217253377e-01
2.653870317075082697e-01
2.713924616671530843e-01
2.903369791301366742e-01
2.405196989335286473e-01
2.934949852281389937e-01
2.271861993270931079e-01
2.204555844659497887e-01
2.352451535345392863e-01
2.235847270122033881e-01
2.725178646622993806e-01
2.403635782964634038e-01
2.704688349494457911e-01
2.405412146126159612e-01
2.380431557667257170e-01
2.476783003477878442e-01
2.203805194372431830e-01
2.218614813686903831e-01
2.307865385937300229e-01
2.435532062931013708e-01
2.083854268899684725e-01
2.142131204813290668e-01
2.201877051054358103e-01
2.354077917510156714e-01
2.600730826754334979e-01
2.392220802142373537e-01
2.072159243466552281e-01
2.452911234257784678e-01
2.117828395837398625e-01
2.393620854573458578e-01
2.388860750477872774e-01
2.297648802917990618e-01
2.449302782621923524e-01
2.324700209112833538e-01
2.191990434621404471e-01
2.130324408262133096e-01
2.491071986051068832e-01
2.323139151215522225e-01
2.047671721450743110e-01
2.426984409732691472e-01
2.381496127407083108e-01
2.423857613082931461e-01
2.071477587828450539e-01
2.038275967170100345e-01
2.030934447686629507e-01
1.926780315962779710e-01
2.452823802319937518e-01
2.549122922454223339e-01
2.602316622899593090e-01
2.454179403308751062e-01
1.963493369484356765e-01
2.252405324726375890e-01
2.201615049569867477e-01
2.169990807089483276e-01
1.994968966888717166e-01
2.202764359343020173e-01
2.306919433985362422e-01
2.206028652277014224e-01
2.402935568572198421e-01
2.569262868985356940e-01
2.178245124479537831e-01
2.308090792405010638e-01
2.043507017808988135e-01
2.048495604719619556e-01
1.704719025336051130e-01
1.949191777250196267e-01
2.351330508421413390e-01
2.312812206308175744e-01
2.254761513014723051e-01
2.334795106338751203e-01
2.268382695725150167e-01
1.840185972781515078e-01
2.210936339775812776e-01
2.226940917952161814e-01
2.071571252793968088e-01
2.308100303763184202e-01
1.778783933392961980e-01
2.523107571077781164e-01
2.215838445525767919e-01
2.298231960718742639e-01
2.241924370600328620e-01
1.627033737627608390e-01
2.360089405883523672e-01
1.941557119095814465e-01
2.292356887576348090e-01
2.281329186645212337e-01
1.802664107702267593e-01
2.437852034120356892e-01
2.099064197153894251e-01
2.430305692563309305e-01
2.073554982773768429e-01
2.078477957816876054e-01
1.972663870295588706e-01
2.286912132046701462e-01
2.225176497857009050e-01
2.079574922858003494e-01
2.081942682436821457e-01
2.002173449185281617e-01
2.367582707988613311e-01
2.157126704434786379e-01
2.358841455205736848e-01
2.393355502444407257e-01
1.989501356819661226e-01
2.348975345359023137e-01
2.119872095529987677e-01
1.833875026107950335e-01
2.253116695977181172e-01
