1.520245370051111489e-01
1.092995317052886939e-01
6.756508384795048561e-02
5.193248267705851545e-02
8.647637591909314303e-02
5.241957555217835463e-02
7.624415012746801890e-02
5.543025548557169169e-02
1.405821424607592851e-01
1.186855546834452574e-01
1.894444338360750102e-01
9.708944867233434972e-02
7.510377194746017948e-02
3.884753256519209164e-02
4.706904778303918485e-02
6.162482713175014559e-02
4.240623566830924174e-02
1.419318557720812002e-01
1.391926160771919385e-01
1.159165014578448644e-01
5.983901633230413047e-02
8.932120471628797465e-02
4.634049437119320408e-02
5.418563902398424587e-02
5.439339494530495006e-02
3.684915163334860633e-02
1.682542590022859941e-01
9.094448341170435768e-02
1.874326678926427070e-01
9.930163882355333427e-02
6.103825508108168957e-02
2.791722791144582091e-02
2.618840492281510404e-02
3.583601628494229030e-02
1.162042062800693609e-01
5.838849236067378268e-02
1.145357755033807323e-01
1.126661687074463625e-01
1.211180669904340923e-01
1.212007176440003248e-01
6.123970626295966585e-02
6.378655817789159743e-02
4.036523123903731913e-02
1.029399511147754825e-01
1.078636240856214318e-01
1.725110180575608054e-01
1.257470419247141147e-01
1.056161507713605507e-01
6.748074111802394859e-02
8.302422486318311590e-02
2.117459209681793551e-03
4.420392499408585391e-02
9.185124055669557919e-02
5.037521661288597852e-02
1.061179785700085421e-01
8.997552786685940329e-02
1.405739546108675520e-01
9.744594432352692015e-02
3.687445920903667518e-02
4.391126182962316882e-02
5.636231562577661419e-02
8.191717299083220438e-02
1.183008999234319986e-01
1.377937311822393929e-01
1.121482633286997044e-01
1.477259484740668927e-01
5.709910338324760554e-02
6.541734934817941549e-02
4.898160164694283225e-02
2.219957007451928838e-02
2.442740606335875100e-02
7.951191832443485485e-02
1.279097890597309384e-01
1.515666240000100029e-01
1.129474429954846898e-01
7.803190381570108969e-02
6.580731398208811145e-02
6.345471692194355751e-02
6.858292758438519487e-02
4.284545998383506443e-02
8.674554880208276697e-02
4.457888093074117292e-02
1.614284983552292940e-01
1.308784436350876323e-01
9.134536936385120875e-02
7.440106993094497412e-02
5.582555578447288142e-02
7.959147820568454601e-02
3.719446312910210800e-02
4.112923814752074414e-02
1.056405948800408778e-01
1.411299347004014992e-01
6.977938038457644210e-02
9.534203848084774058e-02
3.983818907717375651e-02
5.679865116629485150e-02
5.653774351747419685e-03
2.550700896162708814e-02
7.442311621922712006e-02
9.171243731608823280e-02
1.621835066260624569e-01
1.038521030045134880e-01
1.270868904609824546e-01
6.388323926867886526e-02
6.869579405403426764e-02
1.714117673731735056e-02
9.097220898369530462e-02
7.896790303053867477e-02
8.448989843998339078e-02
1.105181854164356270e-01
1.204411241746957961e-01
1.388536709621553122e-01
8.340927988186108699e-02
3.179962519089379186e-02
2.578941343064339656e-02
2.817794006130359616e-02
6.608405240791631607e-02
1.132175653072627908e-01
8.767151237485491799e-02
1.245806672098316303e-01
8.257127731294525153e-02
1.337466509417803984e-01
8.119026136930659887e-02
1.849152908663358533e-02
5.347765552625678709e-02
8.709499134327872150e-02
1.083239421460818752e-01
8.482989083237427175e-02
1.862880878542387542e-01
1.535328873712223374e-01
1.201097995834333743e-01
2.369197442175630802e-02
6.244109296920556662e-02
2.521712579647387986e-02
6.572093388837949024e-02
9.867183462729396670e-02
2.140477623997314935e-02
1.839344307628316688e-01
9.847053802825934954e-02
1.556971772049602076e-01
7.277614052913992937e-02
3.414933215074808515e-02
4.606504132788289546e-02
8.790324724680038948e-02
6.678508041095987391e-02
1.863635963407532514e-01
1.492375926828757582e-01
9.385261528971694522e-02
8.663429325547654380e-02
1.642168477455619585e-02
4.363119391151471654e-02
7.426590807751419498e-02
4.197863058614516307e-02
6.448621939921451995e-02
9.687323348862106331e-02
1.493502969198206853e-01
1.705864421937958730e-01
1.007353952544863263e-01
1.154449326121297359e-01
4.806690521024357260e-02
4.006337382468789371e-02
5.110175561746351652e-02
4.398058644683694451e-02
1.425927211207224654e-01
7.580271596403964640e-02
1.456377647477919979e-01
6.463653026676481617e-02
5.123545896886114864e-02
4.621611083245300011e-02
4.113716253750331064e-02
6.167442202666238715e-02
3.829693335468694476e-02
1.362824151254770355e-01
1.415908831132939860e-01
1.792106195950880498e-01
8.985868266353164158e-02
1.597567591716503865e-01
2.705759773643409347e-02
1.095637741858687536e-01
7.284640947004561440e-02
8.862835089445657288e-02
7.962211314865809408e-02
1.129511732700345106e-01
1.372370896511242722e-01
9.545575638667050389e-02
4.452610583556702167e-02
4.493527649911560617e-02
4.566032937073014747e-02
8.235266350071671071e-02
1.448413167636229404e-01
7.393407266618659546e-02
1.557084188412656833e-01
1.100817954841750157e-01
1.583225592013347283e-01
1.698095708223769096e-01
7.541527340498441201e-02
9.027807914897491293e-02
8.910350135376986225e-02
3.780688842900591790e-02
5.187068401864967232e-02
1.395617051866900604e-01
5.282772464659414580e-02
8.708298512869025454e-02
2.537065840524810323e-02
7.078139603373843729e-03
6.634601963744093944e-02
3.560853089111221115e-02
4.029043826494516090e-02
3.042663902860786793e-02
1.706951169312082017e-01
1.432507357880406784e-01
2.060657236359495770e-01
1.357107261164449130e-01
1.262479393383068582e-01
3.009556423325240523e-02
8.544277384679634102e-02
2.985149707153289880e-02
6.530037719464265589e-02
8.874272449698364373e-02
9.617169887113793947e-02
1.297459985880638489e-01
1.418723488881131964e-02
9.184851285367985618e-02
1.201934133519387896e-02
7.459117047683987145e-02
4.806931190643257135e-02
9.578019645196424181e-02
7.468838750326266263e-02
2.005373930763794943e-01
1.733308181088464295e-01
2.015930712580906170e-01
9.616499271209784372e-02
7.785706322971300275e-02
5.168067200407341910e-02
4.093842338469459718e-02
1.121303838635518690e-01
1.272904688599243161e-01
6.092345319436557466e-02
3.505944143656701539e-02
7.904035888359843554e-02
1.009825694742867846e-01
8.664946555397230743e-02
6.885350822109941038e-02
2.214656963987008537e-02
9.564173362548369917e-02
1.628622504702102458e-01
2.125938783494898954e-01
1.595907104438122337e-01
1.606007002243734216e-01
7.830652770147354669e-02
6.790042997848239059e-02
6.415919918852765191e-02
1.741663033584132381e-01
1.836709398624379874e-01
7.491787344504736712e-01
1.635681501499969270e+00
3.792709701363161470e-13
5.798828817447483353e-01
1.558505985691137186e+00
2.793139598144053881e+00
4.181277477520047858e-01
8.771429613344257081e-01
4.792996856578828901e-01
1.927107752413937947e-01
2.591225578782743177e-01
3.183506030212806537e-01
3.706085783665681310e-01
3.272003134358078547e-01
1.345054593974813473e-01
1.089012330354285213e-01
9.568103410042531898e-02
1.298945590542848194e-01
1.879379155250963662e-01
1.271454214932770388e-01
8.478346425147748056e-02
4.798034796599173757e-02
9.440500393343327634e-02
1.151259399099384406e-01
8.314496093887499550e-02
3.244912896773263777e-02
7.529933729628073176e-03
1.040079980406056204e-01
2.424731558869344938e-01
2.480449149136769726e-01
1.907478147968044990e-01
1.094328664615373953e-01
3.203496926318452620e-02
2.877479153616796514e-02
4.007390240860642799e-02
9.903356681708888609e-02
7.806003842219901012e-02
2.306987012469105536e-02
9.008620716625267977e-02
7.351299010246366283e-02
1.470502460133582545e-01
9.075451637240582181e-02
3.132732346482950542e-02
6.444194808750261516e-02
9.385281742854298392e-02
1.008093818091298499e-01
1.949489854882560935e-01
1.408575053972583591e-01
1.442257345928283918e-01
8.275155183019046456e-02
9.653072623749675563e-02
9.503585829053647072e-02
1.208008971643471652e-01
2.560583616567919593e-02
5.852908832901045078e-02
6.354137822558356130e-02
7.965280445971521794e-02
9.718915106649218816e-02
1.157297375156814273e-01
8.302304636568595686e-02
6.752916221559086829e-02
8.075535213356975495e-02
1.263758614338810482e-01
1.044347251333325455e-01
1.345437936116909428e-01
9.551752454822137750e-02
1.732931065446502994e-01
1.246716723767102575e-01
1.135474008997345990e-01
8.124049611557974948e-02
5.547605222794135121e-02
6.076338741569246166e-02
4.209955427867562161e-02
9.822347892232095867e-02
1.099082408114445131e-01
1.167424187046736533e-01
6.189126811555503010e-02
1.149714554168895508e-01
6.746378865879062992e-02
9.133260111437731255e-02
2.310912644624167275e-02
5.264652460304369841e-02
3.066129236934292401e-02
9.480327545525467359e-02
1.179349007148250694e-01
1.936376100003608380e-01
9.258005970938175400e-02
7.026548229747929530e-02
1.405355896847994626e-02
1.815037334244522932e-02
7.632845084492562160e-02
3.869813095603558128e-02
1.024651347509333565e-01
1.030824978360663224e-01
1.085115873447757701e-01
7.567385417186767160e-02
9.361996338361716630e-02
5.793520947927267156e-02
6.489415482602438334e-02
3.410505943323392103e-02
6.683914206244020995e-02
1.424031215561844255e-01
1.483731243744035311e-01
1.652370946940568130e-01
8.621095644135283453e-02
7.167709922930792787e-02
2.816809013486037613e-02
5.049908227396344984e-02
4.484749639031321983e-02
6.247971410516766494e-02
5.736118426927931668e-02
1.164502919558100535e-01
9.949948662251387188e-02
1.473327462791508280e-01
1.386295750629975010e-01
9.822475846861924986e-03
5.994412527817163938e-02
6.882208719074274506e-02
1.294545076415160867e-01
1.006875800221675998e-01
1.317511868050484924e-01
7.757072773709244862e-02
1.257150794329806587e-01
1.192059101215021538e-01
1.180188002459872376e-01
2.794131494106551900e-02
1.662782693332803818e-02
3.451830540249258700e-02
2.871435468522697335e-02
1.704311333086684088e-01
6.907245627835728596e-02
1.528393442991788365e-01
3.798319245903857000e-02
1.894854796505368935e-02
4.546694956302971269e-02
5.938436106153329591e-02
7.876209052105911934e-02
6.750935149029055338e-02
1.075983418470847081e-01
1.366321214423396879e-01
1.694212411489252057e-01
9.152686141700787370e-02
9.909024800464980021e-02
3.591101897530375731e-02
2.730131594424378347e-02
1.907759354829926049e-02
9.387163689213125217e-02
1.418410711397817270e-01
1.299914106606276376e-01
1.295063575788610311e-01
6.699843698805861558e-02
5.986335214571873731e-02
3.877000137648794337e-02
6.252735070176523857e-02
2.353994153528236877e-03
6.911056156497748237e-02
6.953389416948471680e-02
2.071737305255147155e-01
1.030228445787132741e-01
9.997314794217534994e-02
4.608614738165991986e-02
3.834901246156764698e-02
6.051878705313433471e-02
3.166856332402931407e-02
7.850795041877246805e-02
1.359222355375067637e-01
1.105477321137094543e-01
1.082605609598787100e-01
1.718031508846365463e-01
8.934539925164479424e-02
5.348303399495025340e-02
2.720833127775548407e-02
2.813667342274904157e-02
1.004864415141067252e-01
1.300166701389880164e-01
1.261840694727035805e-01
1.076863092308534692e-01
8.978001606909830068e-02
6.760090512675624719e-02
5.093907006855468572e-02
2.222632142570678607e-02
7.335413415734304277e-02
3.979284921753723642e-02
1.110086255992529247e-01
1.211406980785613430e-01
1.726266047927774716e-01
1.057769636623626941e-01
6.613700848196982229e-02
6.691566823893133065e-02
4.161042383199146932e-02
7.654434870920863443e-02
6.628625626266516913e-02
7.700020072774572955e-02
8.858749805557371293e-02
1.178213195787111839e-01
1.290665715932579061e-01
1.073432677144550151e-01
5.195694419772250994e-02
3.765563228994924655e-02
2.385809532487933801e-02
1.577498953679351903e-02
1.102740571364455024e-01
9.452602919740780985e-02
1.763534995942947770e-01
1.042660667392813212e-01
5.178846950348733880e-02
6.235041107102658187e-02
6.546216987625791406e-02
4.384020672249366174e-02
8.115612332970448262e-02
3.388341886676445730e-02
1.211344681766027692e-01
1.759476057047708875e-01
1.271220340519255976e-01
1.519205128740177546e-01
2.889432722609511922e-02
4.461715034481544134e-02
2.727152978796134122e-02
3.524955899162211109e-02
7.175071708360107603e-02
1.139854113225286514e-01
8.584022029884125216e-02
1.148355847821121156e-01
6.387494140985228164e-02
3.836157017939559322e-02
6.762029560094318104e-02
3.294913177284745226e-02
5.150522574860991881e-02
3.751153342336339958e-02
1.823374358004420659e-01
1.625064527815195670e-01
1.362765994076452214e-01
8.128341986430819011e-02
7.658695111250139742e-02
6.681075025188515371e-02
4.999965137470562676e-02
1.459196455828512019e-02
4.090155811455840201e-02
1.184889960996113739e-01
6.685401415339149722e-02
1.152400152972167385e-01
8.257278376364576844e-02
1.053722814880226899e-01
1.234694639189955027e-02
3.701136646684579506e-02
4.330818077676713840e-02
8.188224255112790118e-02
1.164607849789428273e-01
1.479430018313221684e-01
1.441038887243161759e-01
1.196086183895452015e-01
1.290597262879689677e-01
3.306505308080892602e-02
8.992454784830905545e-02
5.392109157546323694e-02
6.248327234433742605e-02
3.556926849111706479e-02
1.270162972209707142e-01
