1.332532344424754711e-01
9.958349472146123260e-02
1.074134874539834222e-01
1.136561913132397850e-01
1.008653942674229559e-01
8.909558438334415353e-02
8.501700678056582638e-02
9.659346926701464775e-02
1.145381499382622376e-01
8.526732847319520858e-02
1.333705562264259903e-01
1.569447911900236081e-01
1.288452327904883732e-01
1.623889121548818815e-01
6.687364443180560114e-02
9.756264018828654516e-02
9.112771522525928147e-02
9.490926681472261484e-02
1.003601523577486443e-01
9.410451899091847039e-02
7.442018648917939072e-02
1.080905519123843417e-01
9.701934652021064476e-02
8.645048558434779984e-02
7.835386650508252560e-02
1.225404976711275962e-01
9.793415895907486846e-02
9.038320231544415273e-02
9.763561698309167203e-02
1.209028749221222193e-01
1.133036885629610524e-01
7.888762402847150634e-02
8.333124643113364038e-02
8.854136022433378717e-02
1.273031279336447885e-01
1.219571290702846644e-01
8.594922397108795131e-02
7.447638621776737911e-02
9.447145912458571049e-02
1.402643725071760772e-01
1.115973372558387577e-01
1.072311312448517850e-01
1.170966994300306763e-01
1.185553853351069969e-01
9.599334745939917812e-02
1.015216055065910755e-01
9.725811557147387432e-02
9.885606374816427455e-02
6.566331045628204244e-02
9.826884588625414696e-02
1.123002654555776553e-01
1.132412128843432453e-01
8.125659090449152688e-02
1.363860317154718116e-01
1.260625360747350820e-01
9.288504629299053350e-02
9.340793457010894418e-02
1.033870747782411059e-01
1.918768643272388830e-01
1.955520767771305735e-01
2.266591654897032182e-01
2.286135692279089859e-01
2.543118355691597055e-01
1.517294548660315379e-01
9.472109222220670421e-02
8.442364441485969428e-02
1.172638914508542796e-01
1.079062547639870334e-01
1.632427685579945498e-01
7.636389627625154997e-02
1.074686167912890650e-01
1.043661452557948510e-01
1.105348525919678387e-01
1.085114582319004900e-01
1.141376238402097426e-01
1.009610949140935937e-01
1.032944054256348526e-01
9.623146378965029279e-02
1.200629822994584567e-01
1.360040782321101094e-01
1.057550136377897326e-01
5.255953880592326849e-02
1.325206431232227589e-01
1.308779665444816942e-01
5.516842802807447183e-02
1.533175812678708450e-01
1.290936719265884103e-01
7.370753577812573509e-02
1.385187624541907581e-01
1.548392750896324666e-01
9.082731929537109228e-02
9.406863429831276158e-02
1.180039049585207556e-01
1.307168630791421537e-01
1.167507035080174171e-01
5.788475865453771713e-02
9.700877980976942150e-02
1.164785209237569619e-01
1.103183883895407225e-01
1.570818658627800291e-01
1.203941723165745520e-01
1.198364259132241871e-01
1.577033178519416101e-01
9.270918775817305058e-02
9.759318266484451332e-02
1.913611483982808892e-01
9.531540786377093455e-02
1.157560259389961432e-01
2.579365670780296438e-01
3.691118473731566652e-02
2.527825014621040145e-01
2.894836659837475845e-01
4.587643116790070252e-02
1.991395344696020586e-01
3.011856285742154915e-01
6.309913217301491017e-02
2.561035536579721050e-01
2.308112912580403131e-01
6.213940395086355734e-02
2.004186109369840429e-01
1.609112690044894600e-01
1.301778076881277557e-01
1.164380163894389170e-01
1.676470034399925868e-01
2.363726844612291933e-01
8.647537407428464162e-02
1.641441280259637592e-01
1.890428594574755372e-01
9.828131066226987456e-02
1.729364192338513073e-01
1.707399784327973125e-01
1.841667834518466718e-01
2.136612617599375485e-01
3.419992422285854650e-01
1.638758237895014125e-01
2.509134460164396674e-01
1.361459362519183702e-01
1.359359359984160798e-01
2.679787225474256629e-01
2.317717336190423527e-01
1.237974250789126568e-01
2.389746319813137732e-01
1.829475588800652530e-01
1.523433192380825862e-01
2.136134164417775316e-01
1.296908970029441999e-01
1.225271002771892020e-01
2.254427157743614241e-01
1.984217552030755338e-01
1.813835986889546781e-01
2.468139822816213247e-01
9.510582826727592698e-02
2.776036818964588981e-01
1.270719739924796310e-01
2.092264383598917421e-01
2.206501967361132466e-01
2.221888726133791903e-01
2.118935562496936653e-01
2.219298537574729280e-01
2.145085133984351577e-01
1.412521193287246679e-01
2.407760263462245254e-01
1.320328140058018851e-01
2.520104135526516353e-01
3.806958656363358395e-01
2.764165106135565986e-01
1.107073728441725496e-01
5.111724677582359933e-01
7.889030465904971479e-01
4.096147246873448333e-01
4.986335992794736494e-01
5.493964523578308556e-01
3.404713498543743833e-01
1.042957263328645745e-01
1.581234514992373719e-01
2.488270359744501059e-01
6.418249953085315429e-01
4.570672841781390217e-01
9.539848535860708800e-01
1.332773300312100728e+00
1.043928285178252757e+00
1.252055428343584298e+00
1.568678161829305306e+00
1.170835105442006085e+00
1.340212352330505841e+00
1.383819747933473954e+00
9.632230721943821905e-01
1.425801550995676958e+00
1.171164531494581329e+00
7.526811629775143064e-01
1.421438726233463568e+00
9.233987016320729380e-01
4.467747284333237201e-01
4.452496800087545892e-01
1.144707556600233489e-01
6.281110252956277895e-01
2.842016087539462887e-01
8.110081568641748229e-01
4.530878439820456571e-01
5.513550878032371511e-02
4.537817812785301386e-01
6.475429548012808789e-01
9.593775750717487005e-01
5.372863698065960536e-01
6.908448330389120873e-01
8.742547924224815248e-02
9.776660637535781184e-01
6.550569995282510272e-01
9.516362159519632380e-01
7.423979124211357306e-01
6.564875557108903470e-01
1.069651262596593044e+00
5.482933540967376285e-01
1.182108711167359827e+00
3.145661908217997071e-01
1.303339266112206518e+00
5.031054485183075187e-01
1.456816686577592446e+00
5.355017526501486547e-01
1.480325462430463590e+00
5.260914145597207492e-01
1.408527590501206905e+00
5.013637851300321024e-01
1.584908333235712785e+00
8.027634557790914727e-01
2.009790096618960131e+00
7.963670165311664828e-01
1.816540007396480805e+00
8.888517970291024417e-01
1.224340006216414700e+00
1.175832591743204647e+00
8.162890079934577159e-01
2.019143993580813756e+00
8.192151306892015983e-01
1.810141176264273621e+00
2.550479963382393578e+00
1.237886835764540949e+00
2.411498487149558834e+00
3.196069570736877363e+00
1.428857016176967365e+00
2.899323740978528186e+00
3.524959233242494161e+00
1.272016196187943482e+00
3.218997505822921212e+00
3.645675961288684430e+00
7.362682590493948576e-01
3.629709459055578069e+00
3.442080150151445306e+00
9.705975502176342751e-01
5.416760384626993385e+00
5.585085328046846875e+00
2.225254336807536593e+00
5.682060009068465867e+00
5.602681250800186419e+00
1.162851971643175908e+01
2.571965055376455211e+01
5.036253593209796183e-14
2.321711724793707177e+01
1.232723684254801633e+01
2.311674845964357239e+00
7.313882848975663542e+00
7.334391791466261523e+00
4.843255900421373106e+00
3.235596813031979213e+00
1.081595582926679677e+00
1.983713872462732786e+00
3.173911940615385952e+00
1.705686100166661445e+00
1.228104590370028282e+00
1.813635613924197143e+00
1.083646517048024505e+00
2.335431859844255609e+00
1.248869102647398144e+00
2.391176871893871070e+00
3.805328367965548075e+00
2.673589986269039098e+00
5.147164586172866763e+00
6.319508979149991212e+00
6.721606011180126572e+00
1.038465646173799506e+01
1.137130337771479383e+01
1.506895006335011544e+01
1.856623501772757123e+01
2.104336734915390750e+01
2.545418585714196880e+01
2.659636328851871667e+01
2.903867735458086585e+01
2.809265207825508881e+01
2.765113963691646859e+01
2.479495713132219592e+01
2.205966588239554937e+01
1.953579585290097853e+01
1.717707847662700260e+01
1.589240067368823084e+01
1.409963329984028846e+01
1.244305548259403160e+01
1.015756877675209324e+01
9.693209552694575848e+00
9.388320007551609336e+00
9.533878619926031917e+00
9.410033050901429164e+00
7.121386391220992707e+00
7.978879868604035863e+00
7.470611927125907492e+00
7.422265147828459142e+00
7.421942976195643027e+00
5.827388789794379242e+00
3.635938071812093053e+00
4.997944504317848313e+00
9.369839041037643312e+00
7.718005829578894250e+00
7.397283837120989247e+00
1.178874851099416787e+01
9.790352937661566557e+00
5.796168837901892523e+00
7.751131976119726374e+00
7.608916709917386889e+00
2.879739330790433538e+00
2.568940445306084452e+00
1.025924926576821550e+00
4.690265597502214945e+00
8.424527651232597947e+00
8.464762575776031639e+00
7.447732916215974441e+00
7.906517103255009893e+00
9.350662916333439156e+00
8.765487446468975818e+00
8.386028039673520951e+00
1.007367544790827019e+01
9.799223384746966303e+00
9.553557541454093638e+00
9.700918752650620647e+00
9.105617458577677681e+00
7.730885966382039953e+00
5.862664357516563562e+00
3.830296897622014196e+00
3.745135382569331206e+00
2.952793890767512863e+00
1.003924463285991164e+00
9.793749595657896823e-01
1.837681742516511285e+00
2.953636180732350347e+00
4.162135142527166209e+00
4.438698991652970882e+00
3.962987837817621539e+00
3.147994618526980926e+00
2.306215205232589049e+00
1.482605714787641915e+00
1.237188004290378007e+00
1.272466709584823219e+00
6.647889389713134145e-01
5.946262148836503059e-01
2.562073634906995023e-01
3.001795343797574733e-01
3.626990184436013620e-01
7.237487866572490935e-02
3.634107482704264647e-01
6.687711125146884872e-02
3.512257398785272877e-01
7.610401580778131114e-02
3.418202521712916386e-01
3.416405623739851016e-01
2.440739135461540144e-01
3.481855739120912618e-01
7.896093479975579976e-02
2.482009011915934649e-01
4.724147213528149813e-01
2.154800811325165155e-01
4.159179148533565518e-01
5.745501718030401328e-01
2.409772201676685099e-01
4.516629231508362818e-01
3.800785474093368310e-01
6.428798851346223531e-02
3.271930765751409065e-01
2.025793220745699535e-02
3.514292416903344041e-01
2.502770534367505517e-01
3.157272754747319499e-01
4.274232998311071619e-01
1.363716414760252349e-01
3.574421196783472698e-01
2.454665043287131698e-01
2.502763701535253293e-01
2.587150209875895834e-01
6.464653752967432221e-02
3.384165660520813135e-01
1.796674258815628145e-01
1.827067610536796116e-01
2.631968912402085636e-01
1.542771508505150768e-01
1.515127574596808746e-01
8.603348752850741021e-02
3.182772087195894772e-01
3.638946013663739709e-01
2.209832381021373804e-01
5.275302659120407744e-01
6.194870241268137789e-01
3.363140577492897410e-01
6.093243369477150395e-01
4.714344335128318186e-01
3.114327869594725184e-01
5.047516975144707985e-01
3.438024446836360215e-01
2.516567184636651078e-01
4.051036929572612855e-01
1.442652635931281624e-01
2.363242029074195116e-01
2.828101199424750689e-01
9.684281493104170135e-02
2.040108506446014769e-01
2.274221456665401764e-01
6.190189978770994916e-02
1.927119976400261114e-01
1.623015156600829123e-01
8.431917840460959046e-02
2.237608839504648395e-01
1.548407377760516734e-01
8.001506780878515912e-02
1.615809871923033492e-01
1.036512766981735473e-01
1.924396617586004443e-01
1.461680798455572416e-01
3.938207318328659085e-02
2.143927865198865801e-01
2.171387095016802382e-01
8.240092118055478143e-02
1.708235275165468081e-01
7.635194374166788533e-02
4.951091862360950530e-02
2.046666169506624611e-01
1.437759443388101077e-01
6.248719853607739155e-02
1.279766273014804057e-01
1.634489585275949730e-01
1.025420709415534315e-01
1.219646021288756654e-01
1.327601016193985239e-01
1.110884380875623717e-01
8.240873883715178760e-02
1.259235594785983459e-01
1.006755373284591304e-01
1.097937267114939414e-01
1.125637917800101778e-01
8.411982792543537535e-02
1.066157266611930388e-01
1.044417274210566043e-01
1.223839304412885493e-01
1.105543118990666152e-01
8.131056008708051341e-02
1.441861421246126707e-01
1.230843396496340003e-01
1.293810783504266149e-01
1.262058434006772534e-01
5.448768219849920574e-02
1.344950888242716081e-01
1.020825362881557508e-01
8.861268511371542256e-02
4.947223639430468195e-02
9.114278163129294064e-02
9.995546448455049082e-02
7.721068376309025982e-02
6.860307366523250849e-02
1.137475607915609116e-01
9.544813246950248353e-02
9.321571772676531809e-02
1.254947013904825215e-01
8.834024510005833442e-02
7.226220377733175160e-02
1.040017020140046322e-01
8.696565183644176800e-02
9.539259638874444946e-02
1.154211413055639679e-01
9.625020529292988014e-02
6.016408895710560062e-02
6.615845721511218192e-02
4.930522614026085909e-02
1.312353898514937445e-01
9.112938788598339002e-02
8.617460938580975838e-02
1.023329118603232835e-01
1.218958239780851688e-01
1.085431685458854989e-01
1.003446511561405657e-01
9.763827116817325180e-02
1.106794473767503811e-01
1.552373102796228699e-01
7.991388269908650255e-02
1.277323211269592307e-01
1.337258494913917961e-01
8.769761958876010066e-02
1.018621490926682194e-01
9.403257281055654726e-02
8.287124338506370036e-02
9.177659145036390353e-02
1.126144698684555384e-01
1.059890814501089212e-01
1.110925111649110203e-01
1.067606923348025094e-01
7.550525649292094688e-02
6.265496055267429087e-02
1.054409663366956407e-01
6.995890792230231858e-02
8.094879315083827742e-02
1.050645951544589146e-01
9.210338558317562874e-02
7.436610446807885577e-02
1.258980325868260530e-01
8.417292438501561280e-02
8.559261416984571824e-02
8.792699911121706902e-02
1.021321942219647894e-01
