2.991158890114072322e-01
3.592335384436430856e-01
3.177129584919684002e-01
3.723978917017941592e-01
2.641492422026548992e-01
3.582212527589908602e-01
3.426631294416765394e-01
3.632943393465644100e-01
3.484515753028273322e-01
2.507254529485086758e-01
2.616029535698264907e-01
2.371653275923405746e-01
2.812456000631107234e-01
3.402738130145730455e-01
3.059679799157011826e-01
3.032078170973087072e-01
2.346628367410893978e-01
2.395919759419093964e-01
3.149178692291194070e-01
2.895888991660629519e-01
3.475579455121402539e-01
2.492039305472158184e-01
2.473642177908100537e-01
2.721075025797437541e-01
2.457432960632747465e-01
2.840389047863476901e-01
2.488460286617608930e-01
3.022652142415872545e-01
2.223114767913739465e-01
2.262787815928054558e-01
3.059953261078934839e-01
2.491099208714342150e-01
3.349697526783986246e-01
2.772605027971754565e-01
3.139905843256536322e-01
4.123588859741074697e-01
3.438392171864026459e-01
3.172976138633245569e-01
2.182850276022422764e-01
2.559049012079241403e-01
3.426547802387446828e-01
3.447183291356261670e-01
3.684769394060511960e-01
2.940949990119234858e-01
2.651516191838834136e-01
2.792562645542689403e-01
2.957115611459396609e-01
3.948349668863830320e-01
3.824087275886465798e-01
3.761198298530786799e-01
3.360316244898127747e-01
2.768533427634879973e-01
3.181954769396986848e-01
3.188674504513663854e-01
2.842258894494781307e-01
2.655807975211610938e-01
2.712011819026722836e-01
3.184874462001477391e-01
2.805937414916127026e-01
2.895947883218001895e-01
2.240274219614837581e-01
2.283907119242981898e-01
3.342884045112034519e-01
3.010096909547541610e-01
3.461544613865288889e-01
3.206796028120376119e-01
3.079199281702973967e-01
3.024347557722893431e-01
2.583872483239383344e-01
3.085740671086780185e-01
3.060533494245365471e-01
3.184818835473662846e-01
2.582546203709398247e-01
2.325884165823635941e-01
3.636225475597441581e-01
3.291911181043115642e-01
3.734907491496934351e-01
3.679683984326694857e-01
2.850980393171106964e-01
3.706271365883080926e-01
4.045786263859843523e-01
3.993730353597454430e-01
4.334199908466613294e-01
3.941345078288711057e-01
3.761188122830927405e-01
3.057550527812483154e-01
3.367079803812484950e-01
3.177826737027172332e-01
3.072997484799523393e-01
3.553154704225355287e-01
3.553049765304900909e-01
3.910944803852704488e-01
3.997170505508210181e-01
3.300007667598212069e-01
3.341616864834217604e-01
2.989565298418988548e-01
3.304346493544245700e-01
3.541881413350171370e-01
3.938918808093949675e-01
3.461575576889412975e-01
2.881316685241326336e-01
3.052278164202538724e-01
2.656658983672230967e-01
3.116011898627681909e-01
3.758943861814807441e-01
3.437888779095636393e-01
3.810552792658448151e-01
3.137368133310520779e-01
3.681284529185031018e-01
4.335174365288405052e-01
4.019729424127605477e-01
3.786383939727693271e-01
2.606701991196300749e-01
3.641430895693742453e-01
4.049773829404386682e-01
3.625263892135175414e-01
3.951072170388050253e-01
3.995868505309848051e-01
4.226531839351537756e-01
3.789432670930801272e-01
3.959199847571956421e-01
4.602166910806441691e-01
3.731469620177661484e-01
4.549448421163729828e-01
4.714250939146747421e-01
5.004022293699958990e-01
4.911066594811776542e-01
4.090726675466322959e-01
3.863237086419315514e-01
3.235220200746391495e-01
4.197328970055700381e-01
5.006019543486867063e-01
4.835463856798526971e-01
5.165552459039929323e-01
4.056902307660213425e-01
3.554120086185313943e-01
3.913853082319552756e-01
4.200534527062504964e-01
4.597885412615176914e-01
5.102288306875957247e-01
4.886965274130863346e-01
4.198032292012511824e-01
4.221800582416929681e-01
4.410496621835957587e-01
3.206041966882088867e-01
3.279649372685865538e-01
4.497875596923289199e-01
3.867382406981808018e-01
5.007406696961556047e-01
5.156267847083481071e-01
4.571825100068767078e-01
4.605113098887675949e-01
4.740365830844268658e-01
4.588077461186235162e-01
4.909148647361690765e-01
5.578146496092987183e-01
4.787264703048708103e-01
5.213587274534514648e-01
5.279825368648806139e-01
5.299707202121037852e-01
5.771648932463716575e-01
4.962283945823456333e-01
4.620190766581330766e-01
4.917389323640067311e-01
5.314254943375743556e-01
6.807228048257958353e-01
6.506634054906149656e-01
6.952041436281960474e-01
6.331249975224307880e-01
5.423806735779930221e-01
5.596352033558904537e-01
5.284513267701718142e-01
5.951036192028953398e-01
6.318329941609519551e-01
5.981410417894555964e-01
6.215046083527868692e-01
5.533325471368816251e-01
6.144634889875867367e-01
5.530981670603141165e-01
5.231841885043654328e-01
5.775905622152475161e-01
6.023004997600549526e-01
7.444893067615269144e-01
6.991854311046512560e-01
6.711828834059279103e-01
6.126575924959728470e-01
5.666231771446452736e-01
6.373348170789784328e-01
6.689841322697287485e-01
6.732057558746104009e-01
7.186369850609293231e-01
6.468000767240743576e-01
7.148356418310901628e-01
7.220504997992329699e-01
7.640816907163993088e-01
7.717036170593760680e-01
7.771260483445265876e-01
7.915307871763667125e-01
8.297001761335442982e-01
9.189159709562279010e-01
9.377399169914911736e-01
8.166848844394997142e-01
8.848388082297926616e-01
7.644886661492164004e-01
8.261474226473325411e-01
9.059607268091389720e-01
9.012971986514420886e-01
1.000164147084607880e+00
9.825877877630191382e-01
1.016069249571114552e+00
9.648165586308559138e-01
1.039160099127147019e+00
1.058835659906398385e+00
1.012161919835006252e+00
1.110748182851371224e+00
1.138639811301130012e+00
1.269962547933277897e+00
1.233273742469791712e+00
1.113064900517608757e+00
1.150972905520138756e+00
1.164909962372949526e+00
1.226213743810439460e+00
1.323948311530377397e+00
1.337638139926471181e+00
1.437421987296268133e+00
1.437977514598494988e+00
1.425418363251977238e+00
1.530205698516914570e+00
1.603971144179057617e+00
1.666091895361669240e+00
1.649916639470750068e+00
1.760615582386522160e+00
1.779001602610328137e+00
1.925447888536081731e+00
2.108563360488315830e+00
1.998691918726871020e+00
2.242239775041508398e+00
2.362415477305599421e+00
2.353546125646990728e+00
2.666768337992944549e+00
2.899010302607287759e+00
2.909106899537982738e+00
3.185753985845483971e+00
3.601356421698494792e+00
3.701072366996276397e+00
3.995307751966361121e+00
4.895273778931230169e+00
4.651599501872069276e+00
5.623983643220184625e+00
7.078839127942476495e+00
8.602117604072686774e+00
8.542191203406463984e+00
1.034569734008158548e+01
1.536778635252282754e+01
1.967513040038332406e+01
3.914459748189096899e+01
2.658740996335476805e-13
5.208047119404286462e+01
2.135805935005474154e+01
1.579292072748864229e+01
1.013069719556480663e+01
9.286822946459118100e+00
8.830188400029237883e+00
6.443783037954404769e+00
5.301939590735392116e+00
4.623859416237783293e+00
4.526161529994409349e+00
3.570031633167430662e+00
3.743780703230592088e+00
3.528746392379129126e+00
3.096741942476994858e+00
3.040957832771091329e+00
2.890827171017436470e+00
2.517629211625163510e+00
2.459389741484277359e+00
2.366336652944566410e+00
2.192610517644635326e+00
2.089920033494352847e+00
2.050470764907686760e+00
1.904430691660019770e+00
1.867657278448604963e+00
1.892332626876472634e+00
1.701041808353868090e+00
1.570100609008214132e+00
1.547403924349170401e+00
1.408496739261223318e+00
1.438619638192550676e+00
1.502169618393345729e+00
1.357089224690279039e+00
1.355098193396697237e+00
1.235504743191784716e+00
1.170451307999010204e+00
1.190088387237117074e+00
1.205409906548912558e+00
1.179847549067139179e+00
1.191068715869159744e+00
1.199190817074607507e+00
1.103540330885709908e+00
1.037541776086349898e+00
1.021541843052312437e+00
9.279161667235519273e-01
9.458466228556483557e-01
8.891789902610227614e-01
9.523844320208660896e-01
1.045391168612382904e+00
9.743250957206277540e-01
9.362342356330339843e-01
8.528258390451857185e-01
8.494154592235827472e-01
8.513550679169012980e-01
8.668850144553716941e-01
7.711770909556512343e-01
8.745763265949423326e-01
8.248168614993662828e-01
8.052698049178160788e-01
7.879211787306148462e-01
8.105234836171733015e-01
6.827559813676729039e-01
6.675966902462637798e-01
6.998504124704375551e-01
6.442017407151086061e-01
7.913335382308623878e-01
8.005464280044961578e-01
6.936356604226736611e-01
6.719858613035254447e-01
6.270890178615163846e-01
6.160890629154426312e-01
5.665586757896463599e-01
6.250932208299616599e-01
5.876490631493217487e-01
6.457769881458123029e-01
6.635889581027460959e-01
5.252148001350764872e-01
5.621703580543117029e-01
4.759707204046200180e-01
4.968106561066498172e-01
5.789139043060524958e-01
6.280526362123073358e-01
7.171602709836162326e-01
6.129810534722734960e-01
5.304605077201023366e-01
4.913354969582124920e-01
4.873785609410772324e-01
5.346974881166244309e-01
5.609467891617510027e-01
5.733579793506159428e-01
5.447260131397092531e-01
5.122615985903370417e-01
5.279598416551796181e-01
4.875982287127955672e-01
5.792828688833767670e-01
5.441610596084807128e-01
4.518118995086281564e-01
5.309595444337548154e-01
5.736134222144363415e-01
5.711726895759592360e-01
5.417149796454716615e-01
5.338071815796171515e-01
4.797226815225160146e-01
4.073316142379369564e-01
4.567703428559600765e-01
4.121897393140304122e-01
3.967275218338662257e-01
4.991180026638066258e-01
4.278070740922900739e-01
4.626023343383934838e-01
4.952466099312652359e-01
4.510303356031412636e-01
3.765694895241319395e-01
3.787087899836739102e-01
3.716799060527271048e-01
4.000742390499732459e-01
5.079819689895463952e-01
4.553055763878761653e-01
3.425202219550240734e-01
3.278291612343465222e-01
2.612081261610334493e-01
3.273819060648402446e-01
4.338571620420241248e-01
4.215081212322743798e-01
4.272055184865493627e-01
4.250091495951600074e-01
4.253361614983640626e-01
3.811855942978176204e-01
4.228414076736846106e-01
3.917090658518099788e-01
3.468012683568483800e-01
4.758980692653174693e-01
4.562045995412912780e-01
4.211590266666505045e-01
4.480783959677511752e-01
3.225990245086049479e-01
3.725344228124503609e-01
3.181732835524102021e-01
4.636926851688259466e-01
4.500003916129592385e-01
3.804876140646074600e-01
4.577444270607630705e-01
3.765647307537067223e-01
4.329072979716283576e-01
3.907434507702932103e-01
3.810546893714498173e-01
3.649073999582371219e-01
3.176152263162452249e-01
2.874483736350248453e-01
3.113313739056599028e-01
3.677611652403654507e-01
3.896820511392993791e-01
3.078633214382430205e-01
2.474960705790297255e-01
2.803123824785402896e-01
3.001628279425300749e-01
3.877210298818826728e-01
3.499023997849728951e-01
3.792114641522088547e-01
3.437351597941407655e-01
3.037084144746880487e-01
3.003507716566429786e-01
2.406018454614556601e-01
3.249137751582851230e-01
2.981285294510983008e-01
3.451966284628720238e-01
3.790117616642229015e-01
3.730121162133163693e-01
3.643829418778903317e-01
2.779629484206481704e-01
3.114743238226329036e-01
3.736311224252583663e-01
3.837041005414004169e-01
4.620594366232004258e-01
3.671402000765621176e-01
3.472262579399932325e-01
3.157797411886574257e-01
2.777176616500020567e-01
3.546871832988930939e-01
3.216278747888134393e-01
3.468356190804738337e-01
2.790973687288710869e-01
3.339705090329138648e-01
3.622225810107899679e-01
3.603350413244319483e-01
4.389823182054136685e-01
3.176029169520264706e-01
2.669927365326125734e-01
3.310811769115083458e-01
2.839250492039344098e-01
3.251187550397174886e-01
3.029892125540434300e-01
3.085990747467334261e-01
2.724613476819312541e-01
2.546655120994864019e-01
2.717510212824134630e-01
2.278000340068379870e-01
2.810155693968037216e-01
2.969385565511765690e-01
2.942242409598790909e-01
3.857852372299070409e-01
3.560040605498560051e-01
3.390637646162338870e-01
2.443394937314506965e-01
2.252262443252563973e-01
2.769157700902173946e-01
3.352265218538130753e-01
3.779730594566990121e-01
3.302369506843368385e-01
2.483090676146740283e-01
2.458801728425242805e-01
2.411239507787373004e-01
3.450568460905912294e-01
3.516778790114062914e-01
3.663516310597034753e-01
3.836026222415719333e-01
2.928928011139350085e-01
3.755377675210161414e-01
3.276573999325080866e-01
3.507797699497477439e-01
3.252732718754935970e-01
2.465404930015402118e-01
3.266069732219717969e-01
2.922169460868541124e-01
3.293822235859182879e-01
2.970702965099158432e-01
2.408855939126256507e-01
2.726767660164828300e-01
2.698895530841501911e-01
3.348294780363356149e-01
2.993423682587977308e-01
2.366028857460485968e-01
3.229604993949696246e-01
2.748891366275940662e-01
2.903535396749727937e-01
3.377389121202623024e-01
2.746139814096827947e-01
2.346187312837074990e-01
1.801623083320447460e-01
2.212656255220070145e-01
2.604704344168332075e-01
2.979563022453710075e-01
3.150059971767421585e-01
2.053376987440578283e-01
2.446622674437282929e-01
3.135876759404320202e-01
2.636029873020073744e-01
3.485864675844525529e-01
3.027069247169534849e-01
2.920715236055101971e-01
2.713261431391811307e-01
2.841515506164433158e-01
2.977277533155751610e-01
2.480307248746533577e-01
3.109379048388209443e-01
2.388274029974018220e-01
