1.852524499631469090e-01
1.600298648501108645e-01
9.388573586899318091e-02
1.115211167311608853e-01
1.641810804819167080e-01
1.530918710025598595e-01
1.611027729499427408e-01
1.377908718866642235e-01
1.373953997188298581e-01
9.379580655404448630e-02
1.337964175011863432e-01
1.424217047559679650e-01
1.694777784994453973e-01
1.646221405062567311e-01
1.071501865239558732e-01
5.437350059680627623e-02
1.564141073289144479e-01
1.669093267384233192e-01
1.765042633595404753e-01
1.763882306557422730e-01
1.997732189384754942e-01
9.787727788618370839e-02
1.278316763019534397e-01
1.809719918413242312e-01
1.151092794030158240e-01
1.015288457205413275e-01
1.517617255900031159e-01
1.190656746652852677e-01
1.581441935670614418e-01
1.626873617608894096e-01
1.214636649209641234e-01
8.583866430171258055e-02
1.566732778120728531e-01
5.922773619223935249e-02
1.282868875609654014e-01
2.103875251636596888e-01
1.895610495593588463e-01
1.439046570366854516e-01
1.484012786699642761e-01
8.930249851400703931e-02
1.670333536486930670e-01
1.760846836122632875e-01
1.822501631581376347e-01
8.770011878613336032e-02
1.183341403092168231e-01
1.233825368270823619e-01
1.754989287664544817e-01
1.999784351406679317e-01
1.872071209741806574e-01
1.287007112838453871e-01
9.296294150273184953e-02
8.589107910123221223e-02
4.792421631131983661e-02
1.770269331513395217e-01
1.790545557869137328e-01
1.811286493557132393e-01
9.868288599007296602e-02
1.226086062978571783e-01
1.199137733631177177e-01
1.157697509181459666e-01
1.591506453618504457e-01
1.378608173445657337e-01
1.175494032387394278e-01
1.864488684202645352e-01
1.523513130913708158e-01
1.858926279871626897e-01
1.802575251341958784e-01
1.236088920888741838e-01
6.269236367581494662e-02
1.179559335257720359e-01
1.529459901964265456e-01
1.564918478602632390e-01
1.941261323705738839e-01
1.455737776619693002e-01
1.062168487598490335e-01
1.822955707293791583e-01
1.708540221450147722e-01
1.094829971522915391e-01
1.393973084376265714e-01
1.533151542036861603e-01
1.016033037525385790e-01
9.483292888881048044e-02
1.831152091797857706e-01
1.601079945563335105e-01
1.644394339647643200e-01
1.668269383392205485e-01
8.681844823302620195e-02
5.145582835564319057e-02
1.899173738858718208e-01
1.203975282539310326e-01
1.381015353271815571e-01
2.021847992560303897e-01
1.300674446971309406e-01
1.365228263744556192e-01
1.291033825105535049e-01
1.599305378949678613e-01
1.034540545902593589e-01
1.291838696707782175e-01
1.417553715908270173e-01
8.653215246238409042e-02
1.819760864356395058e-01
1.814102249372609443e-01
1.434438855200813323e-01
1.312682074509805841e-01
1.453322007611973776e-01
8.644808200069886706e-02
1.090786205589071162e-01
2.082932081039747252e-01
1.564755025686446199e-01
1.279457360785305198e-01
1.533089886282420489e-01
1.138956270922601710e-01
1.741351670675111429e-01
1.499055509136489051e-01
1.583514277103547641e-01
6.247246194547023679e-02
1.314069011783220442e-01
1.256213795329476912e-01
1.339294235637373265e-01
1.780866780670114502e-01
1.741859483659880248e-01
9.942593942743846447e-02
1.167184843647564030e-01
8.941543103228855038e-02
1.298929758376167753e-01
1.348897773662531274e-01
2.003345223507093376e-01
1.211637417034032993e-01
1.275871336570419123e-01
1.246802936766851222e-01
1.500963366693031931e-01
1.352560469971092749e-01
1.479420909959820729e-01
1.185099838180252441e-01
8.799650657984152413e-02
1.676622260330214165e-01
1.551558951602013126e-01
1.487032128348941273e-01
1.605144141629753496e-01
1.049001540996550297e-01
1.046120310778431012e-01
1.362204624412032550e-01
1.145098139084975569e-01
1.177104039846069011e-01
1.287340271085659071e-01
1.872998021547332137e-01
6.613270511651947459e-02
1.669642224673557884e-01
1.695448119135876675e-01
1.647986246963681345e-01
1.552223519830556731e-01
1.264600886356166964e-01
9.079788960833483358e-02
8.021015401979456061e-02
2.006768144994412750e-01
1.537782453179926956e-01
1.517507715432374615e-01
1.863314674191366149e-01
1.261081467245125098e-01
9.046097821687169860e-02
1.518426558531555115e-01
1.072560916948415294e-01
1.176195128540251100e-01
1.830801967505940597e-01
1.428224808558777870e-01
1.298029643804130273e-01
1.818785721491206486e-01
1.564912385330924083e-01
1.074456662546457580e-01
9.437697499547641200e-02
1.201667975812911321e-01
1.059514525385663597e-01
1.559239212968374089e-01
1.880854598447437298e-01
1.208511342873200417e-01
1.405483666530622788e-01
1.424908658798635652e-01
1.412405673921245108e-01
9.046831565954507881e-02
1.718790810688224369e-01
9.230666039341993423e-02
1.253923433763916573e-01
1.409024796878115826e-01
1.537223073236939630e-01
1.810664673042852169e-01
1.774986847568104376e-01
1.400236672846739139e-01
1.023117531169181610e-01
1.187096210515390243e-01
1.136722352059502950e-01
1.534683682536268912e-01
1.949995902477597298e-01
1.614113380279074694e-01
9.599727446208933257e-02
9.392368255286423495e-02
8.961274148306790088e-02
1.508361995455137494e-01
1.578977145903211476e-01
1.361757599674240371e-01
1.057890871210615952e-01
1.550873681310460384e-01
2.192354647915168986e-01
1.907199355120427764e-01
2.042978299408375886e-01
1.188644414345747941e-01
9.795969009984771547e-02
1.216372935786530496e-01
1.324217276560340772e-01
1.131008504156061634e-01
1.808582955183423158e-01
2.007868162800533485e-01
1.605743093588532511e-01
7.987421484065877764e-02
1.937637218369047676e-01
1.264525949580252440e-01
1.256297653645088164e-01
1.275684476524546196e-01
1.531915567323261507e-01
1.103148921256685844e-01
2.181572979440412341e-01
1.773362935418435204e-01
1.058568313845737324e-01
1.063519293686088635e-01
9.670873174385211102e-02
8.459089024645177757e-02
1.545630346367234675e-01
2.072186740003729710e-01
1.456856628063687709e-01
1.555524685179458522e-01
9.566853180124459954e-02
1.365273467761418114e-01
1.997467197729850263e-01
2.199314818011495198e-01
1.412282490005011826e-01
1.095869783942761827e-01
7.631376252425470241e-02
1.019916114432891513e-01
1.335232808563092954e-01
2.282909162858241248e-01
2.002996935748466989e-01
1.720281087949453724e-01
1.345250739837654252e-01
6.385096030353325236e-02
5.558507275758761690e-02
1.862265600013580102e-01
2.420279151513425320e-01
2.647583848158495123e-01
2.719154825631991956e-01
1.913394724217741261e-01
2.410693455827742776e-02
1.623001604684806420e-01
5.878098017176577178e-02
6.666041971991987225e-01
1.784680274973416303e+00
2.132566221774211623e+00
2.512364861967318230e+00
1.884724494992035105e-13
2.234665452717097711e+00
6.421992700184572245e-01
2.196972364371922115e+00
4.995618999922882830e-01
2.933242439125580692e-01
1.177387721610668458e-01
1.902181195911745171e-01
3.326161306829689690e-01
2.563684405254825216e-01
2.750620506522680198e-01
1.327933911490106200e-01
4.506123916438371096e-02
8.964369963277329934e-02
1.038336207692950736e-01
1.945195809567274725e-01
2.131575652755126893e-01
2.733015344160591442e-01
1.460190787032795978e-01
8.514863149841116197e-02
6.673054817009226036e-02
6.180463992391229539e-02
2.188376889777859102e-01
2.266228413492541172e-01
1.865861409535542470e-01
1.543894571340720945e-01
1.300526388161449831e-01
2.229774668488379574e-02
1.589859815821613176e-01
2.081632899767801581e-01
2.017244064792453051e-01
1.674586693258777736e-01
1.123369582495809815e-01
7.003818041673032235e-02
4.867521965869015671e-02
1.756374674992162710e-01
2.353141074715153491e-01
1.975529426931286470e-01
1.703001265848389512e-01
1.317776403853432310e-01
5.142914284699204308e-02
1.375602962962848286e-01
8.863767039580243423e-02
1.477957855434750278e-01
1.799695791441135728e-01
2.088985024942992819e-01
1.464188241198381979e-01
1.701947852713586451e-01
1.064759080416976117e-01
6.901946409020230655e-02
1.185403425109259057e-01
1.601149755385596618e-01
1.897486159819400664e-01
1.912115898773282530e-01
2.222167632941990656e-01
1.845397975433482260e-02
1.012344218586785083e-01
1.186806870647072604e-01
1.475532010656797621e-01
1.890029145123998389e-01
1.859096788549285673e-01
1.778073201494870248e-01
9.466135876858709775e-02
1.095121251151037478e-01
1.750510174214512937e-01
1.746015583741127031e-01
2.431215650742724610e-01
1.559516779516948171e-01
8.119876217908858496e-02
6.629656430911755327e-02
1.149732222751489452e-01
1.247831455095721742e-01
1.496521998922563101e-01
2.184218369417933459e-01
1.253084735002485961e-01
1.509548309096705732e-01
1.186407849074211512e-01
9.522956142386505840e-02
1.169836589304635022e-01
1.503187421720445505e-01
1.493302919921704053e-01
1.278566504753109456e-01
1.811272531330667679e-01
1.697866329314133838e-01
1.396402577913672949e-01
1.410147352560620626e-01
8.777038148651174210e-02
1.291701841352239089e-01
1.556502855596217094e-01
2.070037166803373740e-01
1.376898307728845194e-01
1.560574820537847518e-01
9.277786838994739327e-02
1.108670302864624840e-01
1.603858959554446961e-01
1.640351005181639732e-01
1.506842198048011228e-01
1.233272217137746235e-01
1.388317525170559563e-01
1.088127699376717356e-01
1.611230319296995117e-01
2.157546735255053694e-01
1.997288649307798203e-01
1.601734861017696243e-01
1.087355815456837599e-01
5.921950041864774278e-02
1.409892421043389688e-01
1.056847748217371458e-01
1.860794767120074467e-01
1.582912549053938356e-01
1.641960531093100417e-01
1.430906027184213336e-01
1.199543359682206239e-01
1.403243173518556874e-01
1.066419710949315924e-01
1.025445979175596267e-01
1.427197144442694243e-01
1.938938380881929102e-01
1.637397574449471482e-01
2.140102881798765233e-01
1.730101866514137388e-01
7.420647491551154995e-02
1.047620113481079751e-01
1.301756361197263234e-01
1.369457251611164439e-01
1.682842097280719540e-01
1.637781146040877267e-01
1.067463582276906020e-01
6.898362617777342720e-02
2.034654344359830835e-01
1.755115891780111015e-01
1.839575183292870564e-01
2.060504859835035896e-01
9.793518301188815223e-02
8.021848048574060919e-02
1.029739660068275942e-01
1.671543262372728600e-01
1.844144111726656876e-01
2.086141194214044259e-01
1.301339545380136298e-01
1.040861028167552604e-01
8.101179618817341832e-02
1.428428935000863875e-01
1.267195573551629928e-01
1.698975927137856834e-01
1.723374881980022644e-01
1.228521305746901882e-01
1.770351108708423105e-01
1.605158744895082423e-01
9.113675514840462177e-02
1.012077444563900253e-01
1.323949774918571909e-01
1.006536293387495923e-01
1.726388097666449739e-01
1.887797427758149404e-01
1.885202958200578316e-01
1.328504249106082780e-01
1.239438495737405360e-01
1.045281877367036233e-01
1.560630406942521420e-01
1.596508586445918310e-01
1.756201275234675896e-01
1.198564527211853914e-01
1.264452872977925857e-01
1.297770850997891912e-01
1.482329462976573753e-01
2.449291462793063978e-01
2.043627124263394657e-01
1.069113410493624100e-01
1.462074449057758074e-01
6.141230605841177526e-02
9.724417462477652485e-02
1.500641041927167907e-01
1.705600022570530894e-01
1.648093523416386541e-01
1.436331610928605063e-01
1.494806185908059970e-01
1.025996297067047897e-01
1.589612080702871855e-01
1.158209041726225019e-01
1.524670778993317266e-01
1.480861535959265007e-01
1.727455457074801581e-01
1.630743503387009352e-01
1.474835605768239910e-01
1.536626861888399365e-01
1.109934597973442766e-01
8.246715474172520988e-02
1.235824182283252470e-01
1.490670479793151648e-01
1.863936008286857238e-01
2.054389702937655937e-01
1.155861306605149436e-01
1.161392761489036390e-01
1.602519107709163282e-01
1.359385098697244998e-01
1.293090966739820491e-01
1.872231410743691038e-01
1.460697614252485788e-01
1.060177570047869527e-01
1.134861867724435147e-01
2.081869921634984522e-01
1.822254899544506757e-01
1.911587114081777783e-01
1.505374922271421334e-01
5.787396445741052609e-02
7.196154365550050391e-02
1.321738528009036850e-01
1.371282796826086003e-01
1.465812087322874158e-01
1.886776155348083017e-01
1.443638660227659909e-01
1.453268421282485623e-01
1.376829063037142142e-01
1.113508436994680856e-01
1.049840902680741761e-01
1.563378495480853003e-01
1.140140404503312416e-01
1.281428772996711651e-01
1.768689438821010040e-01
1.555889878351312816e-01
1.117977220014305939e-01
1.026166870640850409e-01
7.623454537078862281e-02
1.149149810719276021e-01
1.169502406497714420e-01
1.910438930387145517e-01
1.701603558940535943e-01
9.517887698978348687e-02
1.340025327641983788e-01
1.241273196566261838e-01
1.544384380879943730e-01
2.079139021885756111e-01
1.620378899392370953e-01
1.211576436808945306e-01
1.317446179308251475e-01
9.387150310374214879e-02
1.569754653481130191e-01
1.869604589032382858e-01
1.941166698812019087e-01
1.445266652250282724e-01
1.204378502455314276e-01
8.152696130891971815e-02
9.722658868473285643e-02
1.534585161614630822e-01
1.527591883527401329e-01
1.700514111577170473e-01
1.657981356873794998e-01
1.509367797935431410e-01
1.224479835297729857e-01
1.508682116475421886e-01
1.487066618507515425e-01
8.172914933953427663e-02
1.207163095593671437e-01
1.914435884027269608e-01
1.372394830235201257e-01
