9.944099645972480361e-02
3.293051114635529020e-01
3.006819255976990735e-01
8.925231396166175002e-02
2.108761678611195678e-01
3.806115935887480761e-01
2.815162695373920609e-01
1.758956756779863628e-01
3.235298917379676453e-01
2.241362648007453329e-01
9.064892379410770251e-02
2.069982531356324429e-01
3.542352933046384877e-01
1.204685046333837661e-01
2.941363821382085297e-01
3.087874903289999917e-01
1.832596384143743984e-01
1.675119361335309920e-01
3.213546244907098948e-01
3.612864102995583249e-01
6.215451749661166786e-02
2.857117606527744824e-01
2.622308684296510428e-01
1.766270626025141510e-01
1.732381171215869320e-01
4.077172992393855999e-01
2.346277374804007776e-01
8.623380315392797923e-02
2.627045045930883060e-01
3.177548753395218473e-01
1.079241570758192742e-01
2.794507801306356787e-01
3.251998848573207646e-01
1.746667337000283038e-01
1.454809306970958338e-01
2.918339715264318679e-01
2.708579842455581255e-01
8.032192564478783658e-02
3.237258341073411261e-01
3.354399786412498030e-01
8.604290885939472333e-02
2.314333772831509428e-01
3.036701743325408986e-01
2.576082118598890247e-01
8.386903243681571862e-02
3.974140696085704527e-01
2.925613366419841932e-01
4.902008430285221402e-02
2.576602750167188982e-01
3.208905494012987969e-01
1.256317379634393494e-01
2.448986450459922082e-01
3.633510075252088800e-01
2.816285069236862393e-01
1.585346902518654510e-01
3.913085597062304632e-01
2.940580433160293050e-01
1.214468099916803795e-01
2.268472628376462241e-01
3.922110281097358486e-01
1.948228343899076342e-01
4.327851858005493102e-01
4.996243552431058887e-01
4.107635831852353148e-01
3.493707667502802816e-01
1.646251389868915449e-01
4.302013706093937850e-01
2.330761463202351003e-01
2.342291805836665408e-01
3.105777597297670889e-01
2.678915607714706937e-01
1.091578292683710455e-01
4.036940336482049974e-01
2.143543243449038682e-01
1.600052803303561241e-02
1.862097246150291596e-01
3.446764724490192777e-01
1.616054127969460408e-01
2.777659064929672850e-01
3.303147769722752924e-01
1.950749849441009154e-01
7.792224308367386165e-02
2.920135485273962495e-01
3.508410717803102652e-01
7.737487661173758635e-02
3.086407210014149860e-01
2.982962400321465535e-01
1.320005857414607853e-01
1.196920221242211840e-01
3.668725790999433634e-01
3.002804808038264106e-01
8.526073457542468481e-02
3.656551720962110119e-01
2.793885653140349978e-01
9.908756008332741949e-03
2.050171529411628502e-01
4.071167847060249145e-01
2.083805705953932774e-01
2.086730021424776371e-01
3.532208392789024098e-01
2.621405360356222070e-01
6.398946581939793377e-02
3.298709348334097347e-01
3.625453889803460505e-01
1.220006047452105030e-01
2.956340228875493636e-01
3.628285955527388307e-01
1.973413005322550984e-01
1.769855073277639690e-01
4.096845602194350566e-01
2.967948522799080946e-01
8.214437757368157900e-02
2.681094726740287926e-01
3.671188234480859958e-01
2.289408051720444037e-01
1.929078135122835047e-01
4.012203090270836658e-01
3.097553167879089631e-01
1.246579264909507684e-01
4.220077796408107096e-01
3.147063242001555960e-01
1.160412169945369276e-01
1.690200361644328408e-01
4.241825614656544730e-01
1.955643804409395448e-01
3.403613178640757519e-01
3.041729442065242983e-01
2.378450857593190637e-01
1.191664683664079433e-01
3.194108113417681860e-01
4.763883791485528096e-01
3.221462820253941095e-02
3.436832541386635187e-01
5.363864749073854465e-01
3.680001466999497928e-01
5.645542035859042740e-02
4.375813006398082128e-01
4.107740638365038888e-01
2.005186964826868520e-02
2.659720981526539907e-01
3.677936854181926285e-01
1.495338357641451121e-01
2.204925400334782903e-01
4.517066041852861313e-01
2.990807457124798341e-01
1.692850430925301464e-01
3.802739411523703428e-01
3.504278897813952742e-01
1.104282591912580935e-01
3.436307186169560435e-01
4.641442058477639465e-01
1.639362699977317261e-01
2.608485437399843399e-01
4.461574174483858291e-01
3.281852088780983778e-01
1.773449938023181904e-01
4.244190535098472106e-01
4.087496028141981430e-01
3.822522078466367157e-02
3.761851902313563811e-01
4.255869043959428777e-01
2.936027395929427519e-01
2.653560349264855733e-01
5.571546078798381707e-01
3.510475034654894633e-01
1.157184454565689108e-01
4.453385069741098157e-01
4.518123452715148147e-01
1.911779942680915390e-01
3.885053476269290651e-01
5.690463119028993377e-01
2.965048857054259357e-01
3.080127355228081676e-01
5.403333690321452387e-01
3.649330805552503665e-01
1.733422828339703237e-01
3.949266604755187204e-01
6.423099540474095370e-01
2.340581020024820602e-01
4.140604295819837466e-01
5.682926437905280181e-01
5.008122357405231373e-01
1.994328176160750088e-01
5.875051048838900725e-01
5.949618131418946687e-01
4.631301794134420335e-01
7.333567901752504614e-01
7.065276633761907732e-01
4.651167038142317578e-01
6.927973064309592699e-01
1.161718945355619814e+00
9.176067071568537736e-01
3.861648504316599340e-01
8.301245960129980395e-01
1.436676193505100674e+00
1.360543401886318060e+00
8.061214555329079268e-01
3.240695763026176790e-01
2.462582446641470302e-01
3.364445428345775868e-01
3.343638477183691893e-01
4.825642243169213086e-01
4.969681295070930149e-01
7.712092510364505493e-01
6.439494001556409497e-01
4.109863573163397565e-01
5.911002139344915252e-01
8.585796372974503488e-01
6.399172339280072563e-01
4.974011019627635477e-01
9.819544724933038093e-01
9.061370385777175462e-01
4.067395498749055704e-01
9.425019188315737484e-01
1.121229502917567178e+00
5.067241239627618965e-01
9.627117424664368706e-01
1.411580120429519747e+00
5.722051938594101550e-01
9.014215172582896729e-01
1.405153026860469945e+00
8.257590861121016923e-01
8.313322563777171270e-01
1.262324792668569895e+00
1.136730344922789460e+00
8.619560565713014766e-01
1.165277177142024945e+00
1.359008063538203581e+00
1.138947477313629442e+00
8.436592705306869000e-01
1.705501222431598185e+00
1.513238612250886517e+00
1.257003612374593571e+00
1.969489114784657602e+00
2.226643358163696185e+00
2.119788402582818421e+00
2.357145852631311822e+00
3.569900567799211721e+00
3.269015017300842096e+00
3.944980328771952927e+00
5.029691269731691783e+00
5.391221462454873325e+00
5.724935883386501168e+00
6.992904227118094340e+00
7.565538920346122964e+00
7.791188545218711958e+00
8.643146969144899217e+00
9.499330401048711181e+00
8.708518727167509965e+00
1.131364396574997322e+01
9.850064259075891115e+00
6.993095338520618931e+00
1.022964376115707985e+01
1.185802071925418311e+01
1.172204913492048384e+01
1.505906908860793791e+01
3.621591070917213337e-14
2.426831786138616920e+01
2.645380119757701820e+01
3.263366174544729148e+01
4.344631779575454544e+01
5.160479628194065782e+01
5.092395837662812852e+01
3.698546162253366987e+01
2.044273162556532952e+01
1.521488190256932427e+01
1.433027269902877698e+01
1.442620031423041382e+01
9.635636139035778314e+00
8.507688363499090300e+00
8.663762812224861776e+00
8.797981408160493899e+00
8.786944190313382919e+00
7.985841908232143460e+00
8.019937336014569595e+00
8.644547921581789751e+00
8.543894252451307736e+00
1.002521158359994757e+01
9.690330780411013478e+00
1.075186138773342748e+01
1.019934724194249931e+01
9.318148834208699327e+00
9.172814122713516483e+00
7.566345902591742778e+00
7.900330802675032515e+00
7.395216710432678475e+00
7.375505586724436569e+00
8.188683867186558274e+00
7.719337079780441258e+00
8.496933296680735381e+00
8.825142703089706941e+00
8.083548990918341559e+00
8.542924844019204045e+00
8.316687350072118790e+00
7.078527169403151298e+00
7.099966511442629802e+00
6.444138707211619632e+00
5.180038450683347229e+00
5.232159706519420084e+00
4.584528708064840252e+00
3.195724149472197961e+00
3.302508074006110128e+00
3.263742482258784161e+00
2.962412685197235884e+00
3.603013730542327764e+00
3.789970299307691803e+00
2.922216515379474799e+00
3.646930966505391059e+00
4.078976450854676195e+00
3.435747582217404172e+00
4.667418898845195230e+00
6.297379689770486344e+00
6.511599788437489877e+00
5.025807024300531722e+00
4.220727659023250311e+00
7.056402139590024269e+00
1.165171924234635803e+01
1.524563617158518447e+01
1.577757561698795108e+01
1.289360727251000860e+01
8.541594756947725742e+00
6.243638955120172085e+00
6.911168693694786924e+00
7.164411541333575606e+00
5.764483336250896706e+00
4.015305216664041943e+00
2.905559996906331044e+00
2.383563230655301179e+00
2.066768414358501005e+00
1.613540036686569978e+00
1.416423441829810725e+00
1.794365402269613163e+00
1.652851624060837521e+00
1.052082770492774433e+00
7.447304814029053199e-01
1.105768516657638312e+00
8.384779999546578821e-01
7.514206636162140684e-01
9.480779818185183228e-01
8.675340570901891590e-01
5.803740580350588152e-01
7.398568970346530715e-01
8.399233980491620510e-01
4.762169200589248530e-01
4.943919554545885831e-01
8.067817391324438869e-01
7.061965481726991678e-01
3.876997675359128981e-01
6.513443601321975418e-01
6.961618431070151214e-01
3.075726660192039108e-01
4.795349855881408940e-01
6.549610059177440879e-01
4.691654332283966555e-01
2.554250445162861705e-01
5.946845133004152739e-01
5.290702169120894416e-01
3.492958995795253929e-01
5.730846950095216386e-01
6.813149714755710740e-01
3.591226609083054688e-01
3.894334885831869375e-01
5.906440289041945402e-01
3.581548773445746292e-01
3.525938596889406917e-01
7.204721169101341305e-01
6.952474025231897281e-01
2.602567061172285090e-01
4.604297735510399225e-01
6.286990119737831950e-01
4.541560262493554156e-01
3.221623166597833987e-01
6.513638581722298593e-01
5.286870823503548866e-01
4.892255981615869498e-01
6.417742652777546075e-01
8.174759893109972975e-01
3.873269538839323456e-01
2.696129671902371405e-01
4.200034099536731902e-01
1.486554578986125918e-01
4.123998574298665815e-02
5.298417376855287797e-01
4.532764205410889646e-01
2.254432981653330670e-01
5.236295546742166795e-01
3.926911195135541210e-01
1.401348640168921245e-01
3.093067735626921499e-01
5.396926796342564892e-01
4.040472195939990852e-01
2.583207849591031002e-01
5.176475585174881155e-01
4.466965858752175444e-01
1.145527815838303098e-01
2.415647089296135419e-01
5.266137726402382313e-01
2.592682295311398155e-01
2.599196886491605407e-01
4.884234887038186868e-01
3.364185664741104476e-01
1.227481663156881758e-01
3.702337069928214874e-01
4.649246813046113425e-01
1.906737798143485207e-01
3.764778601086135046e-01
4.301789138277971047e-01
2.425390383524054505e-01
1.915088582054038924e-01
4.743901331270274357e-01
3.770607160072102504e-01
2.119314400153571032e-01
3.883986566225074433e-01
4.108749530030926245e-01
9.671714613803750193e-02
2.524946495680274183e-01
3.735849898783988321e-01
3.398178081400123340e-01
2.049024212566300795e-01
5.056651822648664529e-01
2.747581980617536113e-01
1.299897334949246808e-01
2.453362324340357947e-01
4.626973654900618516e-01
2.271491173707677336e-01
3.482590070355885414e-01
4.284061594057695932e-01
2.518139519909396440e-01
1.898208731211926958e-01
3.128502192476821930e-01
4.716390294962035656e-01
1.405301460690477344e-01
4.306850564563765027e-01
3.579863667581370534e-01
1.805106533439936878e-01
1.622381880039732438e-01
4.280048800817313759e-01
3.416049546007863258e-01
1.565050613745621322e-01
3.665597850020098081e-01
3.443951757610561604e-01
9.494542325194577082e-02
2.552075036246160278e-01
3.842448296140096309e-01
2.156213929252651651e-01
1.936182889545458030e-01
4.254280979976363675e-01
2.564824206374314297e-01
8.900301417489234201e-02
2.396047106148100625e-01
3.855311657761957278e-01
1.724758853193377739e-01
2.976279949419389226e-01
3.494335008068109039e-01
2.045274552546990643e-01
8.536666994568864464e-02
3.505215777504693819e-01
3.521823598189741111e-01
1.457888927363372722e-01
3.326358459728954720e-01
3.436374127145224167e-01
1.178767643557458861e-01
2.000604568964935159e-01
3.844596373091003771e-01
3.521226970162338321e-01
1.395263515284251576e-01
3.912030393839259768e-01
2.782015466666288850e-01
6.974039937186080063e-02
2.109945339891193816e-01
4.252158824918569335e-01
2.626431216367322574e-01
2.889125423705637963e-01
3.974588737718601217e-01
1.914689921532684025e-01
1.086449290262491291e-01
2.739422263185735118e-01
4.141289090305292908e-01
7.000422432718814147e-02
2.994235689690608049e-01
3.542675358850491119e-01
1.334892975003848237e-01
1.221480705735619732e-01
3.654217064764240797e-01
3.576426816296083833e-01
1.242338910147043340e-01
3.605162330377370550e-01
3.024751130961822465e-01
9.616780170875330325e-02
2.134473289375926341e-01
3.866577014490004127e-01
2.384458155300090976e-01
1.011119828622230460e-01
3.196853844510127995e-01
2.826147674171219371e-01
3.401616373809810551e-02
2.322154449329093262e-01
3.963198743038489069e-01
1.684602885615756329e-01
1.907166757995634454e-01
3.206773784133551408e-01
2.400228761199151295e-01
8.234520764597667852e-02
3.139739398655905234e-01
4.140365587607062192e-01
9.224926589157493584e-02
2.856457036260982019e-01
3.075334195721163288e-01
2.049185691639283102e-01
1.256180971586499662e-01
4.119210938602023697e-01
2.699246302056599878e-01
