5.726863957908438080e-02
1.116655048012790974e-01
1.381194471379584010e-01
1.183205256450947374e-01
7.420896575402070872e-02
7.852575461224518827e-02
1.057126905555493962e-01
4.502662712014896679e-02
5.954457861589194934e-02
1.392044347305796681e-01
1.342934053786198900e-01
1.128226759313275540e-01
1.056927503125384971e-01
1.591818479874278491e-01
7.555132849467302569e-02
7.328350148542635278e-02
1.314416352733976390e-01
9.984453334469362007e-02
1.246330228240054017e-01
1.430444233434825796e-01
1.863377728819574086e-01
4.818944730428883355e-02
8.151319012314282852e-02
8.555453016770814267e-02
1.126409979198146616e-01
6.196858782808657706e-02
1.238430348081448612e-01
1.525431910668186009e-01
6.974414180557113319e-02
5.776006331945460898e-02
7.291169773888654670e-02
8.187145063059193817e-02
2.960130021751916640e-02
1.036501954089493749e-01
7.262056698091651219e-02
2.072362901189984119e-01
1.008837708788974524e-01
6.430924742788536597e-02
9.192875824147062058e-02
7.478544543957858781e-02
1.164027178800908502e-01
8.542209271765624501e-02
1.813926760688099604e-01
1.080686394983618598e-01
1.524998022813169596e-01
1.072443739699047160e-01
1.429594081676668627e-01
8.746403202863113624e-02
1.324444349168425739e-01
1.373229408364817217e-01
8.202373938671969622e-02
7.016759911018143059e-02
1.042544312943079060e-01
9.614834594237275933e-02
1.077460633500972320e-01
8.849724766421673827e-02
6.545581427551051823e-02
1.458183404397916383e-01
9.601358949173423307e-02
1.909277255917305460e-01
1.753677226876595996e-01
2.738803259703888049e-01
1.990160587061260422e-01
1.866773940568808854e-01
2.290762631566901075e-01
2.076539331376254793e-01
2.465578219393927684e-01
2.494081216514406618e-01
2.442387489562360681e-01
1.168957647708394887e-01
2.178447613695646545e-01
2.215405038929741388e-01
2.448135017824698834e-01
2.695275139152246147e-01
3.285787116984946188e-01
3.106072267716403768e-01
2.417615387025792151e-01
3.092466924371602421e-01
2.795533065288088870e-01
2.868472593751505428e-01
2.584901382417189586e-01
4.212852241372057049e-01
3.778579429999908701e-01
4.163965415166701045e-01
3.939553534056545736e-01
4.443214019023006833e-01
3.681297915262468634e-01
3.985975973200323041e-01
4.316522727171794305e-01
4.286106423462189285e-01
4.523993595331410877e-01
4.414671903117519114e-01
4.947955667875348351e-01
4.890486193258777869e-01
4.913197515588847986e-01
4.160978200395334392e-01
4.957903723018933784e-01
4.750568148397922852e-01
4.899515532746961943e-01
4.788748116218657924e-01
5.815512206190960320e-01
4.941417016837466591e-01
4.709627665915074313e-01
5.114288196148927268e-01
4.784217132536459638e-01
4.403411236279684005e-01
4.274558602049176592e-01
5.252252615105837963e-01
4.676207647812404278e-01
4.648785520565369422e-01
4.135410990102773576e-01
4.116059393070690686e-01
3.442954882728196386e-01
2.960521581789957168e-01
2.059553958149760444e-01
2.569456993926459987e-01
1.946327731227948388e-01
1.574230189147096393e-01
8.250579646425756919e-02
7.114100325280549308e-02
1.375746690266272942e-01
1.496739223990747047e-01
1.786215754042090320e-01
2.021649281070110882e-01
2.047121170220367603e-01
2.103287918416536229e-01
2.117346797430461891e-01
2.189616202989513871e-01
2.556400009243567917e-01
3.859930689927108527e-01
3.835463758713866245e-01
5.100802740781205102e-01
5.348645462792513960e-01
4.827536349703483443e-01
2.906497829953226253e-01
3.246281654778112591e-01
7.029498559410909397e-01
1.269240654963878612e+00
1.883626716255937472e+00
2.743291411094998189e+00
3.424411904651045280e+00
3.700469259529245214e+00
3.832125037996962025e+00
3.708420276565030704e+00
3.383982452020286580e+00
2.904311379482392041e+00
2.260476647197928735e+00
1.608634003557418923e+00
1.043817360623572998e+00
8.689236593677398535e-01
9.844209023738833553e-01
1.407327737486172792e+00
1.725526819742225548e+00
1.905043431950285804e+00
1.927972910202068624e+00
1.989496329836108357e+00
2.110479130298050787e+00
2.198337391614039404e+00
2.460549735943772909e+00
2.919700504740746272e+00
3.555995766076661013e+00
3.705644997224439408e+00
3.505625400270596437e+00
2.995434978701116524e+00
2.382350188861365403e+00
1.655328222057103282e+00
1.518756173003152021e+00
2.188556184656772263e+00
2.579082528498510829e+00
2.399938039265587797e+00
1.463347232965056310e+00
6.440072434533725687e-01
1.273157826235731038e+00
1.702431771056220899e+00
1.321975074079810852e+00
5.335789653680718114e-01
6.235747151594872584e-01
7.711656258501845551e-01
6.057296553610159728e-01
4.987995098859014376e-01
5.243701508984330850e-01
1.444643988552902214e-01
6.291365210570680766e-01
7.879561292896888336e-01
3.364030229325095656e-01
4.074287947638526863e-01
7.680321669046576982e-01
6.888401412854392447e-01
1.823289188218791268e-01
7.366423412937743720e-01
6.963260070515018274e-01
2.041282944081085071e-01
4.355921230300887070e-01
5.097572820661681048e-01
1.304408208360263999e-01
3.861679505353672326e-01
4.157000919258367899e-01
1.637903097260010044e-01
2.664121108866828735e-01
2.839001039023306139e-01
3.031487251128011096e-01
1.226307363378059262e-01
1.005945587084514647e-01
3.275634459945130361e-01
2.493454208623728519e-01
1.244742413959683547e-01
6.016885479167420891e-01
2.222945912196634122e-01
4.060325690003037669e-01
4.579958414550205914e-01
1.036780538634160670e-01
4.545328634672211043e-01
2.264685879640234434e-01
4.432030004640417631e-01
7.302288683955262538e-01
1.906911020992284878e-01
5.579826638967142483e-01
3.744256323117616247e-01
3.567781739659754980e-01
5.581087481799430483e-01
1.126076543705391286e-01
3.658360193474913258e-01
1.113840007110516589e-01
3.035643194438137349e-01
1.590113149926319913e-01
2.879440589130862760e-01
1.953677159200168656e-01
9.053736304188765571e-02
2.718666503610314700e-01
1.239775437317829632e-01
2.153135418809928037e-01
2.941754031507018974e-01
3.311902474112702333e-01
1.619970440659914412e-01
1.734804271870336034e-01
2.515694182322889549e-01
2.828922161265311486e-01
3.075408041176105889e-01
2.645938175092684141e-01
2.565370673946532065e-01
1.805546390035442095e-01
2.898978713409136043e-01
3.201244915807481828e-01
1.531618933407040140e-01
1.481200968869670898e-01
2.195977875131686352e-01
5.299623365454783075e-01
2.822789161895070120e-01
4.486597276493431430e-01
5.423053998880292825e-01
2.810881809921595420e-01
1.083228964059006927e+00
1.435529346375093995e+00
6.921626231593882572e-01
2.657406202149428687e+00
4.371534975981254512e+00
1.613658275494322535e-13
7.157200600425798198e-01
1.469307115140751296e+00
1.715555062616082038e+00
5.350452542870468564e-01
4.624645443057981420e-01
3.746561439199905252e-01
3.071759397822146909e-01
4.610945140679260645e-01
1.794853653680012762e-01
1.577380394345865022e-01
3.383128148146184455e-01
5.608005076930008131e-02
2.962900014853944164e-01
2.034646741094493505e-01
3.030722648521117987e-02
3.527805671650396380e-01
3.182756344537602256e-01
1.370146245843980870e-01
1.253364013109903585e-01
2.604866643739419119e-01
2.871224634003704049e-02
3.348207598075660929e-01
2.427392889025132283e-01
1.135414868769707430e-01
1.833780056454555052e-01
3.175752713375001868e-01
1.910950912233408683e-01
2.514415682663379559e-01
2.382762161730496431e-01
7.868050973579832075e-02
2.222433600554631350e-01
1.381197738956775889e-01
2.977922007758346812e-01
8.723253782328906081e-02
1.229884149343916239e-01
2.101814410490674689e-01
1.420406218870948478e-01
1.594703437988309880e-01
2.012432074344595312e-01
2.597226037296082035e-01
3.992424512516570267e-01
2.249371861584590349e-01
4.746824848597726992e-02
3.486187153006476414e-01
4.195131938268957805e-01
2.794765605462309344e-01
1.502872434029196569e-01
2.247394582734507651e-01
3.615162300526398309e-01
3.505532042610577936e-01
2.354959766597403970e-01
1.311339272805931710e-01
2.291136625789840786e-01
3.803392088844329555e-01
3.311614782787856703e-01
1.123269899826671442e-01
8.502227011401708445e-02
1.893378805040019375e-01
2.368722101335459795e-01
1.658971707014001984e-01
5.603326768214136888e-02
2.704287063708711858e-01
2.202061247460471716e-01
3.541259346943004815e-01
1.792050247613114211e-01
2.229715483177004132e-01
6.965557455075697957e-02
5.201544855939024270e-01
2.754439094935973720e-01
2.305651965662603442e-01
2.106539848806902593e-01
3.064655164329618819e-01
8.389747038991351991e-02
2.424861974127475728e-01
1.842026228124488130e-01
9.472997927257426065e-02
8.584662381201479953e-02
9.880628051129178302e-02
8.007118912032337721e-02
1.401095774066919430e-01
8.701870707570752428e-02
2.715991294016423807e-01
3.818981208193692467e-01
4.109998948798798679e-01
8.503732281235024115e-02
4.638241440482880340e-01
6.133157556522158549e-01
6.022111309710937999e-01
6.327393558500972182e-01
5.597516185794028098e-01
6.400413977481661520e-01
9.494004334385036659e-01
1.257965330142387872e+00
1.304801291816042985e+00
1.454684943717739376e+00
1.755499256805551411e+00
1.850867167097113963e+00
1.523455570640611212e+00
8.418922367178126587e-01
4.808527463086041398e-01
5.037866936029520293e-01
6.661270704714479240e-01
6.755472544651310862e-01
6.139507335742465655e-01
4.659258236460675495e-01
3.095556293680902793e-01
1.008072930124167821e-01
1.880655692239271704e-01
3.858116792295619019e-02
3.047992016335277499e-01
1.066506600024227813e+00
1.894594779612251978e+00
2.607145307003806867e+00
2.653705268476828305e+00
2.279086983183260529e+00
1.784874895569211084e+00
1.173248853661138513e+00
6.536699236573467742e-01
4.187918871501301182e-02
4.887772396552898524e-01
7.176335387314594083e-01
7.713221174039197603e-01
5.546828330679562935e-01
2.879325029117013601e-01
1.279476117229716089e-02
2.246589028570308844e-01
4.298138879647441235e-01
4.758565078269633153e-01
5.708569240147524093e-01
6.122179619720407029e-01
5.494253324419609008e-01
3.972908260876300002e-01
3.801364434749981425e-01
2.879327876506500572e-01
3.821387945061752722e-01
5.394400163025985240e-01
8.078984261200279349e-01
9.563701061587653873e-01
1.102804246061162452e+00
1.292547769573509697e+00
1.410738339461738322e+00
1.463402587731682081e+00
1.435447491155525057e+00
1.440334466555146964e+00
1.429921221602546311e+00
1.396725062490439706e+00
1.212816316794207649e+00
1.223281152488550294e+00
1.176886412369989809e+00
1.135462228527537532e+00
1.034150699407177409e+00
1.136342066236566861e+00
1.091364934076282323e+00
1.127154637910082524e+00
1.094239279935797393e+00
1.107131184524498213e+00
1.107820511502928262e+00
1.044606537929956946e+00
1.021213316449618658e+00
1.009442304316323646e+00
1.055140964867836706e+00
9.254839000776877711e-01
9.271348337836577969e-01
9.015893594668938915e-01
8.926425275626946876e-01
6.602194699885730600e-01
7.638501479306579744e-01
7.117039741108693862e-01
7.203427232515584588e-01
6.212065252874401367e-01
7.119246391735721824e-01
6.104888715488162587e-01
5.804421348218623544e-01
5.268533188655948329e-01
5.544593497933488768e-01
5.034751291024823772e-01
4.680204189888463318e-01
4.994959784701697991e-01
4.454121077730263667e-01
4.510461724577026765e-01
3.224179825669353239e-01
3.324906588209314284e-01
2.591772648932065826e-01
2.888129487318060740e-01
2.220977406664056686e-01
2.931669776153501550e-01
3.165920828626193062e-01
2.284422787084975093e-01
2.675027925697276987e-01
2.832577659066524700e-01
2.340757785218707809e-01
1.634029648473561969e-01
2.712474096297577963e-01
2.088087687579991691e-01
2.594748950612301153e-01
2.439492151911356044e-01
3.094900523162882888e-01
2.616661678760439647e-01
2.433230835607328169e-01
2.915203923284174214e-01
2.336089433851702979e-01
2.774151552259411790e-01
2.041884661684491564e-01
2.727089708807897139e-01
1.522605374509799769e-01
1.431211869364517053e-01
1.090991543714271428e-01
1.273916680071391638e-01
5.278614431441856769e-02
1.160313158086156982e-01
1.036633809093051861e-01
1.594810719384239239e-01
1.154169588799460328e-01
1.201528528161938808e-01
1.608665947382575678e-01
1.391149215728060273e-01
1.724121751615251275e-01
1.658367439827106160e-01
2.311255537933126769e-01
1.578567346950855155e-01
1.410444252325261105e-01
1.420028142002822402e-01
1.389734434398625096e-01
1.292611012151987648e-01
1.195838130430664503e-01
2.070391209849528624e-01
1.446294349221628750e-01
1.288261935436619821e-01
8.294054097305983420e-02
1.250354660238225391e-01
9.651895406356206242e-02
8.394449466445531860e-02
1.331502952345565705e-01
5.209046119218897763e-02
4.176211538749293600e-02
1.165093429032567768e-01
7.645764449012774910e-02
7.013972678648680570e-02
1.038697678015658016e-01
1.052398750035153097e-01
1.059811047591156935e-01
7.394757698832360449e-02
1.981145955105115819e-01
1.173169592053781990e-01
1.678640778452969162e-01
1.237051496039458381e-01
1.161269318898368458e-01
1.598347580069497675e-01
1.216543270936290277e-01
1.789414066402494896e-01
1.285474406776933864e-01
1.661841242804592278e-01
6.244499571357495921e-02
9.594016037664500340e-02
8.079291124481527420e-02
