4.388559193950765658e-01
3.218356510470226639e-01
3.272912699577984474e-01
3.641480193456269054e-01
4.501690121571896297e-01
5.129243727966501520e-01
4.091715437117279253e-01
2.858154751733559817e-01
3.917920614186127803e-01
5.372310727057338919e-01
5.309368755414336505e-01
3.819569643234762557e-01
3.790763312159544096e-01
3.534316869190823884e-01
3.058901896610185522e-01
4.282464717503264295e-01
4.990796855770823215e-01
3.608645442982131302e-01
3.515913285116998854e-01
3.468085126468769541e-01
3.236909473189091835e-01
3.750462069771594020e-01
3.608059098327984771e-01
5.073002892032293376e-01
4.462733358823255947e-01
2.578513466173704693e-01
3.271480467418650395e-01
4.320935976885614260e-01
4.406222564608745507e-01
4.759303338409427431e-01
3.904839581059673104e-01
3.953439129357488313e-01
4.440062640009154182e-01
3.874859891029316938e-01
3.110517481328348710e-01
4.277188266718557341e-01
4.723936466400397438e-01
3.904894047975249194e-01
3.863128336241115623e-01
3.893729202505690767e-01
3.835308445763339624e-01
4.154135568737013506e-01
4.051116425058089443e-01
4.021309106821043811e-01
3.612631678186051243e-01
3.971209707476162643e-01
3.934110782576478171e-01
4.667744849224670367e-01
4.403824563706120743e-01
3.234932842441620160e-01
4.095659992752886946e-01
4.306662805393187132e-01
4.038151909498423620e-01
4.647841604633685120e-01
3.760124202462274967e-01
3.885466253996850416e-01
4.034365410957699849e-01
4.345712726124180691e-01
3.478613802737963168e-01
3.839072068059010689e-01
4.415958810614842300e-01
4.510306974809429326e-01
4.030667340179391323e-01
3.965332603994563554e-01
3.869342680659189626e-01
4.254535527626361335e-01
3.869379238881961447e-01
3.109043779465885948e-01
4.153425682502860927e-01
5.670622153560587186e-01
5.362030840985915203e-01
3.717158851886016024e-01
3.844323347553919579e-01
5.226015829425092463e-01
6.196207662546135975e-01
3.584805585981908904e-01
4.901410601952113644e-01
5.874606969023383751e-01
6.439416989385380319e-01
5.301713872114510728e-01
4.284306555973556585e-01
1.113654373107522799e+00
1.092372951510957702e+00
1.090437449113799584e+00
6.730825033584602046e-01
1.059680925977942056e+00
1.755967154070313674e+00
1.537591598506302226e+00
1.034834616961853415e+00
1.393827571516652153e+00
1.875425187654364167e+00
2.355342237011087914e+00
1.647557385976494260e+00
1.587737569996278797e+00
2.353312470357688646e+00
2.222208130568061879e+00
2.245156752535743205e+00
1.348011034575273381e+00
2.853503233700362074e+00
2.591215291797583919e+00
2.544634435613148060e+00
1.943458143023908402e+00
2.675871742992962155e+00
2.741010099984836579e+00
3.495344561839768716e+00
1.262427486336424209e+00
3.137877833967187335e+00
1.542323580776928660e+00
3.964141397065861661e+00
1.306872215795963355e+00
4.017374310578660790e+00
1.476227076959147899e+00
5.772769122411053111e+00
1.211153078093890390e+00
6.158117482924935437e+00
2.051997537055710641e+00
4.627124826539191105e+00
1.715102124626968871e+00
5.126211933240359286e+00
1.286391917931217543e+00
3.063734868275043155e+00
1.352924250155029373e+00
1.944455405141333415e+00
1.305565532213084357e+00
1.623747187988727081e+00
1.040552532658579166e+00
2.645802726343576161e+00
6.281784134107631923e-01
8.642978885811556378e-01
1.085541845666970318e+00
1.137507173151547368e+00
3.243174305861516338e+00
1.852393376880799858e+00
1.535982886975240103e+00
2.832220291786550437e+00
1.653482765808166999e+00
3.004069778450389805e+00
2.838717666924212679e+00
2.683040029053045394e+00
4.989392689663893599e+00
3.540073890817740931e+00
3.197502044780389241e+00
3.773960271921719567e+00
2.622418334288088460e+00
4.015305872509679297e+00
2.293450413536733290e+00
5.043395635855484338e-01
1.654149667284428249e+00
2.557970159425173140e+00
2.714378604603623124e+00
4.388975580946709698e+00
3.477836393860682662e+00
2.650143123735360540e+00
3.737626568015947282e+00
4.297625505393348533e+00
4.442016633157512828e+00
4.425984881696493289e+00
3.572197105929262761e+00
3.249077986655364736e+00
4.197265219963316696e+00
4.823770580699845212e+00
4.496091434738456627e+00
2.871142553565916078e+00
2.429951981092823843e+00
3.335696092191936302e+00
4.885841837674107069e+00
4.541145830825739083e+00
4.119845511031089202e+00
4.065345793658840634e+00
4.808023551499497117e+00
5.436204215972646026e+00
6.665542175379853163e+00
7.270821448595636838e+00
7.857133089941878090e+00
7.301444473067126850e+00
7.130734201801390171e+00
7.631567217280893267e+00
9.015259783114524694e+00
9.676100765947987625e+00
8.915876238734275816e+00
8.057107686944824820e+00
7.721177334513770418e+00
7.702631492404824698e+00
7.550562606173351732e+00
7.969933402851058446e+00
7.871498845928604382e+00
6.350123455440351172e+00
4.486595919904186935e+00
3.688985629345240991e+00
2.714360468690887540e+00
1.905894284828340002e+00
2.010893955392661692e+00
1.961287352999595557e+00
2.075082063746228389e+00
3.596962354114046967e+00
4.291201143633200488e+00
5.154397125338675778e+00
5.400995107758492786e+00
5.089923999135788080e+00
5.642322581317283259e+00
6.416900186695737140e+00
6.776590886948333115e+00
7.677601025775878441e+00
9.206562918088915026e+00
1.030098833324651864e+01
1.149700412277715778e+01
1.208106590356330301e+01
1.124984805667331678e+01
1.090258221527231441e+01
1.027121550742016787e+01
1.005007555277315845e+01
1.056705893111246120e+01
1.055554450531778521e+01
1.094352651376359020e+01
1.130821795587490541e+01
1.149649996605169200e+01
1.240657582558519323e+01
1.228788328880626146e+01
1.234776120661610399e+01
1.185356572486390903e+01
1.058474153807531870e+01
9.792082651898931900e+00
8.346702782205053239e+00
8.016630316875913209e+00
7.247519535487401576e+00
6.936426980557125255e+00
6.909956871852948268e+00
6.400176097411958587e+00
6.876566923306573820e+00
6.841085247182607354e+00
7.796308123828955772e+00
8.297032274920043804e+00
9.304058867512432940e+00
1.006619047704237957e+01
1.075687470788296451e+01
1.145299427696037320e+01
1.139940161615617775e+01
1.172605675043369011e+01
1.114869560902271139e+01
1.091734174689273651e+01
1.015419375502825261e+01
9.779712844284464524e+00
8.571294812682470621e+00
8.111880621648257517e+00
7.125608690218199648e+00
6.473774734686546850e+00
5.696459151913417784e+00
5.287402425195338651e+00
4.447734442051745951e+00
4.212778833632627062e+00
4.717803138301186472e+00
4.261293082628910156e+00
4.788654677571011042e+00
5.919442805077942182e+00
7.702651046107162891e+00
6.200838513491287785e+00
5.359054704955199289e-14
9.099707143064581061e+00
9.385360980607222459e+00
1.050303794852308314e+01
1.137876722716547739e+01
1.123531012037141252e+01
1.175809483310011849e+01
1.176902065274219744e+01
1.135429296857390113e+01
1.131328906618230334e+01
1.069117870831840555e+01
1.019625514251851151e+01
8.988893291959589860e+00
8.141848800438129530e+00
7.109097520536680648e+00
5.957891301715231513e+00
5.190483973334436563e+00
4.063296387778491336e+00
4.452107999085085588e+00
4.898567062653200743e+00
5.571033825327593725e+00
6.300064993781785638e+00
6.395812211798950209e+00
7.442489573098208133e+00
7.126567742779052139e+00
7.344917158619827191e+00
7.475847333736062694e+00
7.673103294876321812e+00
8.729934402191233289e+00
9.046995761572954819e+00
1.000344639132381808e+01
1.062018423351240237e+01
1.030203831619750510e+01
9.976808644248956526e+00
8.046313223587436170e+00
6.404602641156290410e+00
4.609057091927915906e+00
4.058234724188260145e+00
6.238003511224852637e+00
8.117465081343590683e+00
8.918337222076107906e+00
8.893250537515326570e+00
7.209410352172337610e+00
5.553192213692985213e+00
5.800026259890158187e+00
7.234041439324485623e+00
9.118105633524878684e+00
9.591179095586413794e+00
7.774585185274055732e+00
5.137644028199937374e+00
1.693834380143320661e+00
3.402029068883392071e+00
5.633273483615425903e+00
6.050241364213924555e+00
4.290183162587969612e+00
2.688870707697660567e+00
3.010184820888674118e+00
4.626356823278481301e+00
5.544762319704983788e+00
4.814577164661757003e+00
2.852110564102562584e+00
1.657987096036472208e+00
1.213662275662151568e+00
1.052127712798423209e+00
9.716472035975602939e-01
1.493349730794431451e+00
1.236822491639488097e+00
6.525395700387189857e-01
1.363030601940024900e+00
3.187076163929560391e+00
3.992481786334049154e+00
4.094239324139195446e+00
1.354186253669227069e+00
1.442677170997163083e+00
3.672507253342685463e+00
3.877455328158561088e+00
1.874381234142169506e+00
2.824623855194329014e+00
5.095742014045809398e+00
3.754813427309220852e+00
7.314928162083607077e-01
2.728304238396405346e+00
5.515019714593271338e+00
3.542946489823657785e+00
1.579939633248701902e+00
1.837982534767083509e+00
3.583588718925702743e+00
6.413803713390693328e-01
1.709884708754786375e+00
3.211380060791402702e+00
3.906649443894651519e+00
6.870331587493705428e-01
1.234048427545091586e+00
1.515363683281335527e+00
1.781388269464491803e+00
1.819812786356258982e+00
2.930285848610634680e+00
8.499550003104638929e-01
1.229607060479397829e+00
1.325355124655231975e+00
1.692136219882376613e+00
3.478303874200118884e+00
2.585947453264683560e+00
1.402566729228836850e+00
2.416036476142324751e+00
2.049468372264362515e+00
1.213795993554337427e+00
4.198482601673389603e+00
3.053945598532818106e+00
2.669781017395118194e+00
3.073721395291447944e+00
2.818906280673876719e+00
1.895706353523167076e+00
4.967926839608316492e+00
2.512657556000283954e+00
4.420965724748051606e+00
4.974721237339868374e+00
1.284333768233126838e+00
4.403503779155855113e+00
2.894669282505530017e+00
3.419121321113818723e+00
4.399197811355358922e+00
1.648507587332457058e+00
2.228959641644200129e+00
2.469316199836519843e+00
4.066209046286599071e-01
2.584255050010321408e+00
2.052763213929055919e+00
3.054993729236705313e+00
3.474385956957340316e+00
2.108469265009876192e+00
2.358850723037262398e+00
7.248364953176898995e-01
1.519422096198661754e+00
8.308607371702868560e-01
3.209658871275199221e+00
3.105643144168360514e+00
6.251243863199277939e+00
2.838594803904471053e+00
6.134861650240342357e+00
3.236749058992223205e+00
7.677026446071436361e+00
4.405206009161783953e+00
8.370834621059751512e+00
4.970079346961161271e+00
8.616147995000197568e+00
6.589353958698117353e+00
7.748511542979729327e+00
5.451486026821940278e+00
6.244309840334760331e+00
5.257059816863928425e+00
7.281997130526211670e+00
6.410247086343431988e+00
6.568654051507087921e+00
6.288226363826696641e+00
6.920218292723395948e+00
6.891757145308200272e+00
6.432796964254707817e+00
5.309193131954605072e+00
5.885842545853805952e+00
5.511178005327121099e+00
5.337141989847038914e+00
4.479464613173002263e+00
4.817549994664872770e+00
5.217365927770778455e+00
4.465534201284140359e+00
3.739159175129649348e+00
3.318447341328052413e+00
3.644340803570679022e+00
3.412709125622098494e+00
2.385546551519496905e+00
2.265976236264028998e+00
2.521006449192342291e+00
2.405932597090752356e+00
1.988468816095626757e+00
1.010330568697871856e+00
1.348519925248191198e+00
1.295315325448958443e+00
9.721300447038261350e-01
4.678969942323616960e-01
4.449422247017536525e-01
8.429957217276082826e-01
6.969941913401449529e-01
3.339106829764726392e-01
1.661950772346889316e-01
4.928798392690336150e-01
6.319155324531053886e-01
4.731720699293321397e-01
3.410230870753638843e-01
4.097084369894744560e-01
4.402957474443429664e-01
3.058637129422619449e-01
4.188389353164276296e-01
4.875537955217793540e-01
4.251079271879324439e-01
3.840615031036454519e-01
3.682633394836985485e-01
2.681712034765214026e-01
3.587109943523095201e-01
4.251201784058215583e-01
4.626983431864081231e-01
4.614591210535270438e-01
4.465165627711666918e-01
3.635635827328714265e-01
4.226966118802792938e-01
3.951970281190200773e-01
4.184400846656481376e-01
4.485986402469984147e-01
5.415089055014875585e-01
4.518011031306771730e-01
3.290002825067589454e-01
3.578134574114347766e-01
3.930942652898397616e-01
4.545638144007976833e-01
4.878014552259575809e-01
3.928654117785720379e-01
3.123288352305074178e-01
3.480358649235414936e-01
4.747099885391708463e-01
4.364711974809210027e-01
3.148744410384418102e-01
3.491140004913843575e-01
3.983490078774303278e-01
4.132539240724122376e-01
4.458346292151881829e-01
4.319252157463229769e-01
4.362137866680567133e-01
4.656219501020289475e-01
3.514996163261245310e-01
2.216977055682274045e-01
3.420327850826888616e-01
5.293079554034404444e-01
5.451417462333442154e-01
3.049824993218457903e-01
2.686548875323097607e-01
3.019546281292540546e-01
4.032421783244757307e-01
4.335713053565808939e-01
4.485738986109080728e-01
3.753864488309178737e-01
4.122676150843205267e-01
3.044104417422666686e-01
3.074864424105767657e-01
4.634510021536697999e-01
4.668423777313988055e-01
4.713626236795706026e-01
4.110028066788867784e-01
2.553564389444497595e-01
3.274426848651700861e-01
4.851083746042759159e-01
5.573198479535133032e-01
4.278857052999364141e-01
2.117290152373484391e-01
2.922503270205433212e-01
4.508986578716273619e-01
4.400915743416510817e-01
