2.379263923080435106e+00
2.355211061860449373e+00
2.353226226952818134e+00
2.353954595798801730e+00
2.353828829983333204e+00
2.353086752067417020e+00
2.345339339415948299e+00
2.352518123688474017e+00
2.352964562531061343e+00
2.351382655070144434e+00
2.351257485301194716e+00
2.351562065072305696e+00
2.352618855550152599e+00
2.352313679732522811e+00
2.351956051821237903e+00
2.351814788796280364e+00
2.351892870890244236e+00
2.350163143892662898e+00
2.351770681353888559e+00
2.350557726688113913e+00
2.350687664829214096e+00
2.351886910425056154e+00
2.351763528795662861e+00
2.351503652513462495e+00
2.351171654602486338e+00
2.350371164127726953e+00
2.350268644126491946e+00
2.349692267142804436e+00
2.349631470397886002e+00
2.350293082033763081e+00
2.350718063201673314e+00
2.350410503197968293e+00
2.350516599478316149e+00
2.348207515264453260e+00
2.347525638046936702e+00
2.348734420387079691e+00
2.349304836905579119e+00
2.347595375489637259e+00
2.348568719454851017e+00
2.347555440372877111e+00
2.347585242698817520e+00
2.348032277587923655e+00
2.345870416864206387e+00
2.346591037105445476e+00
2.346522491755782536e+00
2.346339505474508424e+00
2.346064728029337854e+00
2.345910948027485343e+00
2.345522921743741218e+00
2.345586102674734885e+00
2.344156187076114062e+00
2.345624845698457417e+00
2.343532126370921898e+00
2.344169300099527842e+00
2.344273012193800465e+00
2.344729583827207531e+00
2.344740312664546078e+00
2.345320861973865245e+00
2.344121616378023187e+00
2.347482722697582513e+00
2.345958631748989998e+00
2.345816176630994843e+00
2.344866078480014604e+00
2.347617429210833162e+00
2.350726407852936628e+00
2.349893730866161601e+00
2.350722235527304971e+00
2.351639551119750760e+00
2.353781742308347358e+00
2.353653592306803599e+00
2.352540773456188727e+00
2.350204271102460662e+00
2.349803727841821566e+00
2.346493881522879743e+00
2.344626467779453716e+00
2.341141383783982288e+00
2.336708585823605855e+00
2.330326715746726673e+00
2.324634471492108112e+00
2.320213594462107842e+00
2.312716521348538556e+00
2.308783806417442186e+00
2.305342233817843756e+00
2.302968776579949584e+00
2.299747145145791372e+00
2.300731813994862485e+00
2.301784432147077730e+00
2.303936160079975259e+00
2.307153023141983006e+00
2.311118520631613826e+00
2.315464295800244265e+00
2.319397606777859444e+00
2.326395788955186283e+00
2.332082668791135571e+00
2.336673419078996172e+00
2.341476361927552485e+00
2.346918862690789975e+00
2.349210065509088619e+00
2.350889724599090069e+00
2.355118674650034105e+00
2.357520146074312262e+00
2.361596508216441848e+00
2.362715883578763609e+00
2.367472930845371692e+00
2.371175571820208106e+00
2.373988315342463906e+00
2.376543566768594573e+00
2.380016133787171029e+00
2.378291175161740156e+00
2.377613470269855256e+00
2.377603337479035517e+00
2.374264284880672093e+00
2.370345279019508311e+00
2.365809961057896871e+00
2.358942909114707387e+00
2.354601902318227413e+00
2.349219006206870741e+00
2.344711702431643285e+00
2.340569775172445244e+00
2.341553847974997549e+00
2.341986577747652287e+00
2.343804519630017236e+00
2.346408050824171365e+00
2.346706670130094263e+00
2.347968500610411180e+00
2.347807568050332971e+00
2.342210095192205355e+00
2.336595336985032301e+00
2.331587950180524782e+00
2.328893819915511809e+00
2.326988855241400422e+00
2.328705469215568424e+00
2.333450595551800344e+00
2.344550173825046269e+00
2.355593723725524224e+00
2.365383787796949022e+00
2.372273489507852773e+00
2.376048848157983784e+00
2.373551413244177510e+00
2.368464752252668504e+00
2.362001223802712602e+00
2.358020825150111133e+00
2.354884428368142490e+00
2.353884858356101173e+00
2.358776612135959905e+00
2.363150401490974772e+00
2.368137522713842813e+00
2.370655819255807373e+00
2.374416872789486987e+00
2.375020667913039674e+00
2.374904438841872079e+00
2.375070735820619561e+00
2.375366374893948418e+00
2.373408362079663547e+00
2.372286602531266553e+00
2.366275473389086059e+00
2.361297888910518950e+00
2.352935952298158551e+00
2.343851607305003082e+00
2.340100090515624398e+00
2.336598913264145150e+00
2.338723223057177503e+00
2.346853893620239884e+00
2.353304309046782006e+00
2.365577502915561681e+00
2.377274915847172210e+00
2.387241409688163785e+00
2.394074486979781202e+00
2.398917960991616471e+00
2.398871469363149433e+00
2.395894217001702575e+00
2.390724109497560423e+00
2.380368397279786663e+00
2.371450349265378676e+00
2.362457795436119667e+00
2.356455606991720853e+00
2.350205463195498279e+00
2.347082775483462225e+00
2.348951977366444677e+00
2.355445308142340988e+00
2.364943905466068585e+00
2.373768970223542496e+00
2.377735659806210933e+00
2.374170705577219209e+00
2.363373322889009032e+00
2.349105757368297187e+00
2.335234562782593226e+00
2.328309098280560985e+00
2.327308932222000415e+00
2.336676995358109021e+00
2.349700015747548942e+00
2.366565151997226835e+00
2.381844208460355716e+00
2.388237403421092253e+00
2.383169815918185108e+00
2.368142887132512087e+00
2.351642531352344800e+00
2.341246884017811336e+00
2.343322914042820226e+00
2.359550876563892174e+00
2.375192925356975238e+00
2.379507110060108843e+00
2.365477963146920715e+00
2.337340991180061334e+00
2.312767185302637252e+00
2.303361571235844174e+00
2.311116136445538594e+00
2.333488146482485259e+00
2.354361695571147717e+00
2.363147421258380732e+00
2.362416072179803095e+00
2.355257553488916411e+00
2.344144862192256706e+00
2.329694906436790003e+00
2.321467676337680253e+00
2.320843615632488088e+00
2.339655439812593496e+00
2.372743770211192427e+00
2.406477618989660616e+00
2.422105362666292727e+00
2.410915185322187515e+00
2.376475617465450441e+00
2.341255824715593459e+00
2.317443766289206231e+00
2.314217366482897553e+00
2.318692483746109367e+00
2.329498807132102112e+00
2.333832065323837579e+00
2.340778987500546915e+00
2.346649449664288678e+00
2.345396559881753884e+00
2.336754481405554085e+00
2.325099387776778492e+00
2.320155181903264641e+00
2.327756563157625358e+00
2.340127508655489574e+00
2.347166818042614178e+00
2.347001117110385504e+00
2.346841972689863720e+00
2.354667467435296313e+00
2.371732279268774946e+00
2.390951203221226340e+00
2.400480198917412711e+00
2.400202441239648099e+00
2.393326448598676937e+00
2.384270117791905008e+00
2.367615385963366847e+00
2.344526331964293941e+00
2.321561851687651945e+00
2.304015434266976747e+00
2.301292693769060982e+00
2.309874571546861155e+00
2.323380389616535702e+00
2.338285724912372299e+00
2.347780149910467795e+00
2.357794327472964024e+00
2.361071987279890649e+00
2.357708496774255646e+00
2.348966878529414881e+00
2.344068568237849259e+00
2.347359341068189220e+00
2.364856286627803783e+00
2.384673045238619338e+00
2.390600131821647878e+00
2.371993347644012928e+00
2.356713695134364794e+00
2.340818326570788255e+00
2.337755243510633019e+00
2.346256655008394088e+00
2.362188382409618370e+00
2.372994705795610670e+00
2.374619528605881769e+00
2.374785825584629251e+00
2.369252725750532917e+00
2.365647240358262238e+00
2.365010662676175102e+00
2.365441008262754607e+00
2.371057554609484086e+00
2.375642940478675413e+00
2.380775497052132650e+00
2.379899904716003434e+00
2.372986361144347356e+00
2.362067981012819118e+00
2.349992078541764950e+00
2.346473615941240265e+00
2.350392025755885239e+00
2.357269210489894018e+00
2.366293950831169113e+00
2.371388956473941434e+00
2.370029374364539976e+00
2.364954038256888325e+00
2.360800190067314119e+00
2.359912676800808740e+00
2.362975759860963976e+00
2.369064971097108341e+00
2.374692842327695175e+00
2.378618404700565847e+00
2.376950070494421752e+00
2.378014013530494353e+00
2.375017687680445633e+00
2.374361440463237827e+00
2.373693868362172665e+00
2.375335380474970393e+00
2.379405186105392644e+00
2.382504031956676371e+00
2.382048652416306922e+00
2.377872750505536814e+00
2.374864503725111931e+00
2.369121595516395118e+00
2.364741845696192613e+00
2.358579916784753205e+00
2.358977479812798261e+00
2.360613031460408351e+00
2.366178913853039134e+00
2.370481177625796576e+00
2.373355313939489619e+00
2.377929374924823591e+00
2.376681253514439263e+00
2.374781057212478785e+00
2.373278423938563364e+00
2.370139642970519489e+00
2.367990895270216001e+00
2.365573330589930023e+00
2.362584753344625810e+00
2.362246198921942764e+00
2.364266796620702493e+00
2.364185734294144581e+00
2.365399881052956843e+00
2.366675420603206348e+00
2.367525978985545621e+00
2.367495580613086403e+00
2.369284912262548559e+00
2.367582007358313589e+00
2.367356701774204097e+00
2.366783901069629437e+00
2.365601344776314008e+00
2.363350673121294321e+00
2.363567634054140498e+00
2.364508195460819806e+00
2.364390178250095786e+00
2.365370078727016434e+00
2.366574092695008957e+00
2.367076559910364253e+00
2.365210338259975842e+00
2.366463824089029444e+00
2.366418524553600022e+00
2.364068313129939369e+00
2.362466140087382982e+00
2.361131591931771467e+00
2.361694259845526389e+00
2.359863204939747661e+00
2.358354015154124905e+00
2.356992644905167023e+00
2.355901283729229245e+00
2.356146854894978215e+00
2.354483885107503394e+00
2.353592199515366357e+00
2.353941482775387950e+00
2.352357191128395808e+00
2.352182549498385011e+00
2.352524084153662098e+00
2.352474612292601019e+00
2.353714985098240842e+00
2.354374808594561497e+00
2.353476566490717570e+00
2.355360669536670226e+00
2.354212087894926864e+00
2.355502528608146573e+00
2.355444116049303371e+00
2.357065362580461620e+00
2.355740947215669845e+00
2.358141226546910385e+00
2.356564087458143941e+00
2.356657070715078017e+00
2.353858036262754805e+00
2.354473156270164846e+00
2.352949065321572331e+00
2.352690381132409581e+00
2.350940984599707573e+00
2.349581402490306115e+00
2.349667233189014492e+00
2.348821443178825685e+00
2.347275894555556075e+00
2.345987241981892790e+00
2.343968432422689485e+00
2.340990584014723819e+00
2.341724913325895496e+00
2.340934555641955850e+00
2.340311090983282494e+00
2.338695804917312326e+00
2.338735740034072474e+00
2.339955847258072819e+00
2.338697593056868751e+00
2.338981311199821445e+00
2.339597027253750294e+00
2.339259068877586056e+00
2.341363709135497739e+00
2.340867798431849334e+00
2.342527191940211306e+00
2.342967670317610551e+00
2.343578617999388936e+00
2.343036215667273492e+00
2.344593685220919266e+00
2.344675343593995986e+00
2.345752399653482367e+00
2.346294801985597811e+00
2.349186819694855100e+00
2.349719089236150804e+00
2.352596801828956696e+00
2.352986616252257246e+00
2.355782670471986417e+00
2.355992478846606897e+00
2.358377857014877232e+00
2.359312457956368458e+00
2.359378023073437802e+00
2.361803336358468286e+00
2.360483093319308168e+00
2.360722704019869056e+00
2.361159606118155452e+00
2.362423224738028793e+00
2.361828966358777038e+00
2.354488057433135051e+00
2.362904830325225802e+00
2.363742871730670103e+00
2.363182588002990414e+00
2.364237590341280892e+00
2.364750786393974735e+00
2.366515680136165756e+00
2.365705056870586631e+00
2.365542336170951998e+00
2.366327329436222371e+00
2.365582867334230954e+00
2.364576740810482747e+00
2.364767475696501364e+00
2.364725156393665984e+00
2.365709229196218288e+00
2.365585251520306187e+00
2.364477201041841781e+00
2.364764495463907323e+00
2.364748402207899503e+00
2.364379449412757239e+00
2.365048213606860017e+00
2.364904566395827246e+00
2.366680785021875622e+00
2.366350575250455890e+00
2.364799662208517006e+00
2.364344878714666365e+00
2.364754958719606392e+00
2.364387794064020554e+00
2.362284345899146487e+00
2.361633463100607955e+00
2.362159176130196769e+00
2.362181229851392672e+00
2.363415642191844412e+00
2.363816185452483509e+00
2.363915129174605667e+00
2.364250703364694672e+00
2.362643165903469011e+00
2.361776514265121918e+00
2.362572832414249646e+00
2.363050265675814998e+00
2.361297888910518950e+00
2.361720485892353949e+00
2.362696810090161748e+00
2.362725420323064540e+00
2.364665551741785166e+00
2.363414450098806796e+00
2.361676378449962144e+00
2.362149043339377030e+00
2.362932248465090979e+00
2.361817641474919682e+00
2.362814231254366959e+00
2.362357659620959893e+00
2.360495014249684331e+00
2.361685319147744266e+00
2.361370010539294739e+00
2.359558029122117873e+00
2.358825487950502175e+00
2.359172983070967344e+00
2.359326167026301047e+00
2.361429019144656749e+00
2.361836714963521544e+00
2.361178679606757314e+00
2.362633629159168080e+00
2.362683101020229159e+00
2.361324711003865318e+00
2.360531373087331630e+00
2.361282987747548745e+00
2.360716147508162166e+00
2.361768169613858603e+00
2.359920425405553246e+00
2.360808534718577434e+00
2.360913438905887674e+00
2.361186428211501820e+00
2.359122319116868649e+00
2.360011024476412089e+00
2.359230799583291738e+00
2.357935590497921563e+00
2.357987446545057875e+00
2.357567829795816916e+00
2.356920523276391233e+00
2.356576008388520105e+00
2.357422394445227720e+00
2.355529946748011749e+00
2.354405803013539522e+00
2.353264373930021858e+00
2.354218048360114945e+00
2.353351992768286660e+00
2.352770847412448685e+00
2.352505010665060237e+00
2.354256195337318669e+00
2.353923005333304896e+00
