2.375703737223593848e+00
2.361123247280508153e+00
2.359175367257042577e+00
2.358984632371023960e+00
2.345601599884223898e+00
2.363497896611439941e+00
2.363255305678285012e+00
2.364242954759950166e+00
2.365072055467612344e+00
2.365519090356718479e+00
2.365895791756605249e+00
2.365499420821597809e+00
2.365996523618283831e+00
2.362302227294710733e+00
2.355285567675300396e+00
2.349314373649880050e+00
2.368169709225858455e+00
2.365671082219014565e+00
2.366694494091808210e+00
2.365875526174965771e+00
2.364354415458967296e+00
2.361790223335054506e+00
2.362613363577528602e+00
2.360805554485983393e+00
2.362138910548557291e+00
2.361693663799007581e+00
2.361575646588283561e+00
2.362717075671801226e+00
2.361917777290079457e+00
2.362541837995271621e+00
2.364322824993470462e+00
2.364439054064638057e+00
2.367087288747702800e+00
2.367034836654047680e+00
2.368153019923331826e+00
2.369638963894720618e+00
2.371136828796485574e+00
2.373264714868630776e+00
2.373448297196423695e+00
2.375613734199253813e+00
2.375839635829882113e+00
2.378607079816708492e+00
2.380906031239751641e+00
2.381378696129166528e+00
2.383534000341176906e+00
2.387274192246698234e+00
2.389940904371846031e+00
2.390637086705814429e+00
2.392170714398707876e+00
2.393708514417232980e+00
2.397041606550408321e+00
2.397277640971856361e+00
2.395392941879384896e+00
2.394418405821133522e+00
2.392744111149801345e+00
2.389719771113368196e+00
2.385841892462002178e+00
2.380048916345705479e+00
2.374869868143781204e+00
2.370759531350079996e+00
2.366035862688525171e+00
2.360623164251228090e+00
2.357030791882370746e+00
2.352801245784907902e+00
2.347556632465914728e+00
2.341520469369944291e+00
2.337320725598421856e+00
2.332564274378332581e+00
2.331220189478420135e+00
2.328038493161021627e+00
2.323851266366394164e+00
2.321286478195962566e+00
2.320204057717806911e+00
2.316770829769471796e+00
2.316041864876969392e+00
2.314576782533738886e+00
2.312606848789077851e+00
2.310454524809661514e+00
2.312570489951430552e+00
2.314103521597805191e+00
2.316195644878821902e+00
2.319783248875528336e+00
2.322689571701237021e+00
2.329889813648440278e+00
2.336131612793399537e+00
2.342130821005203867e+00
2.350338381569192503e+00
2.357698960029954716e+00
2.366626544788664077e+00
2.374205276275310084e+00
2.379775330993572524e+00
2.385305450595074817e+00
2.391544269507440479e+00
2.393546985810635963e+00
2.398851203781509955e+00
2.399767327280918128e+00
2.399622487976847740e+00
2.398342180054447770e+00
2.397489833532552073e+00
2.396052169329186743e+00
2.395622419789126045e+00
2.392305420911958524e+00
2.390954779500339189e+00
2.388372705980861710e+00
2.384916828264811883e+00
2.381896660554010836e+00
2.378146335857669769e+00
2.357840819101431062e+00
2.357191724442448955e+00
2.367485447822266664e+00
2.361224575188705543e+00
2.355095428835800586e+00
2.350012940169923237e+00
2.342374007984877604e+00
2.336797396754908274e+00
2.329657355506105088e+00
2.324981370566054473e+00
2.322163858671648207e+00
2.318194784902904537e+00
2.317083158145327282e+00
2.312400020647051413e+00
2.311858214361454777e+00
2.312014378549382521e+00
2.312261737854687915e+00
2.313043750887364247e+00
2.316133059994347043e+00
2.317731060711271773e+00
2.317998685598216646e+00
2.321306743777602044e+00
2.321536221687343193e+00
2.324576058933264910e+00
2.324010410786915948e+00
2.324700036609177012e+00
2.326530495468436932e+00
2.327742854087692770e+00
2.329605499458968776e+00
2.331742326228896101e+00
2.332299629723981749e+00
2.336539308612264332e+00
2.338904421198895189e+00
2.343129198924207568e+00
2.374296471392687735e+00
2.352691573225447197e+00
2.359642667727788634e+00
2.364400907087434334e+00
2.372030898574697844e+00
2.377639100270164008e+00
2.381937787763808601e+00
2.387291477595743672e+00
2.390710400427627835e+00
2.393703746045082514e+00
2.395282673273405383e+00
2.395000743270009114e+00
2.395998525142494007e+00
2.395645665603359564e+00
2.393790172790309700e+00
2.389231012967945489e+00
2.387465523179235660e+00
2.381540820782282353e+00
2.377460882361040362e+00
2.371088549028462111e+00
2.364402695226990758e+00
2.357266230257299977e+00
2.353149336951891879e+00
2.347470205720687542e+00
2.342390101240885425e+00
2.338676731428710465e+00
2.336727063265688908e+00
2.335971276279840136e+00
2.336682955823297103e+00
2.337091843735199514e+00
2.343273442181759147e+00
2.349403184581182469e+00
2.356071156987089577e+00
2.364304943597906217e+00
2.375424787452791620e+00
2.384799407100606672e+00
2.393138097898733552e+00
2.402139592425774683e+00
2.409410167862196861e+00
2.417478849587303191e+00
2.421182682655177221e+00
2.424956849212271059e+00
2.423582365939899397e+00
2.421033074978956368e+00
2.415080358395619076e+00
2.409183074138530944e+00
2.399485993324040667e+00
2.391413139273302679e+00
2.378493234931616129e+00
2.367852016431333695e+00
2.358774823996403480e+00
2.349338811557151185e+00
2.340701501453101852e+00
2.334088365326925096e+00
2.329544702714050342e+00
2.327136674778064851e+00
2.324105182183406448e+00
2.327333966175790358e+00
2.330436388306187379e+00
2.336901108849180897e+00
2.345500271976026507e+00
2.352673095783364143e+00
2.362873239859728969e+00
2.371502801359033796e+00
2.377290413056661222e+00
2.385275648269134408e+00
2.388975905057895588e+00
2.392478274402412897e+00
2.394119190468691816e+00
2.395012068153866469e+00
2.391286181364796537e+00
2.387056635267333249e+00
2.381218359615607127e+00
2.374717280234966310e+00
2.367598696660840218e+00
2.360667271693619895e+00
2.352165860195858382e+00
2.347799223399069657e+00
2.341325562158294016e+00
2.337665240486292983e+00
2.334519903006542219e+00
2.332301417863538173e+00
2.330354729933110658e+00
2.331771532508317701e+00
2.332189361118002235e+00
2.333628813460923990e+00
2.336879651174503802e+00
2.338246385842130959e+00
2.341429274252566639e+00
2.343680541954105134e+00
2.345114033831838807e+00
2.344917338480632107e+00
2.344459574754187425e+00
2.341032903317559200e+00
2.342116515888752470e+00
2.340183537028257543e+00
2.337882201419139161e+00
2.334926406732369397e+00
2.332623282983694590e+00
2.329587618063404530e+00
2.329716960157985906e+00
2.328157106418264899e+00
2.329375425502708818e+00
2.328973690149032105e+00
2.332373539492313963e+00
2.337571661182840099e+00
2.341662328441420637e+00
2.346851509434164651e+00
2.351589483212170872e+00
2.356527728620496642e+00
2.360248250990897745e+00
2.364471836623172507e+00
2.368426605275464780e+00
2.371228619960382034e+00
2.371559425778320573e+00
2.372485086022029677e+00
2.371855064851649431e+00
2.370025202038908319e+00
2.368433757833690478e+00
2.365583463380749762e+00
2.359616441680961074e+00
2.355943603032064626e+00
2.351296228324917248e+00
2.346720379200026851e+00
2.341722529139820264e+00
2.338611166311641565e+00
2.333621660902698292e+00
2.331495562970109514e+00
2.330881039009218281e+00
2.328350821536877557e+00
2.328710237587718890e+00
2.329376021549227627e+00
2.329716364111467097e+00
2.331804911113370959e+00
2.335415164877792105e+00
2.336603681636295615e+00
2.340810577966043748e+00
2.343853991491078315e+00
2.346132677332481986e+00
2.348797601318073358e+00
2.349703592026661791e+00
2.353624982073900807e+00
2.354942244880466884e+00
2.358210367943092134e+00
2.360233349827927540e+00
2.361665649612623596e+00
2.362915559162564350e+00
2.363329215446617226e+00
2.365713997568368754e+00
2.365289016400458522e+00
2.367977186200283413e+00
2.369527503195703488e+00
2.371188684843621886e+00
2.372288986717341785e+00
2.372999474167761136e+00
2.374276205811048257e+00
2.374429985812900767e+00
2.386835502008855414e+00
2.375856921178927550e+00
2.377609893990742407e+00
2.379153058427936784e+00
2.378712580050537539e+00
2.380741522400560584e+00
2.381653473574337099e+00
2.382036135439411950e+00
2.380513832630375859e+00
2.380546019142391501e+00
2.379484460292394132e+00
2.379597709130967687e+00
2.378737017957808675e+00
2.378331110278500304e+00
2.375731751409977832e+00
2.374854966980811000e+00
2.372311636485056496e+00
2.370419188787840525e+00
2.368781849000674455e+00
2.366544290369068548e+00
2.366008444548659995e+00
2.363472862657649998e+00
2.363764329405347198e+00
2.362880988464473475e+00
2.361722870078429182e+00
2.361038608674837391e+00
2.359074635395363995e+00
2.358331961432929003e+00
2.358297390734838128e+00
2.357024831417182664e+00
2.356616539551799061e+00
2.356338185827515641e+00
2.356470508154691057e+00
2.354681772551747709e+00
2.354496402084398365e+00
2.356258911640514153e+00
2.356189174197813596e+00
2.355172318836726841e+00
2.356439513735713032e+00
2.357168478628215436e+00
2.357148809093094766e+00
2.358469648178773692e+00
2.361365242167144274e+00
2.361128611699177426e+00
2.364126725688782571e+00
2.365265174539706194e+00
2.366183682225189600e+00
2.367319746890037990e+00
2.367351933402053632e+00
2.366490646182375812e+00
2.369692012034894546e+00
2.369143053191072212e+00
2.369293256913811874e+00
2.371347233217624861e+00
2.370482965765353001e+00
2.371297165310044974e+00
2.370133086458812599e+00
2.369891091572176478e+00
2.369514986218808517e+00
2.369014307143009646e+00
2.368452235275773532e+00
2.367322727122632031e+00
2.368255539924566833e+00
2.366155071992286807e+00
2.364753766626568776e+00
2.363443060331709589e+00
2.362001223802712602e+00
2.359563393540787146e+00
2.359998507499517117e+00
2.358858866555555434e+00
2.357526106539500343e+00
2.354598922085633372e+00
2.354844493251382342e+00
2.353067082532296350e+00
2.350337189476154887e+00
2.348909658063609296e+00
2.347376030370715849e+00
2.346751969665523685e+00
2.347433250836521434e+00
2.345872801050281620e+00
2.343533318463959514e+00
2.344255130798236220e+00
2.343266289623533449e+00
2.342059891469465693e+00
2.340615670754393474e+00
2.337815444209032645e+00
2.338260690958582355e+00
2.339047472363409153e+00
2.338181416771580867e+00
2.338070552119082546e+00
2.337872664674838230e+00
2.336353938144914988e+00
2.336595336985032301e+00
2.336082736978857266e+00
2.335683981857774594e+00
2.335787097905528409e+00
2.336290757213921321e+00
2.336306850469929142e+00
2.334309498585402931e+00
2.335161845107298628e+00
2.337006609083009945e+00
2.336585800240731370e+00
2.336647789078687421e+00
2.336489836751203253e+00
2.336802165127058739e+00
2.337344567459174183e+00
2.336449901634443105e+00
2.337819616534664302e+00
2.336816470243510135e+00
2.338213603283596509e+00
2.338936607710910831e+00
2.338763158173937651e+00
2.336961309547580523e+00
2.337401787924979768e+00
2.339466493066131303e+00
2.338717858638508229e+00
2.339722793069218820e+00
2.340654413778116005e+00
2.339317481436429258e+00
2.341091911922921209e+00
2.339811604000521239e+00
2.339517753066748806e+00
2.341382186577580793e+00
2.341658752162307788e+00
2.342453282171879092e+00
2.341344635646895878e+00
2.341683190069578924e+00
2.342456858450991941e+00
2.343657892186390423e+00
2.342643421011378901e+00
2.343972604748321142e+00
2.343611996604442194e+00
2.342949788922046306e+00
2.344024460795457454e+00
2.344376128241554280e+00
2.344781439874343842e+00
2.344569247313648130e+00
2.347268741997330377e+00
2.345745247095256669e+00
2.346215527798596323e+00
2.345818560817070075e+00
2.346527856174451809e+00
2.347162645716982521e+00
2.348315995730876349e+00
2.348637860851032766e+00
2.350684088550101247e+00
2.349716705050075571e+00
2.351296228324917248e+00
2.351371330186287079e+00
2.349870485051928082e+00
2.351554912514079998e+00
2.352813166715284066e+00
2.353217286255036012e+00
2.353543919747342894e+00
2.353982013938666906e+00
2.354712170924206927e+00
2.354905886042819585e+00
2.378717944469206813e+00
2.354893965112443421e+00
2.355585975120779718e+00
2.356328053036695902e+00
2.355353516978444528e+00
2.355432791165446016e+00
2.355582398841666869e+00
2.357819957473272776e+00
2.356890720950450824e+00
2.358501834690789334e+00
2.357052845603566649e+00
2.358189506314933848e+00
2.358970327254572563e+00
2.357964200730824356e+00
2.359864993079304085e+00
2.360139770524474656e+00
2.359420938422791991e+00
2.359540743773072435e+00
2.360046191221021772e+00
2.359079403767514460e+00
2.360669059833176320e+00
2.361476702866161403e+00
2.362020893337833272e+00
2.361095829140642977e+00
2.362630052880055231e+00
2.361446304493702186e+00
2.363251729399172163e+00
2.363317890562759871e+00
2.361643595891427694e+00
2.362579984972475344e+00
2.361420674493393435e+00
2.362498326599398624e+00
2.362538261716158772e+00
2.364146395223903241e+00
2.364252491504251097e+00
2.363613529636088728e+00
2.363187356375140880e+00
2.364706678951582930e+00
2.362724228230026924e+00
2.364245934992544207e+00
2.364781780812952761e+00
2.363935990802763953e+00
2.363882346616071217e+00
2.365343852680188874e+00
2.364759727091756858e+00
2.366189046643858873e+00
2.366302295482432427e+00
2.365290804540014946e+00
2.364073677548608643e+00
2.366203351760310269e+00
2.366476341065924416e+00
2.366279645714717716e+00
2.366426273158344529e+00
2.365610285474096131e+00
2.365840359430356088e+00
2.366994901537287532e+00
2.366423292925750488e+00
