2.383311078943142647e+00
2.357939762823553220e+00
2.356512231411007630e+00
2.356996817230798680e+00
2.356784028623584160e+00
2.356139702336752517e+00
2.354860586507390163e+00
2.356059832103232221e+00
2.355532330934086982e+00
2.354301494872748091e+00
2.355059069998153287e+00
2.354580444643550319e+00
2.354302686965785707e+00
2.353167218347456124e+00
2.373677179059646036e+00
2.349953335518042419e+00
2.349741739003865515e+00
2.350755614132358229e+00
2.347467225488093501e+00
2.347529810372568360e+00
2.345669549187368030e+00
2.346420567801066337e+00
2.345341723602023531e+00
2.342808525897088767e+00
2.341416161229152859e+00
2.342052142864721187e+00
2.341988365887208712e+00
2.340176384470031845e+00
2.338948528641286995e+00
2.339785377953693679e+00
2.339380662367422925e+00
2.338769714685644541e+00
2.336429040006284819e+00
2.336820046522622984e+00
2.336191217445280355e+00
2.336280624423101582e+00
2.335893790232395073e+00
2.334430496028720992e+00
2.333154360431952679e+00
2.336096446048789854e+00
2.335880081162462485e+00
2.336181084654460616e+00
2.335834185580514255e+00
2.335638682322345172e+00
2.327380457804257397e+00
2.336671630939439748e+00
2.335666696508729157e+00
2.335851470929559692e+00
2.337709347928684789e+00
2.327622452690893518e+00
2.326353469652350903e+00
2.325963655229050353e+00
2.339868824466326824e+00
2.339604775858494801e+00
2.339186947248810267e+00
2.342839520316066793e+00
2.342199962401385616e+00
2.343142907994140156e+00
2.342456262404473133e+00
2.346093934308759454e+00
2.345056813366033222e+00
2.344267647775131191e+00
2.345887702213251824e+00
2.346186321519174722e+00
2.345798891281949405e+00
2.348175328752437618e+00
2.348889392481969818e+00
2.348045390611337435e+00
2.349952143425004802e+00
2.349511069001086749e+00
2.351581734607426366e+00
2.352876347646277733e+00
2.351645511584938841e+00
2.352302950895184264e+00
2.352013868333562296e+00
2.353977245566516441e+00
2.354471368130608422e+00
2.354856414181758506e+00
2.354234737662641574e+00
2.355808896518813977e+00
2.355693263494165191e+00
2.354392689990125742e+00
2.355160397906350678e+00
2.357108277929815809e+00
2.356127185359857545e+00
2.357716245379000153e+00
2.358601374459430300e+00
2.357291264211089921e+00
2.359594984006283980e+00
2.358598990273355067e+00
2.358176393291520068e+00
2.358720583763191936e+00
2.357903403985905921e+00
2.359344048421865292e+00
2.358763499112546125e+00
2.358857674462517817e+00
2.360292358433289550e+00
2.360359115643396066e+00
2.359159870047553564e+00
2.358959598417234016e+00
2.360204143548505940e+00
2.360489053784496249e+00
2.359847707730258648e+00
2.360027117732419910e+00
2.360713763322086933e+00
2.361153049606448562e+00
2.360517067970880234e+00
2.361949367755576290e+00
2.360015792848562555e+00
2.361240668444713364e+00
2.360613031460408351e+00
2.360961718673911136e+00
2.360924763789745029e+00
2.360875291928683950e+00
2.362512631715850020e+00
2.362758202881598990e+00
2.361480875191793061e+00
2.362635417298724505e+00
2.362662835438589681e+00
2.363226099398863411e+00
2.363356633586482403e+00
2.362357063574441085e+00
2.363821549871152783e+00
2.363130731955854102e+00
2.363034768466325986e+00
2.364600582671235074e+00
2.363867445453101013e+00
2.364223881271348304e+00
2.364639325694957606e+00
2.365229411748577704e+00
2.365442796402311032e+00
2.365528627101019410e+00
2.367533131543771319e+00
2.366591378044054395e+00
2.364818139650600060e+00
2.366149707573617533e+00
2.366256399900484197e+00
2.364780588719915144e+00
2.365716381754443987e+00
2.367465778287145994e+00
2.366377993390321066e+00
2.367842479687032764e+00
2.366992517351212300e+00
2.367236300377404845e+00
2.367391272472294972e+00
2.366782708976591820e+00
2.368260904343236106e+00
2.367390080379257356e+00
2.369460149939078164e+00
2.369636579708645385e+00
2.368625088766227904e+00
2.367710157359857348e+00
2.369597240638404045e+00
2.371047421818664347e+00
2.371847912293423732e+00
2.369995399712967910e+00
2.370976492282926174e+00
2.371262594611954100e+00
2.370435878090367154e+00
2.370766683908305694e+00
2.370927616468383903e+00
2.371439620428040129e+00
2.371684595547270291e+00
2.372968479748783110e+00
2.372320577182838619e+00
2.371535583917568246e+00
2.371837779502603993e+00
2.373782083246956276e+00
2.373450085335980120e+00
2.372601911139716080e+00
2.373965665574749195e+00
2.374438926510682890e+00
2.374553367442294061e+00
2.373938247434884019e+00
2.374367996974944717e+00
2.375365182800910802e+00
2.375037953262085111e+00
2.374178454181963716e+00
2.375331804195857544e+00
2.375572606989456048e+00
2.374597474884685866e+00
2.375638172106524948e+00
2.375134512798132036e+00
2.376908943284623987e+00
2.376320645370560314e+00
2.376570984908459749e+00
2.375669166525502973e+00
2.376909539331142796e+00
2.377329752126902562e+00
2.377133652822214671e+00
2.377213523055734967e+00
2.376877948865645962e+00
2.376647874909386005e+00
2.376896426307729016e+00
2.378011033297900312e+00
2.376759931654921942e+00
2.377856061203010185e+00
2.378551647490459331e+00
2.377451345616739431e+00
2.376838013748885814e+00
2.378201768183918929e+00
2.377769634457782999e+00
2.378509924234142758e+00
2.377479359803123415e+00
2.378742978422996757e+00
2.378786489818869754e+00
2.379771754714459675e+00
2.380219981696603426e+00
2.379997060298569167e+00
2.378776357028050015e+00
2.379110143078582595e+00
2.379381940291159125e+00
2.380616948678129674e+00
2.379335448662692087e+00
2.380756423563530788e+00
2.380932257286579201e+00
2.381024048450475661e+00
2.381304786360834314e+00
2.381746456831271175e+00
2.381117627753928545e+00
2.380005404949832482e+00
2.382191107534302077e+00
2.382353828233936710e+00
2.382189319394745652e+00
2.382831261495502062e+00
2.381628439620547155e+00
2.381840632181242867e+00
2.384165213604594769e+00
2.382560656375963148e+00
2.382729337540785863e+00
2.382315085210214178e+00
2.383587644527869642e+00
2.383366511269391808e+00
2.383299158012766483e+00
2.382984445450835764e+00
2.384647415238310586e+00
2.383454726154175418e+00
2.384437606863690107e+00
2.385605261994035331e+00
2.384363101048839084e+00
2.385034845475535903e+00
2.385549233621267362e+00
2.385763214321519499e+00
2.385753081530699760e+00
2.385701821530082256e+00
2.386076734790412601e+00
2.385683344087999203e+00
2.386098192465089696e+00
2.384183691046677822e+00
2.384901331055322871e+00
2.386222766187520605e+00
2.386360452933365295e+00
2.385676787576292313e+00
2.385893748509138490e+00
2.387004779220196937e+00
2.384952591055940374e+00
2.386229322699227495e+00
2.386623309448159702e+00
2.386923716893639025e+00
2.386933253637939956e+00
2.385868714555348546e+00
2.385953949207538116e+00
2.386229918745746303e+00
2.387807057834512747e+00
2.386607812238670689e+00
2.385356710595692320e+00
2.385808513856948920e+00
2.387451218062784264e+00
2.387779639694647571e+00
2.386439727120366783e+00
2.387746261089594313e+00
2.387951897138583135e+00
2.387919114580048685e+00
2.386859939916126550e+00
2.387503670156439384e+00
2.386231706885302728e+00
2.387022660615761183e+00
2.388099716675247564e+00
2.388093160163540674e+00
2.388055609232855758e+00
2.388193892025219256e+00
2.388211177374264693e+00
2.386724637356357093e+00
2.381290481244382917e+00
2.387716458763653904e+00
2.387734936205736958e+00
2.386977957126850569e+00
2.386873648986059138e+00
2.388195680164775681e+00
2.387989448069268050e+00
2.388041304116404362e+00
2.388011501790463953e+00
2.387721227135804369e+00
2.387029813173986881e+00
2.387011931778422635e+00
2.387887524114551852e+00
2.386676357588333630e+00
2.387724207368398410e+00
2.386284755025476656e+00
2.386364029212478144e+00
2.387416051318174581e+00
2.387111471547063601e+00
2.385010407568264768e+00
2.386371181770703842e+00
2.385415719201054330e+00
2.386666224797513891e+00
2.386820600845885210e+00
2.386736558286733256e+00
2.386690066658266218e+00
2.385491417108942969e+00
2.386312173165341832e+00
2.385663078506359724e+00
2.384052560812540023e+00
2.384454296166216736e+00
2.385790036414865867e+00
2.385681555948442778e+00
2.385381744549482264e+00
2.385266707571352285e+00
2.384436414770652490e+00
2.385571883388982073e+00
2.383259818942525143e+00
2.384224222209956778e+00
2.384516881050691595e+00
2.384808347798388795e+00
2.383166835685591067e+00
2.383519099178206702e+00
2.384097860347969444e+00
2.382844970565434650e+00
2.382912919868578783e+00
2.382829473355945638e+00
2.382316873349770603e+00
2.381207034731749772e+00
2.381434128455415689e+00
2.382436082653532239e+00
2.381947324508109531e+00
2.382067725904908784e+00
2.381860301716363537e+00
2.379343793313955402e+00
2.380301044023161339e+00
2.379159614939643674e+00
2.379292533313337898e+00
2.378060505158961391e+00
2.379113719357695445e+00
2.378309652603823210e+00
2.378019973995682435e+00
2.376330778161380053e+00
2.375315710939849723e+00
2.374498531162563708e+00
2.374381706044877305e+00
2.374065801389908970e+00
2.374369785114501141e+00
2.373226567891427052e+00
2.372777744862764493e+00
2.370868011816503085e+00
2.371079012284161180e+00
2.369038149003761973e+00
2.368122025504353800e+00
2.367661281545315077e+00
2.365423126867190362e+00
2.366524620833947878e+00
2.364375277087125582e+00
2.364437861971600441e+00
2.364174409410287225e+00
2.363350077074775513e+00
2.361063642628627335e+00
2.361672802170849295e+00
2.360071225174811715e+00
2.358591241668610561e+00
2.358387393759178163e+00
2.358062548406427705e+00
2.357257885606036663e+00
2.355244440465502631e+00
2.356942576997587135e+00
2.355510873259409887e+00
2.354194802545881426e+00
2.354646009760619219e+00
2.352655810434318706e+00
2.352472228106525787e+00
2.350999993205069583e+00
2.352220696475588735e+00
2.353354376954361893e+00
2.352382821128704560e+00
2.352208179498693763e+00
2.352530640665368988e+00
2.377453133756295856e+00
2.351942342751305315e+00
2.351744455307060999e+00
2.353331131140128374e+00
2.355061454184228520e+00
2.354647797900175643e+00
2.355410141397731305e+00
2.356446070247419922e+00
2.357119602813673165e+00
2.357725186076782276e+00
2.357743663518865329e+00
2.359217090513359150e+00
2.362112684501729731e+00
2.361979170081516699e+00
2.361900491941034019e+00
2.364405079413065991e+00
2.365377231285242132e+00
2.366357727808681588e+00
2.367236300377404845e+00
2.367480679450116199e+00
2.368458195740961614e+00
2.370124741807549285e+00
2.370974704143369749e+00
2.371062919028153360e+00
2.371938511364282576e+00
2.372594758581490382e+00
2.372777148816245685e+00
2.372286006484747745e+00
2.371698304617202879e+00
2.371583863685591709e+00
2.369821354129475921e+00
2.370326801577425258e+00
2.370316072740086710e+00
2.367368622704580261e+00
2.366216464783724049e+00
2.365335508028925560e+00
2.363875194057845519e+00
2.359651608425570757e+00
2.356828732112494773e+00
2.355853003961205783e+00
2.353413981606242711e+00
2.351367157860655421e+00
2.349005621553137413e+00
2.346187513612212339e+00
2.345470469650086098e+00
2.346400302219426859e+00
2.338254134446875465e+00
2.337169925829163386e+00
2.337405364204092617e+00
2.335007469058927310e+00
2.335198799991464735e+00
2.334138433234504983e+00
2.334302942073696041e+00
2.334865013940932155e+00
2.335536162321110165e+00
2.336612622334077738e+00
2.339682857952458672e+00
2.339781205628062022e+00
2.344159763355226911e+00
2.347169798275208219e+00
2.350088638077811876e+00
2.352371496244847204e+00
2.356644553738183046e+00
2.357784194682144285e+00
2.361135168210884316e+00
2.362970395442294702e+00
2.364169641038136760e+00
2.366547270601662589e+00
2.366816087581645078e+00
2.366994305490768724e+00
2.366382165715952723e+00
2.362612171484490986e+00
2.361306233561782264e+00
2.356590313504971501e+00
2.354123276963624445e+00
2.351160329718628983e+00
2.347286623392894622e+00
2.343159597296666785e+00
2.340303342378537987e+00
2.337621133043901178e+00
2.336917202105188718e+00
2.334288040910725837e+00
2.332857529265586205e+00
2.332449833446721410e+00
2.335995714187111272e+00
2.338158170957347348e+00
2.341265957506413198e+00
2.345648091512690936e+00
2.349360865278347088e+00
2.354296726500597625e+00
2.359699888193594219e+00
2.357780022356512628e+00
2.361829562405295846e+00
2.362633033112649272e+00
2.363914533128086859e+00
2.363776846382242169e+00
2.364185734294144581e+00
2.360534949366444479e+00
2.358217520501317832e+00
2.354119104637992788e+00
2.352869791134570843e+00
2.349176090857516552e+00
2.349312585510323625e+00
2.346259635240988128e+00
2.346233409194160568e+00
2.345499079882988891e+00
2.345795315002836556e+00
2.346612494780122571e+00
2.347884458051259227e+00
2.351880353913349264e+00
2.355237287907276933e+00
2.358632368878408325e+00
2.362276001247883173e+00
2.362487597762060076e+00
2.362858338696758764e+00
2.361654324728766241e+00
2.359224243071584848e+00
2.355404180932543223e+00
2.350113672031601819e+00
2.347135227577117345e+00
2.344219964053626537e+00
2.342419903566825834e+00
2.343501131951943872e+00
2.346598189663671175e+00
2.353012842299084806e+00
2.357254905373442622e+00
2.364673300346529672e+00
2.369097157609123983e+00
