2.374993249773174497e+00
2.363571806379772156e+00
2.371234580425570115e+00
2.372671648582416637e+00
2.370058580643961577e+00
2.366970463630016397e+00
2.358039302592194186e+00
2.357532067004688425e+00
2.362155599851083920e+00
2.363269610794736408e+00
2.368541642253594759e+00
2.370731517163696012e+00
2.364427133134261894e+00
2.359150333303252633e+00
2.356602234435347665e+00
2.361145301001704055e+00
2.371207162285704939e+00
2.376586482117948762e+00
2.378916427959969937e+00
2.369736119477286351e+00
2.352040094380389856e+00
2.339164893527614364e+00
2.344229500797927468e+00
2.353557628817275482e+00
2.380306408441830612e+00
2.400211977983949030e+00
2.398990678666911069e+00
2.376405283976231075e+00
2.343649547535127109e+00
2.322419562628216916e+00
2.322951832169512620e+00
2.348191422008445439e+00
2.393240021853449750e+00
2.431536606733394557e+00
2.429374149963158480e+00
2.390187667630632617e+00
2.332179228327182496e+00
2.294405376244232020e+00
2.298814928390375378e+00
2.337536494438230417e+00
2.399794745420783304e+00
2.446213656212527177e+00
2.452618772103639877e+00
2.410752464622552882e+00
2.332808057404525126e+00
2.282246623307063960e+00
2.284246359377665403e+00
2.327377477571663356e+00
2.393566059299237825e+00
2.444419556190914555e+00
2.456586653779346374e+00
2.421141555445379456e+00
2.349736374585196241e+00
2.296864664180834570e+00
2.288603459430153197e+00
2.321628012851239653e+00
2.374031826738336903e+00
2.419863631709054719e+00
2.439691119157209265e+00
2.423582365939899397e+00
2.375594660710651951e+00
2.330926934591166511e+00
2.310549892252670823e+00
2.321013488890348420e+00
2.357992810963727148e+00
2.389198826455929847e+00
2.416639616088821274e+00
2.420406034041170162e+00
2.400922465434368380e+00
2.369840427618077783e+00
2.337230126527563012e+00
2.320820965864773378e+00
2.325279393825458563e+00
2.347850483399687160e+00
2.384336278955492716e+00
2.415160228629139372e+00
2.429091027866724595e+00
2.420730879393920620e+00
2.380240843324761713e+00
2.329911271323117372e+00
2.297086989532350465e+00
2.302267825873831164e+00
2.340820710756863487e+00
2.396356153053778915e+00
2.448076897630321547e+00
2.468678053459889110e+00
2.430706909979213570e+00
2.354808134413735043e+00
2.282670412381936575e+00
2.266756566376276982e+00
2.313687481127677081e+00
2.391142534153763766e+00
2.463555629677251613e+00
2.492865621193125492e+00
2.452619368150158685e+00
2.358058376080796048e+00
2.263702424013903425e+00
2.238946227901724484e+00
2.301701581680963393e+00
2.407680440864615523e+00
2.497953474277672115e+00
2.512406410265732859e+00
2.442621879890189085e+00
2.325512448014312561e+00
2.226794031476262870e+00
2.214427258304030754e+00
2.304136431710294808e+00
2.433539323036590041e+00
2.532921735396592045e+00
2.533677522382440817e+00
2.437273554476923287e+00
2.300810492135345164e+00
2.198103928339949498e+00
2.198937201373243333e+00
2.305632508472503339e+00
2.453079516062678600e+00
2.557614750577777762e+00
2.546789949749701965e+00
2.434968642588692056e+00
2.292207752729386261e+00
2.193976902243721661e+00
2.194751762718172294e+00
2.299116527928892317e+00
2.446356707377041140e+00
2.555402225899961799e+00
2.552486962376470991e+00
2.448276573214122287e+00
2.309950269454749794e+00
2.199955844873886512e+00
2.187106274021419772e+00
2.274470600422692446e+00
2.413962771172853738e+00
2.532739345161836741e+00
2.559965558047957224e+00
2.482315001763701456e+00
2.351587695072614448e+00
2.232182888052807623e+00
2.185758016795875669e+00
2.226600316357650211e+00
2.336378972098704931e+00
2.467413242746978153e+00
2.551811045624142515e+00
2.548187082789788782e+00
2.455218727018681601e+00
2.323730268923076103e+00
2.219125893011795636e+00
2.181619665815790476e+00
2.226894763337941452e+00
2.338035981420991671e+00
2.460325653591830086e+00
2.549653953272575713e+00
2.564425178101680025e+00
2.159981389043496680e+00
2.181405685115538340e+00
2.205603981686113269e+00
2.292461668546398545e+00
2.412162114639534227e+00
2.514733971921678801e+00
2.567794629072502666e+00
2.555229968456026235e+00
2.479820547082489224e+00
2.375224515822472071e+00
2.267229231265691869e+00
2.198053860432369611e+00
2.174960038061146683e+00
2.204356456322247748e+00
2.282609019590499333e+00
2.387472675737461358e+00
2.488547860210879037e+00
2.561561770625325529e+00
2.581882188544534440e+00
2.549141949312919486e+00
2.471628483727989600e+00
2.370855494839608113e+00
2.276319536724035419e+00
2.201180124423518514e+00
2.163416405131388220e+00
2.168340941469781402e+00
2.207900548923081185e+00
2.281343612831069567e+00
2.377384588406632915e+00
2.470395859527094284e+00
2.551629847482424829e+00
2.597933721296038723e+00
2.601666164596815545e+00
2.561649985510109140e+00
2.484494147836464606e+00
2.396725105848921178e+00
2.306033051733142436e+00
2.226557401008296022e+00
2.167233487037835804e+00
2.133755342215936324e+00
2.130376354500812752e+00
2.155539054338819316e+00
2.209125424519231995e+00
2.285078440317921622e+00
2.370620652511197690e+00
2.459789807771421533e+00
2.542562787838314353e+00
2.595925044527655157e+00
2.629455045396690949e+00
2.630133942381613465e+00
2.599000048518186556e+00
2.548089331160704241e+00
2.476051744944065103e+00
2.399999785423253318e+00
2.325644770341487977e+00
2.254126340642731208e+00
2.197298073446520839e+00
2.157025594356726916e+00
2.126686826549390119e+00
2.114208592678140874e+00
2.115057958967442531e+00
2.132890478717145655e+00
2.168447633796648066e+00
2.211967970367428205e+00
2.270942601077866829e+00
2.335937897674786878e+00
2.400352644962387760e+00
2.465626295283591229e+00
2.521579566190191191e+00
2.572021194937371469e+00
2.612285329375902521e+00
2.633081988463638723e+00
2.644462304647243744e+00
2.643496709286774493e+00
2.628246263056547960e+00
2.605390263246329052e+00
2.572393724011626581e+00
2.537533347312610932e+00
2.491270600708794802e+00
2.450122529282871220e+00
2.406133104101789488e+00
2.365610285474096131e+00
2.328794876193389651e+00
2.291535412256170634e+00
2.252454430157474263e+00
2.221406366992755732e+00
2.194079422244956667e+00
2.190302871501788040e+00
2.174729964104886726e+00
2.161225934174768160e+00
2.151586073826083467e+00
2.146075623759701845e+00
2.145905154455322705e+00
2.140048997408031894e+00
2.140467422064235237e+00
2.143193142794745487e+00
2.148643988209246292e+00
2.155635613874866241e+00
2.163139839546661225e+00
2.176785728548256138e+00
2.192560099668514617e+00
2.203399801659560620e+00
2.221349146526950147e+00
2.243712215866114690e+00
2.264097006809354440e+00
2.285155330318847877e+00
2.310295380389139730e+00
2.335121313944019672e+00
2.363705916846503996e+00
2.388997362732572682e+00
2.416830350974839892e+00
2.445240908293832227e+00
2.471714314426697978e+00
2.499407231737045265e+00
2.522903981554982966e+00
2.549841707926000289e+00
2.571558066792257513e+00
2.593402575660058940e+00
2.614186121724381806e+00
2.632096127521529993e+00
2.648315149344819819e+00
2.661997397184061587e+00
2.673689445697003286e+00
2.682236752776712585e+00
2.690987907765854281e+00
2.692494117318882552e+00
2.695375406190801293e+00
2.694210731293050110e+00
2.690377556130594705e+00
2.687855683309517296e+00
2.678709349478405777e+00
2.669022401454734794e+00
2.657946665042241197e+00
2.643416839053254197e+00
2.628087118636026176e+00
2.609919024696234047e+00
2.592614602162194526e+00
2.574391075896152792e+00
2.551780051205164490e+00
2.530578676531157090e+00
2.509368361159367566e+00
2.485543785756085811e+00
2.462151344078939541e+00
2.437377266571195911e+00
2.414328743735401961e+00
2.391585396717238243e+00
2.364322228946951654e+00
2.338892500268519026e+00
2.321259656102616198e+00
2.296289479290184676e+00
2.273237976221797130e+00
2.252393037366037021e+00
2.232624558523244485e+00
2.214334871093615487e+00
2.193243765025587599e+00
2.176426908543933614e+00
2.160865326030889211e+00
2.143057244188457222e+00
2.129789844726305503e+00
2.116139783399079377e+00
2.104389322327294476e+00
2.094131361738605701e+00
2.084772239300279661e+00
2.078128108755124881e+00
2.071534046117549543e+00
2.067498811185218166e+00
2.067693718396868441e+00
2.062493212520267072e+00
2.063087470899518827e+00
2.066070087679634959e+00
2.066616662337382060e+00
2.070768722387399841e+00
2.075736174075147211e+00
2.082612762762637626e+00
2.092546474045094751e+00
2.098410975743648432e+00
2.108800066566475007e+00
2.123741164653440094e+00
2.131883756146878639e+00
2.144961016769530548e+00
2.160010595322918281e+00
2.175372502252161944e+00
2.190891169415851714e+00
2.207286621008708760e+00
2.226199773097011114e+00
2.246836095671188360e+00
2.263798387503431542e+00
2.285402689624153272e+00
2.307294882213459353e+00
2.328405657816607910e+00
2.350900453436428617e+00
2.373439356498641573e+00
2.397538709347094343e+00
2.422746112674011520e+00
2.444694929682603934e+00
2.469749745100706217e+00
2.492923437705449885e+00
2.516158523101630795e+00
2.544193571113773533e+00
2.561784692023359788e+00
2.585751722544637143e+00
2.610655738193480957e+00
2.631067947276585883e+00
2.651510554732150471e+00
2.668841203313017107e+00
2.688401661920745589e+00
2.707476938662164212e+00
2.720008816720106193e+00
2.734468309219874271e+00
2.748304337060968550e+00
2.758261294157659194e+00
2.768135996834754753e+00
2.775459620411350858e+00
2.782088253747016626e+00
2.790139054076558711e+00
2.789298628485039178e+00
2.789790366863055926e+00
2.791266774090143787e+00
2.789438699416959100e+00
2.784099910747994233e+00
2.777723405089784325e+00
2.769024106147778941e+00
2.764320703067863150e+00
2.753632992939113677e+00
2.744394867944105698e+00
2.733656493861257086e+00
2.718425717166151667e+00
2.704343522112789611e+00
2.689361892862545567e+00
2.675078234085826345e+00
2.658578474352177867e+00
2.640789465998347740e+00
2.624056056029326456e+00
2.607568813272572950e+00
2.588734935371272083e+00
2.572903939831726383e+00
2.555076784500692533e+00
2.536048595434259756e+00
2.521397772001954696e+00
2.503176033875469386e+00
2.484540043418412836e+00
2.471848424893429819e+00
2.444264584096024429e+00
2.435734562365360567e+00
2.421826412895490055e+00
2.406432915500750003e+00
2.393296646272736528e+00
2.378990933774820959e+00
2.366258188040040622e+00
2.355647367912216961e+00
2.340213339354197952e+00
2.331243435292653654e+00
2.320602216792370776e+00
2.307305015004279092e+00
2.300102984917519855e+00
2.291167055507547179e+00
2.283712301696813274e+00
2.279140624897554535e+00
2.269761236877589017e+00
2.261593611430360085e+00
2.258485228834775427e+00
2.250979215023424018e+00
2.246415882875428593e+00
2.259421617915823077e+00
2.237185506485165121e+00
2.233359483880934970e+00
2.231118945016735022e+00
2.229193118714465793e+00
2.229144838946442331e+00
2.226035264257820057e+00
2.223858502371132584e+00
2.222531702820265576e+00
2.222519185843370604e+00
2.224006321907797012e+00
2.220809128380909936e+00
2.221366431875995584e+00
2.224375274702939276e+00
2.223499682366810060e+00
2.223256495387136322e+00
2.223233249572902803e+00
2.225882080302486354e+00
2.228122619166686302e+00
2.227534917299141437e+00
2.228167322655596916e+00
2.249861627800658681e+00
2.229548958486194277e+00
2.231015232922462399e+00
2.236020235540895129e+00
2.235762147398251187e+00
2.238413958360428779e+00
2.240241436987094659e+00
2.244303494012772404e+00
2.247296243583708275e+00
2.247058421022703811e+00
2.250302702224576734e+00
2.254731923905840318e+00
2.255281478796181460e+00
2.258333236972479341e+00
2.259735734431234988e+00
2.262064488180218547e+00
2.267713817085482919e+00
2.267516525687757412e+00
2.271973761555404980e+00
2.272966179009220600e+00
2.274360927863231741e+00
2.277568850227457364e+00
2.277698192322038739e+00
2.281410370041176083e+00
2.284968767758460917e+00
2.286328349867862375e+00
2.289397989439724501e+00
2.294746314852990299e+00
2.295354878348693450e+00
2.299821054914123586e+00
2.302199876570687032e+00
2.307477272448214656e+00
2.314517177881858068e+00
2.317058124191537338e+00
2.323183694265329002e+00
2.333148399966764597e+00
2.339068333991567439e+00
2.346237581519792226e+00
2.356298846757274301e+00
2.367267890842901679e+00
2.380439922862043645e+00
2.390522645774202815e+00
2.405955482239184651e+00
2.422675183138273347e+00
2.434541277234706591e+00
2.450494462310607524e+00
2.466813619949057124e+00
2.484565077372202779e+00
2.503517568530746473e+00
2.517301144278186076e+00
2.533036772374722023e+00
2.548903530705396214e+00
2.558582730124322246e+00
2.569180437228731684e+00
2.576520750107854418e+00
2.580170938989036156e+00
2.582003185987852500e+00
2.575996229171303220e+00
2.569305606997681402e+00
2.560285038982038408e+00
2.542871539935056990e+00
2.525523606005144917e+00
2.506197989725826858e+00
2.483676968059178147e+00
2.462514932455412531e+00
2.431290439521126778e+00
2.406107474101480737e+00
2.378111765159578894e+00
2.347750943631046194e+00
2.316821493723570491e+00
2.281973037954931005e+00
2.248978882906303767e+00
2.215200926685443772e+00
2.177392503904402865e+00
2.142096417200138436e+00
2.113558305926121150e+00
