2.283828530767980869e+00
2.383995936393253245e+00
2.460599834990481849e+00
2.392980741617768192e+00
2.263325126567497847e+00
2.275879654393154983e+00
2.386350916189064364e+00
2.450176173469563956e+00
2.394275354656619559e+00
2.291571175047299125e+00
2.299405014443995476e+00
2.366366072459944903e+00
2.399401354718369905e+00
2.371812149502295242e+00
2.337796966766949591e+00
2.360471172388932004e+00
2.374804303026712304e+00
2.336819450476104176e+00
2.312637247161537069e+00
2.365379019424798557e+00
2.424289873157724706e+00
2.397793817257144244e+00
2.289888535724703633e+00
2.260523111882580594e+00
2.378322169580718182e+00
2.468295391594814259e+00
2.410901476252254927e+00
2.267278703126752948e+00
2.249822884776936149e+00
2.377707049573308140e+00
2.465456422025730898e+00
2.394450592333149164e+00
2.274279865536673828e+00
2.280852470499571627e+00
2.379198954009885014e+00
2.418830683091960143e+00
2.367908044804101664e+00
2.316507973254677388e+00
2.332781235311178758e+00
2.358854694229923776e+00
2.348463219221021969e+00
2.353740615098549593e+00
2.373705193246030021e+00
2.368661447603875203e+00
2.316834606746984271e+00
2.296715056504613717e+00
2.369236036448006288e+00
2.428671411117483636e+00
2.369303985751150421e+00
2.264191182159326132e+00
2.283001218199875115e+00
2.402445960336442088e+00
2.452552610940052169e+00
2.345381658718783680e+00
2.241522937002532245e+00
2.299843704681838297e+00
2.422899296629345223e+00
2.435636214689757217e+00
2.316590823720791725e+00
2.254300982272742004e+00
2.330895344125669677e+00
2.420556237763909824e+00
2.403509307325995881e+00
2.315298594868015591e+00
2.292989169715543785e+00
2.348231953171724395e+00
2.387566851087433051e+00
2.367694660150368335e+00
2.335844318371333994e+00
2.336594144891994684e+00
2.345935981981275287e+00
2.345866244538574730e+00
2.355648560005254577e+00
2.369892283665214094e+00
2.362401767063351699e+00
2.328602949214333417e+00
2.319081702122891109e+00
2.358402294922148368e+00
2.394275950703138367e+00
2.370777412745644241e+00
2.318463601882887026e+00
2.312366642041998155e+00
2.360213084246288062e+00
2.397754478186902904e+00
2.372693106257093731e+00
2.326167503138482751e+00
2.319198527240577512e+00
2.354961914415587554e+00
2.384513900818097554e+00
2.373347565334745113e+00
2.343495767533274599e+00
2.327959815020538947e+00
2.339753191441678037e+00
2.361874861940725268e+00
2.373726054874188307e+00
2.365023179653070073e+00
2.344847004991412742e+00
2.333566824622967939e+00
2.344828527549329689e+00
2.369144841330628637e+00
2.379080936799160995e+00
2.366832180837652899e+00
2.341365497275054164e+00
2.337621133043901178e+00
2.355057281858596863e+00
2.374605819535949180e+00
2.373696252548247898e+00
2.359580082843313775e+00
2.346876543387954595e+00
2.350135129706278914e+00
2.364741249649673804e+00
2.372429653695780516e+00
2.373866125806108229e+00
2.367823406198430902e+00
2.357855124217882459e+00
2.349370998069166827e+00
2.352212947870844229e+00
2.363109274281177008e+00
2.374720260467560351e+00
2.374735757677049364e+00
2.360930128208414303e+00
2.345909159887928919e+00
2.346371095940005258e+00
2.360720319833793823e+00
2.372203156018633408e+00
2.372864767654510487e+00
2.362551374739572552e+00
2.348898929226270749e+00
2.344996016621114787e+00
2.355014366509242674e+00
2.363000197768235111e+00
2.363457961494679793e+00
2.355919761171312299e+00
2.353913468589003966e+00
2.356678528389755112e+00
2.362351699155771811e+00
2.364784164999027993e+00
2.359641475634751018e+00
2.357758564681835534e+00
2.359450144702213592e+00
2.363906188476823544e+00
2.369342728774872953e+00
2.365885658965785510e+00
2.355930490008650846e+00
2.350393217848922855e+00
2.353930753938049403e+00
2.365181728027073049e+00
2.375011131168738743e+00
2.378513500513255607e+00
2.366600914788355325e+00
2.351798695540272544e+00
2.343796174978753921e+00
2.347541731302944523e+00
2.362405939388983356e+00
2.373622342779915684e+00
2.379164383311794140e+00
2.372501775324556306e+00
2.376825496771990842e+00
2.347199004554629820e+00
2.348999661087949331e+00
2.356349510711372996e+00
2.364669128020898015e+00
2.368117257132203335e+00
2.365432663611491293e+00
2.358770055624253015e+00
2.352671307643807719e+00
2.350739520876350408e+00
2.354291362081928352e+00
2.361473126587048554e+00
2.364985628722385158e+00
2.365774198266768380e+00
2.361725850311023223e+00
2.356325668850620669e+00
2.353921217193748472e+00
2.351639551119750760e+00
2.353505176723620362e+00
2.356360239548711544e+00
2.356291098152529795e+00
2.354946417206098541e+00
2.354330105105650883e+00
2.351330799023008122e+00
2.350228112963212990e+00
2.350887936459533645e+00
2.355598492097674690e+00
2.358137650267797536e+00
2.358857674462517817e+00
2.356823367693825499e+00
2.354004663706381617e+00
2.348398846196990686e+00
2.343848031025890233e+00
2.340063135631458291e+00
2.342216651703912245e+00
2.346622031524423502e+00
2.351360005302429723e+00
2.358528060737616894e+00
2.361570282169614288e+00
2.360504550993985262e+00
2.358472032364848925e+00
2.353402060675866547e+00
2.346872371062322937e+00
2.342670839151244078e+00
2.340931575409361809e+00
2.341668884953127527e+00
2.344622891500340867e+00
2.347548883861170221e+00
2.352426332524577557e+00
2.358808202601456738e+00
2.360675020298364402e+00
2.360168380757377449e+00
2.358100099337112621e+00
2.354781312320388675e+00
2.350776475760516515e+00
2.348081749448984734e+00
2.344307582891891339e+00
2.344559114522828391e+00
2.348568719454851017e+00
2.350950521344008504e+00
2.352617067410596174e+00
2.355592531632486608e+00
2.356881780252668701e+00
2.357834858636242981e+00
2.356843633275464978e+00
2.354459447200232258e+00
2.353336495558797647e+00
2.351183575532862502e+00
2.347793858980400383e+00
2.347367089672933727e+00
2.346431296638404884e+00
2.346032541517322212e+00
2.345209997321366924e+00
2.346877139434473403e+00
2.346959393854068932e+00
2.344878595456909576e+00
2.346298974311229468e+00
2.345302384531782192e+00
2.345974128958479010e+00
2.344810050107246635e+00
2.342663090546499571e+00
2.341937105886591208e+00
2.338697593056868751e+00
2.339096348177951423e+00
2.339480202136063891e+00
2.338444869332894083e+00
2.338448445612006932e+00
2.339231650737720880e+00
2.338483016310097806e+00
2.339672725161638933e+00
2.339921872606500752e+00
2.338429372123405070e+00
2.338749449104005063e+00
2.337572257229358907e+00
2.335061113245620046e+00
2.335959355349463973e+00
2.334015051605111690e+00
2.333179990432261430e+00
2.332730571357080063e+00
2.334472815331556372e+00
2.334877530917827126e+00
2.335050384408281499e+00
2.335190455340201421e+00
2.334032336954157127e+00
2.336352150005358563e+00
2.337409536529724274e+00
2.337480466065462448e+00
2.338973562595076938e+00
2.339265029342774138e+00
2.338165323515573046e+00
2.338459770495864287e+00
2.339892666327079152e+00
2.339049856549484385e+00
2.339641730742660908e+00
2.338342349331659076e+00
2.340119760050745068e+00
2.338519375147745105e+00
2.340422551682299623e+00
2.340111415399481753e+00
2.340824883082495145e+00
2.340714614476515631e+00
2.338553349799317171e+00
2.340235989121912663e+00
2.340722959127778946e+00
2.340051810747600936e+00
2.341517489137350250e+00
2.339905183303974123e+00
2.341735046116715235e+00
2.342299502170026582e+00
2.340866010292292909e+00
2.341742794721459742e+00
2.341775577279994192e+00
2.340904753316015441e+00
2.343297880089030283e+00
2.343335431019715198e+00
2.343349140089647786e+00
2.344264071496018342e+00
2.344932835690121120e+00
2.345246952205533031e+00
2.344826143363254456e+00
2.344772499176561720e+00
2.344269435914687616e+00
2.346539181058309165e+00
2.345636766628833580e+00
2.347314041532759799e+00
2.348123472705301307e+00
2.347415965487475997e+00
2.349378746673911333e+00
2.349461597140025670e+00
2.349313777603361242e+00
2.349923533192102010e+00
2.351208013440133637e+00
2.350492161571045013e+00
2.350150626915767926e+00
2.352630180434009954e+00
2.351799291586791352e+00
2.353791279052648289e+00
2.354055923706999121e+00
2.352710646714049059e+00
2.352779788110230808e+00
2.353589219282772316e+00
2.355722469773586791e+00
2.354123873010143253e+00
2.354581040690069127e+00
2.355883998380183808e+00
2.355236691860758125e+00
2.355193776511403936e+00
2.354378980920193154e+00
2.353858036262754805e+00
2.355732006517887722e+00
2.354517859759075460e+00
2.355634254888803181e+00
2.353878301844394283e+00
2.355246228605059056e+00
2.353936714403237485e+00
2.355002445578866510e+00
2.353974861380441208e+00
2.354284209523702653e+00
2.354473156270164846e+00
2.354100031149390926e+00
2.355918569078274682e+00
2.356564683504662749e+00
2.356032413963367045e+00
2.358109040034894743e+00
2.358973307487166604e+00
2.358556670970519686e+00
2.360018773081156596e+00
2.360477132854120086e+00
2.361947579616019866e+00
2.363380475447234730e+00
2.362485809622503652e+00
2.364476008948804164e+00
2.363558693356358376e+00
2.364775820347764679e+00
2.363255901724803820e+00
2.361781878683791192e+00
2.361057682163439253e+00
2.361259145886796418e+00
2.362221761014671628e+00
2.360599322390475763e+00
2.358418388178156189e+00
2.357546968167658630e+00
2.356877011880518236e+00
2.357284707699383031e+00
2.353881282076988324e+00
2.352492493688165265e+00
2.352056187636397677e+00
2.351784986470339955e+00
2.351938170425673658e+00
2.352129501358211083e+00
2.353056949741476611e+00
2.354224008825303027e+00
2.355228347209494810e+00
2.380755827517011980e+00
2.355870289310251220e+00
2.355915588845680642e+00
2.354929131857053104e+00
2.354449314409412519e+00
2.352975291368399891e+00
2.353053373462363762e+00
2.351998967170592092e+00
2.351081651578146303e+00
2.349984925983539252e+00
2.349250596672367575e+00
2.349903863656981340e+00
2.351406496930896761e+00
2.353976649519997633e+00
2.355405969072099648e+00
2.355894131171003547e+00
2.358090562592811690e+00
2.357461733515469060e+00
2.356125397220301121e+00
2.353385967419858726e+00
2.350893896924721727e+00
2.350341361801786544e+00
2.349957507843674076e+00
2.353807372308656110e+00
2.356147450941497024e+00
2.361136956350440741e+00
2.365008278490099869e+00
2.367337032239083427e+00
2.364961786861632831e+00
2.359764857264144311e+00
2.353273314627803980e+00
2.350445073896059167e+00
2.348621767595024945e+00
2.350858134133593236e+00
2.357089800487732756e+00
2.366066261060984388e+00
2.371692940198533606e+00
2.370497866928323205e+00
2.367930098525297566e+00
2.361831946591371079e+00
2.359020395162152450e+00
2.358433289341126393e+00
2.360944433324865699e+00
2.364397330808321485e+00
2.369150205749297911e+00
2.368656679231724738e+00
2.367613001777291615e+00
2.362732572881290238e+00
2.362353487295328236e+00
2.365575118729486448e+00
2.369082256446153778e+00
2.368588133882061797e+00
2.365809365011378063e+00
2.362074537524526008e+00
2.359209341908614643e+00
2.361204309607066065e+00
2.364134474293527077e+00
2.370838805537081484e+00
2.372957154864925755e+00
2.372996493935167095e+00
2.369206234122065879e+00
2.368794365977569427e+00
2.371530815545417781e+00
2.371541544382756328e+00
2.371881886944995799e+00
2.369085832725266627e+00
2.370490118323578699e+00
2.372618600442242709e+00
2.377133652822214671e+00
2.372868343933623336e+00
2.363483591494988545e+00
2.362109704269135690e+00
2.369969173666140350e+00
2.379584596107553907e+00
2.376488730488864221e+00
2.363594456147486866e+00
2.359594387959765172e+00
2.369479223427680026e+00
2.378331706325019113e+00
2.372874304398811418e+00
2.363565845914584074e+00
2.366869731768337815e+00
2.376275941881649700e+00
2.375926062575109299e+00
2.364600582671235074e+00
2.366635485486446200e+00
2.376140043275361435e+00
2.369520350637477790e+00
2.356699986064432206e+00
2.364286466155823163e+00
2.385903285253439421e+00
2.384069846161585460e+00
2.355990094660531664e+00
2.352513951362842359e+00
2.375255510241450096e+00
2.381791756366700596e+00
2.367709561313338540e+00
2.363018675210318165e+00
2.368009968758817863e+00
2.366900130140797032e+00
2.366062088735352731e+00
2.380204484487114414e+00
2.375214979078171140e+00
2.349992674588283759e+00
2.354522032084707117e+00
2.386375950142854308e+00
2.382895634519533345e+00
2.347032707575882338e+00
2.348894160854120283e+00
2.381058023102047727e+00
2.376779005143523804e+00
2.352510971130248318e+00
2.354692501389086257e+00
2.368842049699074082e+00
2.366476937112443224e+00
2.369931026688936626e+00
2.367479487357078582e+00
2.350985092042099378e+00
2.354480904874909353e+00
2.383417175223490503e+00
2.381192729615298376e+00
2.346123140588181055e+00
2.340128104702008383e+00
2.381121204033041394e+00
2.389679835996608048e+00
2.337994854211193907e+00
2.332720438566260324e+00
2.395680236301450439e+00
2.384738014309169429e+00
2.313496746241658464e+00
2.351181787393306077e+00
2.411212016488553989e+00
2.335819284417544051e+00
2.321003356099528681e+00
2.416855980975148643e+00
2.349595707606757511e+00
2.281755480975566019e+00
2.427423885753618116e+00
2.403126049414402221e+00
2.244488864480121748e+00
2.377892420040657484e+00
2.462140019195082186e+00
