2.423011353374881161e+00
2.392719673242530209e+00
2.392903255570323129e+00
2.392562913008083658e+00
2.391420291831528377e+00
2.388779805753207697e+00
2.391045974617716841e+00
2.386579202005767897e+00
2.384903119194879295e+00
2.383607910109509120e+00
2.380999014496685717e+00
2.381137893335568023e+00
2.377590224455621737e+00
2.374803110933674688e+00
2.371118351354402520e+00
2.371067091353785017e+00
2.374851390701698151e+00
2.367086692701183992e+00
2.369001194119595866e+00
2.369372531100813362e+00
2.369393988775490456e+00
2.367303057587511361e+00
2.368227525738182848e+00
2.368659659464318779e+00
2.372455879742608076e+00
2.371169611355020024e+00
2.372841521840276968e+00
2.376587078164467570e+00
2.376041099553239277e+00
2.376261040718679496e+00
2.374330446044259801e+00
2.375862285597596824e+00
2.377192661427576681e+00
2.373577639291005070e+00
2.373165771146508618e+00
2.370484157858390617e+00
2.371421739032475884e+00
2.373381539986317179e+00
2.368989869235738510e+00
2.368958874816760485e+00
2.368027254107863300e+00
2.365402861285550884e+00
2.366209908272017159e+00
2.365178151747960200e+00
2.364422960808630236e+00
2.365916653384763535e+00
2.364772244068651830e+00
2.364374681040606774e+00
2.363757176847121499e+00
2.362495346366804583e+00
2.364164872665986294e+00
2.361117286815320071e+00
2.360251827270010594e+00
2.360440177969953979e+00
2.358772439810328247e+00
2.357742471425827713e+00
2.356425804665780444e+00
2.356630844668250457e+00
2.358801646089749848e+00
2.354765815110899663e+00
2.356677336296717495e+00
2.355120462789590530e+00
2.356496138154999809e+00
2.359788699124896638e+00
2.357653064448006486e+00
2.357475442585401648e+00
2.357819957473272776e+00
2.355159205813313061e+00
2.354409379292652371e+00
2.353817505099475849e+00
2.354927343717496679e+00
2.358200831198791203e+00
2.353857440216235997e+00
2.357096953045958454e+00
2.359257025630119298e+00
2.361032052163130501e+00
2.364025397780585180e+00
2.366021557572073775e+00
2.368718668069680788e+00
2.373012587191174916e+00
2.365538759891839149e+00
2.364554091042768036e+00
2.361742539613549852e+00
2.356839460949833320e+00
2.351320666232188383e+00
2.343378942415588195e+00
2.342745941012613908e+00
2.344075124749556149e+00
2.345915716399635809e+00
2.354520243945150693e+00
2.364892049418932274e+00
2.367493792473529979e+00
2.370530053440338847e+00
2.372237726716724282e+00
2.371512338103334727e+00
2.371027752283543677e+00
2.363356037539963594e+00
2.356905026066902220e+00
2.348892372714563859e+00
2.343071382411883175e+00
2.343055289155875354e+00
2.345476430115274180e+00
2.353349608582211427e+00
2.363277359399480915e+00
2.368965431328467375e+00
2.374207064414866508e+00
2.378801987028358766e+00
2.375791952108377458e+00
2.372998878121242328e+00
2.364233418015649235e+00
2.359757108659399805e+00
2.361309213794376305e+00
2.359727306333459396e+00
2.364188118480219813e+00
2.369294449006849490e+00
2.376612112118257514e+00
2.380643174724957234e+00
2.380504295886074928e+00
2.378412172605058217e+00
2.370989009259821145e+00
2.356686873041018426e+00
2.352921647181707154e+00
2.349232119230284521e+00
2.353412193466686286e+00
2.360406799364900721e+00
2.366695686184845826e+00
2.377345845382910383e+00
2.385003851056557878e+00
2.388528870168789453e+00
2.386942194335722078e+00
2.380585358212632840e+00
2.373641416268517546e+00
2.369209214354659920e+00
2.366967483397422356e+00
2.370124741807549285e+00
2.374303027904394625e+00
2.383031533125821610e+00
2.391269492062269908e+00
2.394012498141825152e+00
2.394801067686208373e+00
2.391743945091241219e+00
2.383709238017706511e+00
2.373633667663773039e+00
2.369850560408897522e+00
2.362603826833227672e+00
2.362408919621577397e+00
2.365460677797875277e+00
2.372122689738594303e+00
2.379070207961822447e+00
2.380548403328466733e+00
2.384491251050382843e+00
2.386322902002680379e+00
2.380062625415638067e+00
2.375225111868990879e+00
2.367759033174399619e+00
2.363992019175531922e+00
2.364647074299702112e+00
2.364645286160145687e+00
2.371489688335620016e+00
2.378249451905423584e+00
2.390211509491384945e+00
2.401997733354298337e+00
2.410158802289819935e+00
2.415375401422429125e+00
2.424223711994136998e+00
2.420355966133590275e+00
2.419500639379100537e+00
2.417446067028768741e+00
2.408290792499875099e+00
2.403941441052131811e+00
2.397277044925337552e+00
2.391521023693206960e+00
2.392484234867600978e+00
2.388663576682040102e+00
2.391134785549019259e+00
2.393436121158137642e+00
2.393049286967431133e+00
2.395797061419136842e+00
2.395742225139406489e+00
2.397654342371743130e+00
2.399499702393973255e+00
2.397538709347094343e+00
2.394631194428348042e+00
2.394244360237641533e+00
2.388780997846245313e+00
2.385344789665316156e+00
2.378468200977826186e+00
2.376663372118875017e+00
2.374550983256218828e+00
2.370389982508418925e+00
2.373248621612622955e+00
2.373042985563634133e+00
2.374512240232496296e+00
2.382998154520768352e+00
2.382753775448056999e+00
2.386398599910569018e+00
2.392701791846965964e+00
2.395363139553444487e+00
2.396888422595074619e+00
2.398535895173060428e+00
2.400062966354246985e+00
2.401086974273559438e+00
2.399664211233164313e+00
2.399918127050176597e+00
2.401304531252924424e+00
2.397356915158857849e+00
2.395081805596567026e+00
2.389914082278499663e+00
2.390584038565640057e+00
2.389173792502139904e+00
2.384508536399428280e+00
2.384738610355688238e+00
2.384053752905577639e+00
2.382877753123969100e+00
2.383711026157262935e+00
2.382179186603925913e+00
2.383406446386151956e+00
2.385910437811665119e+00
2.383332536617819741e+00
2.385663674552878533e+00
2.388249324351468417e+00
2.386620329215565661e+00
2.388441251330524651e+00
2.388628409937430419e+00
2.388903783429119798e+00
2.391026305082596171e+00
2.386790798519944801e+00
2.388472841796021484e+00
2.389232801107501913e+00
2.386064217813517629e+00
2.385188029430869605e+00
2.385017560126490466e+00
2.381220147755163552e+00
2.382610128237024227e+00
2.379316971220609034e+00
2.380098984253285366e+00
2.377333924452534220e+00
2.376349255603463106e+00
2.377227828172186364e+00
2.373228952077502285e+00
2.373374387428091481e+00
2.370932980887053176e+00
2.370202227854994348e+00
2.370817943908923198e+00
2.367105170143267046e+00
2.365795655941445474e+00
2.368327065506823814e+00
2.363648696380698411e+00
2.364005728245464510e+00
2.360012216569449706e+00
2.360940857045752850e+00
2.361191792630171093e+00
2.358349246781974440e+00
2.358073277243766253e+00
2.357720417704631810e+00
2.357410473514851557e+00
2.358215732361761408e+00
2.354513687433443803e+00
2.353849095564972682e+00
2.355090064417131313e+00
2.353300136721150349e+00
2.352526468339737331e+00
2.351752203911805505e+00
2.350061219937946699e+00
2.352396530198637148e+00
2.348942440622143746e+00
2.348637860851032766e+00
2.349555176443478555e+00
2.347610872699126272e+00
2.346532624546602275e+00
2.344331424752643667e+00
2.345036547784393743e+00
2.345832865933521472e+00
2.342675011476875735e+00
2.342514078916797526e+00
2.342536132637993429e+00
2.341372053786761054e+00
2.341041247968822514e+00
2.339530866090162586e+00
2.341340463321264220e+00
2.340476791915511168e+00
2.339547555392689215e+00
2.338822762825818469e+00
2.337587158392329112e+00
2.337391655134160029e+00
2.340236585168431471e+00
2.338133733050076213e+00
2.337923328628936925e+00
2.339600007486344335e+00
2.336771170708080714e+00
2.338231484679160754e+00
2.334041277651939250e+00
2.336451093727480721e+00
2.337832133511559274e+00
2.335959951395982781e+00
2.337022106292498957e+00
2.339168469806727213e+00
2.338104526770654612e+00
2.338437120728149576e+00
2.338534872357234118e+00
2.338036577467510480e+00
2.344164531727377376e+00
2.340163867493136873e+00
2.341009061456806872e+00
2.342453282171879092e+00
2.341966312166012809e+00
2.343612592650961002e+00
2.342934291712557293e+00
2.344075720796074958e+00
2.346939128272429453e+00
2.346865218504097239e+00
2.345673721512999688e+00
2.344489377080127834e+00
2.347224634554938572e+00
2.347646635490254763e+00
2.348359507126749346e+00
2.348119300379669649e+00
2.352460903222668431e+00
2.351147216695215203e+00
2.353559416956831907e+00
2.353216094161998395e+00
2.353065890439258734e+00
2.355887574659296657e+00
2.355076355347198724e+00
2.356001419544389019e+00
2.359625978425262005e+00
2.358376068875320808e+00
2.360211892153250446e+00
2.359459681446514523e+00
2.360706014717342427e+00
2.362087650547939788e+00
2.361789627288535698e+00
2.361404581237385614e+00
2.366178317806520326e+00
2.363364978237745717e+00
2.364608927322498388e+00
2.364958806629038790e+00
2.364453359181089454e+00
2.367513462008650649e+00
2.366892977582571334e+00
2.367666049917465543e+00
2.366106196177744536e+00
2.369364782496068855e+00
2.371014639260129897e+00
2.371859833223799896e+00
2.370298787391041273e+00
2.371080800423717605e+00
2.371329947868579424e+00
2.373866721852627037e+00
2.372416540672366736e+00
2.372687145791905650e+00
2.376011297227298869e+00
2.373033448819333202e+00
2.374311372555657940e+00
2.376106068623789369e+00
2.373973414179493702e+00
2.373391076730618110e+00
2.374021097900998356e+00
2.373718902315962609e+00
2.374509856046421064e+00
2.372616216256167476e+00
2.375096365820928312e+00
2.376410052348381541e+00
2.374314948834770789e+00
2.374652907210935027e+00
2.373369023009422207e+00
2.374954506749451966e+00
2.374758407444764075e+00
2.373886987434266516e+00
2.373378559753723138e+00
2.374152824181654964e+00
2.372530981603977907e+00
2.375086233030108573e+00
2.372165605087948492e+00
2.372769400211501178e+00
2.374887749539345450e+00
2.371590420197298599e+00
2.373151466030057222e+00
2.370416208555246484e+00
2.370832249025374594e+00
2.372679397187161143e+00
2.370366736694185406e+00
2.370384022043230843e+00
2.372122093692075495e+00
2.369852348548453946e+00
2.369595452498847621e+00
2.368451639229254724e+00
2.368431969694134054e+00
2.371534987871049438e+00
2.367642208056713216e+00
2.367112322701492744e+00
2.366782708976591820e+00
2.367609425498178766e+00
2.368002220154073356e+00
2.364963575001189255e+00
2.365385575936505447e+00
2.369355841798286733e+00
2.365317626633361314e+00
2.365849300128138211e+00
2.364224477317867112e+00
2.363996191501163580e+00
2.366819067814239119e+00
2.363215370561524864e+00
2.364027781966660413e+00
2.366289182459018647e+00
2.362708731020537911e+00
2.363615317775645153e+00
2.363102121722951310e+00
2.363739295451557254e+00
2.366413756181449557e+00
2.365005894304024636e+00
2.363018675210318165e+00
2.365121527328673423e+00
2.362077517757120049e+00
2.362718267764838842e+00
2.362001223802712602e+00
2.362158580083677961e+00
2.364856882674322591e+00
2.362278385433958405e+00
2.362301631248191924e+00
2.361617369844600134e+00
2.363343520563068623e+00
2.364867611511661138e+00
2.361238880305156940e+00
2.362442894273149463e+00
2.364739461510117380e+00
2.364518924298158353e+00
2.364384813831426513e+00
2.364104671967586668e+00
2.364576144763963939e+00
2.367662473638352694e+00
2.366190238736896490e+00
2.366550846880775438e+00
2.365395708727325186e+00
2.369638367848201810e+00
2.371192857169253543e+00
2.368870063885458066e+00
2.370716616000725807e+00
2.372143551366752590e+00
2.371339484612880355e+00
2.372233554391092625e+00
2.371197029494885200e+00
2.373390480684099302e+00
2.375173255821854568e+00
2.374603435349873948e+00
2.376473233279375208e+00
2.378891990052698802e+00
2.377330944219940179e+00
2.378518268885406073e+00
2.378106400740909621e+00
2.378742382376477948e+00
2.380317733325687968e+00
2.379324719825353540e+00
2.380513832630375859e+00
2.378400251674682053e+00
2.379181668660839577e+00
2.380869672402104342e+00
2.378804371214433999e+00
2.378287002836108499e+00
2.380956099147331528e+00
2.376293227230695138e+00
2.375296041404729053e+00
2.374101564181037460e+00
2.374064013250352545e+00
2.376889273749503317e+00
2.373494192778371925e+00
2.373897120225086255e+00
2.373165771146508618e+00
2.374493166743894434e+00
2.377211734916178543e+00
2.372969075795301919e+00
2.377327367940827330e+00
2.380789802168584046e+00
2.380083487043796353e+00
2.381302402174759081e+00
2.383109615219785482e+00
2.383163855452997026e+00
2.386011765719862510e+00
2.383846328717032392e+00
2.385148690360628265e+00
2.386641786890242756e+00
2.382538006608248438e+00
2.377450749570220623e+00
2.373313590683173047e+00
2.369624658778269222e+00
2.366368456646020135e+00
2.359931750289410601e+00
2.354142350452226307e+00
2.348216455962235383e+00
2.344889324294248123e+00
2.343741338699023569e+00
2.339703719580616958e+00
2.339411656786400950e+00
2.345399540114347925e+00
2.347392123626723670e+00
2.355301660931308216e+00
2.362057252175480571e+00
2.371725126710549247e+00
2.380586550305670457e+00
2.384960339660684880e+00
2.390462445075803188e+00
2.394962000246286582e+00
2.390992926477542913e+00
2.386769340845267706e+00
2.378742978422996757e+00
2.370413824369171252e+00
2.361765189381264562e+00
2.351085227857259152e+00
2.344199102425468251e+00
2.336013595582675517e+00
2.335429469994243501e+00
2.339881341443221796e+00
