2.285610709859217327e+00
2.255051404839921503e+00
2.483661470849689135e+00
2.369326635518865132e+00
2.267220886614428554e+00
2.458488042174344468e+00
2.375626251176148784e+00
2.234853772503587521e+00
2.389918850650650128e+00
2.508893312083877447e+00
2.288891945945256357e+00
2.209155226845172404e+00
2.464154060382135025e+00
2.511587442348890420e+00
2.233772544118469039e+00
2.207452321940937434e+00
2.488392292069470102e+00
2.521943750613182988e+00
2.248857885462985706e+00
2.189314030327085270e+00
2.421468784984205147e+00
2.550483053980237891e+00
2.333645502763450619e+00
2.200931573025175503e+00
2.301427400282311631e+00
2.474398907947410020e+00
2.475330528656307205e+00
2.305378592655491055e+00
2.239944605820728185e+00
2.333966771837088228e+00
2.384964511986316538e+00
2.439292960082645401e+00
2.421794822429993221e+00
2.333635966019149688e+00
2.281804952836627098e+00
2.230986026643040798e+00
2.324646392422484276e+00
2.504582703659856691e+00
2.558152980584261549e+00
2.422134568945714328e+00
2.147165196796083197e+00
2.042325382509873055e+00
2.263712556804723164e+00
2.562094040166621234e+00
2.734902827132085434e+00
2.607184959314460482e+00
2.172184249423056990e+00
1.863609774543020015e+00
2.007829190233849204e+00
2.386852191311382043e+00
2.747595041703586816e+00
2.895672666510661575e+00
2.629102185857556506e+00
2.088172088643561519e+00
1.748171657105881849e+00
1.847908717144574720e+00
2.221487429319313645e+00
2.668622454240614505e+00
2.991937755577296798e+00
2.933353535336677531e+00
2.478833494047342878e+00
1.950383418844153782e+00
1.717739906041610976e+00
1.851483208117867374e+00
2.183014414669801617e+00
2.560242123632684219e+00
2.846312266148598891e+00
2.892707931126109688e+00
2.644839006047130514e+00
2.247600823354819255e+00
1.896502005636931054e+00
1.844139915006150598e+00
2.025758865566118505e+00
2.276644978123304686e+00
2.449532443229251122e+00
2.489758430690578450e+00
2.427646211105133567e+00
2.289747272699746095e+00
2.168955465430672636e+00
2.113264454992348718e+00
2.207892204271817871e+00
2.434811882354245505e+00
2.654286343370240164e+00
2.765103908193577098e+00
2.731998888492451538e+00
2.573588201235318174e+00
2.348290365730567597e+00
2.124505892337070989e+00
1.946528189960502475e+00
1.827757576436707554e+00
1.775390717433776633e+00
1.786888454781586422e+00
1.849000674367031305e+00
1.946484678564629478e+00
2.059298999225974036e+00
2.176159283656988741e+00
2.282349739354817775e+00
2.373529359522981608e+00
2.447899871814235517e+00
2.504889667617042903e+00
2.545997207879687085e+00
2.570374318405904468e+00
2.582921097626817097e+00
2.581946561568565723e+00
2.567144342320482941e+00
2.540302579438993735e+00
2.500300705468738727e+00
2.447098189246438515e+00
2.379604265642674576e+00
2.303149378675148462e+00
2.215326096454393490e+00
2.124580398151922012e+00
2.035554890102730941e+00
1.959731812445141275e+00
1.902588236640481600e+00
1.874522790255879201e+00
1.877873763784618788e+00
1.910246242314129095e+00
1.968276139292256754e+00
2.052822357752604354e+00
2.174524328055897904e+00
2.329198399686622789e+00
2.507425845554571708e+00
2.673876008257390247e+00
2.786873911246527502e+00
2.821877339110057115e+00
2.777943346255224544e+00
2.665874679788908796e+00
2.504694164358873820e+00
2.328411618281795992e+00
2.169391175435921415e+00
2.052867061241514968e+00
1.992831467727597783e+00
1.990599273514660927e+00
2.043288593684267074e+00
2.129938856356007548e+00
2.235061196692132768e+00
2.344568651267129322e+00
2.428797176932952162e+00
2.479196486377297060e+00
2.487285433684043312e+00
2.453603440952711434e+00
2.377639696316682816e+00
2.268265756161899294e+00
2.136194364570899396e+00
2.002981543896382277e+00
1.885739789693330559e+00
1.808234668759664210e+00
1.777474496063530029e+00
1.799144363301320437e+00
1.874041184668682192e+00
1.993271350058478220e+00
2.144332187692187919e+00
2.315365948124640916e+00
2.491673528155509132e+00
2.663350422781756155e+00
2.818627693489514918e+00
2.948660009939671589e+00
3.044465547140305706e+00
3.106325043001775921e+00
3.134657518226804385e+00
3.131010905624735940e+00
3.101188910149205835e+00
3.046754365772529116e+00
2.976632473067339912e+00
2.892349111121787164e+00
2.797831034401778716e+00
2.697969996687173300e+00
2.593521784963820576e+00
2.487424908569444426e+00
2.385897324788251339e+00
2.286477361497564420e+00
2.192241810827471049e+00
2.105481279549751061e+00
2.027671578844973954e+00
1.958528990570186368e+00
1.898576843568902550e+00
1.848037463192637286e+00
1.806450701528871328e+00
1.772731157866854312e+00
1.748802274322780903e+00
1.731771437140874559e+00
1.717353071850904467e+00
1.712992395519303823e+00
1.711189950846427887e+00
1.715845670204838580e+00
1.724585500310122921e+00
1.739290563975639747e+00
1.757021755817145703e+00
1.777680728159037660e+00
1.803259468467172111e+00
1.833891491161762533e+00
1.868422254135877481e+00
1.908592213224436396e+00
1.950974696990811497e+00
1.995831369856759352e+00
2.047282701406801131e+00
2.100542438094906483e+00
2.157020229938057643e+00
2.214778329703608772e+00
2.277171287199412308e+00
2.343424837997536425e+00
2.410448480897960710e+00
2.479153571027942871e+00
2.549396461176450579e+00
2.620071485051093774e+00
2.690549217528011461e+00
2.758337588112066641e+00
2.826211193348311390e+00
2.889399276900205038e+00
2.947478049692874968e+00
3.000740766613574806e+00
3.043525581780145206e+00
3.077999720334973155e+00
3.101249706894124269e+00
3.112684859357459644e+00
3.110832942823522629e+00
3.096372258230716934e+00
3.071397909092653755e+00
3.032685283742580840e+00
2.984207628274873070e+00
2.924824109652532478e+00
2.858984811184979602e+00
2.783820364930673197e+00
2.706783140514271491e+00
2.623107746017902642e+00
2.537013594748210199e+00
2.452813679315290152e+00
2.366747542231982138e+00
2.282811675406894114e+00
2.204248571902343468e+00
2.127368107720387869e+00
2.053753382414982731e+00
1.986302970207091567e+00
1.923293700610840373e+00
1.868525966230150104e+00
1.816224672344287860e+00
1.770071002253413406e+00
1.732615439011506941e+00
1.701104247701674455e+00
1.673121055736667584e+00
1.652021605017376604e+00
1.638689832531193824e+00
1.628521874966844862e+00
1.623062684901080743e+00
1.622732475129661012e+00
1.624741151898044578e+00
1.632832483390865841e+00
1.642211871410831359e+00
1.657289464150603298e+00
1.672448715263451957e+00
1.692658268530162324e+00
1.713375057384378675e+00
1.736598221850183199e+00
1.759723038640384596e+00
1.786142800586557389e+00
1.811499811589695419e+00
1.839152197736763750e+00
1.868808492280065181e+00
1.895672308882750068e+00
1.925975313898958374e+00
1.953448290043865443e+00
1.981571552940792236e+00
2.008811474896845084e+00
2.035463098938834481e+00
2.062504537404124427e+00
2.087175498864114243e+00
2.111578239390640377e+00
2.134207741523711732e+00
2.155246991544603308e+00
2.174527904335010753e+00
2.192454599434685569e+00
2.207448149615305777e+00
2.221161987920044378e+00
2.234592108081830730e+00
2.244335084478269238e+00
2.253583938310615764e+00
2.260359795136427152e+00
2.263441951685184250e+00
2.267388375686213653e+00
2.267915876855358892e+00
2.266898425447753329e+00
2.262740404932547023e+00
2.257911236037163150e+00
2.249245911746729831e+00
2.241652279097113620e+00
2.229450610810590927e+00
2.218512561143942019e+00
2.203607225848105866e+00
2.187731526819649552e+00
2.168678303799426832e+00
2.148704784954164726e+00
2.128663316805758043e+00
2.105748308390177126e+00
2.081061849720698742e+00
2.055710203136229985e+00
2.028690818392135942e+00
1.998592853378397649e+00
1.970894571649381088e+00
1.940328710118378375e+00
1.909536350910228553e+00
1.878155097741496249e+00
1.847620230629471560e+00
1.817219473984178713e+00
1.791829680422506454e+00
1.767147990125178092e+00
1.748072713383759691e+00
1.738176553031987259e+00
1.730877963409181097e+00
1.737492291628395469e+00
1.755137056724674238e+00
1.785720799651241197e+00
1.832651714402641518e+00
1.896916854014021547e+00
1.977942821734288037e+00
2.071413048674231483e+00
2.179945967190977107e+00
2.294751083225140764e+00
2.409650970655795366e+00
2.522127928987494716e+00
2.620120956912154853e+00
2.703643763499708808e+00
2.766571970769402089e+00
2.806064821012594912e+00
2.820510604442429958e+00
2.816023566248841981e+00
2.793103789461110598e+00
2.757060260422260711e+00
2.714505519211950268e+00
2.665169556757158720e+00
2.608867598637055973e+00
2.538896505701125239e+00
2.451219850923997079e+00
2.342885415898015022e+00
2.223028805616951598e+00
2.099663269479664418e+00
1.992995976566788841e+00
1.924706926906934568e+00
1.940915815939404432e+00
1.970885034905080158e+00
2.083006749511569833e+00
2.221076753267854809e+00
2.347076815018274143e+00
2.438737444727116177e+00
2.496263086350332117e+00
2.533865873082384201e+00
2.575103351486128567e+00
2.612893296825086864e+00
2.621787502978742523e+00
2.579225013163687574e+00
2.471532520238461483e+00
2.322581091234813933e+00
2.188211344267290137e+00
2.111912025441172958e+00
2.113333596388530466e+00
2.165270109804881660e+00
2.229682472906407309e+00
2.296156560916490452e+00
2.386157797116970514e+00
2.492168246766119921e+00
2.568043180470845677e+00
2.564097948562854334e+00
2.477495369612618514e+00
2.368418856670720274e+00
2.279841575603672954e+00
2.212682034096960404e+00
2.173029443386726989e+00
2.184019349100512208e+00
2.280409607936097149e+00
2.430582932303301469e+00
2.541277711543763917e+00
2.536993329166570721e+00
2.449388796018218351e+00
2.353250068813570461e+00
2.261928589573930282e+00
2.190452479178008893e+00
2.190562747783988407e+00
2.279423150947469612e+00
2.430354646486597936e+00
2.551122015848400260e+00
2.539552752918333045e+00
2.412396956967944650e+00
2.278005156279224952e+00
2.194057964570279573e+00
2.181325218835499236e+00
2.258983523724499065e+00
2.428276232275513813e+00
2.552826708892191654e+00
2.521227302697575556e+00
2.404625702455723602e+00
2.271015914799680235e+00
2.172407766867610057e+00
2.208475137767212271e+00
2.367981954572433878e+00
2.480792102908146557e+00
2.505209148551124088e+00
2.455510193766378801e+00
2.310981429932287945e+00
2.198025250199466818e+00
2.242908745158761263e+00
2.354778928134313443e+00
2.472685870252355311e+00
2.525238695769154607e+00
2.410042573218652340e+00
2.247274785909031181e+00
2.200474405345249629e+00
2.271617325737157689e+00
2.445827418068339476e+00
2.567416139533059471e+00
2.477876839384655749e+00
2.265329631010249756e+00
2.138684646926479971e+00
2.216051485067783045e+00
2.474888262139351536e+00
2.633608893586265154e+00
2.490871845587712130e+00
2.211054827100614073e+00
2.066120751633733654e+00
2.252218991782545032e+00
2.597689938269846177e+00
2.654038984064934770e+00
2.369712277616534024e+00
2.063242442994408954e+00
2.111353529853049693e+00
2.486951051586991923e+00
2.666374762818188859e+00
2.452410155822057014e+00
2.134704844320397754e+00
2.132683650575119216e+00
2.431214741613238139e+00
2.568608232570675831e+00
2.395586060951478746e+00
2.227233317760624498e+00
2.285524283113990140e+00
2.412288476501521561e+00
2.369773074361452458e+00
2.305254018933060145e+00
2.398508477033195252e+00
2.449613505555809034e+00
2.289507661999185206e+00
2.172205111051215276e+00
2.373049542075341023e+00
2.602174592277358922e+00
2.398101377260849265e+00
2.076457390362905109e+00
2.207837964038606327e+00
2.591169189354084690e+00
2.585071633466677010e+00
2.142517226042417011e+00
2.098832380632445815e+00
2.463176544091289610e+00
2.616294338261406338e+00
2.280417952587360464e+00
2.114365948959106234e+00
2.379659101922404929e+00
2.549570506759942567e+00
2.340611498428761816e+00
2.196162604828191256e+00
2.368108316434421212e+00
2.478039560084290382e+00
2.324410358001036236e+00
2.246454029852632317e+00
2.401060748226731878e+00
2.451265150459426501e+00
2.304976857301814341e+00
2.261432678870281876e+00
2.408650804597235240e+00
2.452983552573150483e+00
2.311024345281642134e+00
2.270595702003920469e+00
2.394017862560494425e+00
2.446552806681729031e+00
2.347606700373494615e+00
2.291807805515265972e+00
2.366858406884480459e+00
2.417250563770599658e+00
2.375331804195857544e+00
2.330778519007983274e+00
2.348233741311280820e+00
2.380262300999438807e+00
2.375138685123763693e+00
2.362218184735558779e+00
2.363828702429378481e+00
2.360367460294659381e+00
2.357433123282566267e+00
2.374431773952457192e+00
2.394797491407095524e+00
2.361797375893280204e+00
2.326506057561165797e+00
2.357542199795508164e+00
2.411378313467301471e+00
2.389484928784957773e+00
2.315635361151142213e+00
2.323081770310612804e+00
2.400333571473785899e+00
2.411476065096386012e+00
2.332518378796384351e+00
2.306430614761187492e+00
2.364472432669691315e+00
2.400800275898012703e+00
2.370617076232084841e+00
2.334458510215104976e+00
2.339901010978342466e+00
2.356983108160866092e+00
2.368076129922405570e+00
2.370192691110693417e+00
2.356864494903623264e+00
2.332058230883864436e+00
2.335127870455726562e+00
2.368427797368502397e+00
2.379864141924874943e+00
2.350858134133593236e+00
