2.294989501832664036e+00
2.273357185525558766e+00
2.270720275726351378e+00
2.267499836385230783e+00
2.266487749396294493e+00
2.264508874953850892e+00
2.261812360502762687e+00
2.258898885118828304e+00
2.256233365086718123e+00
2.252416283180270540e+00
2.252335220853712627e+00
2.249551683610878428e+00
2.248171239873318683e+00
2.246468334969083713e+00
2.244860797507858052e+00
2.242228656080801130e+00
2.238769798132157263e+00
2.236554889268266066e+00
2.235397962975259389e+00
2.233028678062996430e+00
2.233149079459795683e+00
2.231396702694499634e+00
2.228302625215366373e+00
2.229237226156857599e+00
2.227875855907899716e+00
2.225917843093614845e+00
2.224278119120373542e+00
2.222715285148058495e+00
2.221047546988433208e+00
2.221927311650194081e+00
2.220373418375661156e+00
2.219857242090373273e+00
2.219069864639027667e+00
2.216592099260342064e+00
2.217093374382659743e+00
2.215242053895241536e+00
2.212323810139156688e+00
2.212105061066754086e+00
2.212857271773490009e+00
2.211737896411168247e+00
2.210058833367685605e+00
2.209578419873526212e+00
2.206281090531479361e+00
2.207612658454496835e+00
2.210770512911142571e+00
2.204250956088418700e+00
2.202870512350858512e+00
2.203068995841621636e+00
2.201155686516247378e+00
2.198750638812856373e+00
2.197122835769991234e+00
2.196985149024146544e+00
2.196169161339898146e+00
2.194537782017920158e+00
2.192396782922361176e+00
2.190332673827728449e+00
2.189403437304906497e+00
2.188565395899462196e+00
2.185982726333466353e+00
2.183777950260394896e+00
2.184331677476367695e+00
2.183231375602647795e+00
2.179953715795721614e+00
2.177824041584019987e+00
2.177166602273774565e+00
2.174355646891075189e+00
2.175437471322712035e+00
2.174111267818363835e+00
2.172438761286588083e+00
2.171672245463400319e+00
2.166956921453108809e+00
2.167492767273517362e+00
2.167409916807403025e+00
2.165044208174253360e+00
2.162989635823921564e+00
2.163283486757693996e+00
2.162224312093771861e+00
2.159739990203379367e+00
2.160066027649167442e+00
2.159690518342318288e+00
2.158186096928846442e+00
2.157570976921436401e+00
2.155401963639493434e+00
2.154503125489130699e+00
2.154927510610522123e+00
2.153176921984782499e+00
2.153520244779616011e+00
2.153507131756202231e+00
2.152248281508479355e+00
2.151955622667744539e+00
2.152462262208731492e+00
2.153205532217685292e+00
2.152408618022038755e+00
2.153101820123412669e+00
2.153490442453675602e+00
2.152570146628635772e+00
2.154767770143481531e+00
2.154553789443229395e+00
2.155317921080341481e+00
2.154607433629922131e+00
2.184031270030888372e+00
2.155578393409060656e+00
2.155786413644124710e+00
2.157871980413434532e+00
2.157083410869051310e+00
2.159392495082914198e+00
2.158127088323484433e+00
2.159793038343553295e+00
2.160641808586336143e+00
2.160080332765618838e+00
2.159882445321374522e+00
2.160583396027492942e+00
2.160824198821091446e+00
2.161951918834676523e+00
2.163087983499524913e+00
2.159290571128198000e+00
2.161669988831280254e+00
2.162291069303878377e+00
2.160829563239760720e+00
2.160444517188610636e+00
2.158761281819496336e+00
2.160361666722496299e+00
2.159708995784401342e+00
2.160563726492372272e+00
2.158933539263431900e+00
2.158633131817952577e+00
2.159611840201835609e+00
2.158773202749872500e+00
2.157618064596422247e+00
2.154810089446316912e+00
2.155777472946342588e+00
2.154766578050443915e+00
2.155517000617623413e+00
2.152921814074732598e+00
2.154428023627760869e+00
2.154031056646234621e+00
2.152379411742617155e+00
2.150176423809102122e+00
2.148332851926428422e+00
2.149393814729906982e+00
2.148913997282266397e+00
2.148434179834625812e+00
2.147580641219692499e+00
2.146544116323485074e+00
2.145753162593026619e+00
2.145123141422646373e+00
2.143060820467570071e+00
2.142808096743595403e+00
2.142414706041182004e+00
2.141083138118164531e+00
2.140966909046996935e+00
2.141064064629562669e+00
2.139689581357190562e+00
2.140697496020495638e+00
2.139020221116568976e+00
2.138393180178782771e+00
2.138984458325440485e+00
2.137435333423058026e+00
2.137919323196330268e+00
2.139099495303570464e+00
2.138776438090376431e+00
2.138903395998882573e+00
2.138833658556182016e+00
2.137545005982518731e+00
2.136230723408546694e+00
2.138077275523814436e+00
2.137098567139931404e+00
2.136622325971403669e+00
2.137883560405201777e+00
2.137672559937543681e+00
2.136473910388220432e+00
2.136353508991421180e+00
2.137583749006241263e+00
2.135291354094905003e+00
2.134602920365681555e+00
2.135140554325646534e+00
2.133824483612118073e+00
2.134954587811778381e+00
2.133575336167256253e+00
2.132196084522734125e+00
2.134056941754453263e+00
2.133423940351478976e+00
2.132854715926017164e+00
2.128937498204409806e+00
2.128094688426815040e+00
2.127905741680352847e+00
2.129206315184392295e+00
2.128291383778021739e+00
2.126439467244084724e+00
2.125340357463402441e+00
2.125956669563850099e+00
2.123807325817027802e+00
2.123921766748638973e+00
2.121042862062795464e+00
2.121230020669701233e+00
2.120599999499320987e+00
2.118672385057495333e+00
2.117587580393264446e+00
2.117959513421000750e+00
2.116168989678500978e+00
2.115151538270895415e+00
2.115056766874404914e+00
2.114677085241924104e+00
2.113157166618963245e+00
2.111470354970736096e+00
2.112465156610626948e+00
2.111620558693475758e+00
2.110663904030788629e+00
2.109101070058473137e+00
2.108872188195250796e+00
2.109166039129023229e+00
2.107667578180739465e+00
2.105983746765106357e+00
2.105134976522323509e+00
2.106188190721057563e+00
2.105316770710560004e+00
2.106503499329507090e+00
2.103042257194787990e+00
2.103666317899980154e+00
2.102822316029347771e+00
2.100656282979998846e+00
2.099042785053585103e+00
2.099446308546818241e+00
2.099659097154032761e+00
2.097875129923239879e+00
2.098610651327449172e+00
2.097932350389045464e+00
2.096873175725123328e+00
2.096290838276247737e+00
2.095111858262045157e+00
2.092420112183107417e+00
2.091280471239146177e+00
2.090937744490831474e+00
2.092994701027238502e+00
2.089315305866635608e+00
2.089892874943360734e+00
2.087668429335168607e+00
2.087293516074838262e+00
2.087523590031098220e+00
2.085356364888711678e+00
2.083800087428103520e+00
2.083515177192113210e+00
2.081480274376902084e+00
2.081617365076227966e+00
2.078911313880838829e+00
2.079537758772106226e+00
2.077598223399903965e+00
2.077919492473541574e+00
2.074942836158613524e+00
2.072952636832313011e+00
2.072476395663785276e+00
2.072632559851713019e+00
2.070926674714884008e+00
2.070852168900032986e+00
2.069713124002590554e+00
2.067040451412254676e+00
2.068881639108853143e+00
2.067321785369132137e+00
2.064584143708246167e+00
2.063699610674334828e+00
2.063143499272286796e+00
2.061926372280880493e+00
2.060840971570130797e+00
2.059700138533131941e+00
2.058547384565756921e+00
2.057640797810649680e+00
2.055022365453525346e+00
2.054090744744628161e+00
2.053086406360436378e+00
2.052455193097018515e+00
2.051416880061254666e+00
2.049108987940429394e+00
2.047657018620612668e+00
2.048018818857529233e+00
2.045958882088527719e+00
2.046229487208066633e+00
2.043869739040105049e+00
2.041797285294209008e+00
2.041818146922367294e+00
2.041269784125063769e+00
2.038741950838798278e+00
2.039161567588039237e+00
2.038506512463869047e+00
2.037291173612019168e+00
2.034725193348549954e+00
2.033373359843893002e+00
2.031676415404846114e+00
2.032124642386989866e+00
2.031863574011751883e+00
2.029641512589634988e+00
2.028520945134275610e+00
2.029503229797271491e+00
2.027125600233745661e+00
2.026614192320608243e+00
2.026710751856655168e+00
2.023994567870446293e+00
2.023863437636308493e+00
2.021726610866381169e+00
2.023294213210846682e+00
2.021398189234517861e+00
2.020296099221241537e+00
2.021059038765316007e+00
2.020631673411330542e+00
2.018023373845025947e+00
2.017948271983656117e+00
2.016822340109627465e+00
2.016687633596376816e+00
2.015607001257777142e+00
2.014664055665022602e+00
2.012598754477352259e+00
2.011826278188976858e+00
2.012198807263231970e+00
2.009951115840806324e+00
2.032055500990808117e+00
2.008825183966777672e+00
2.008310199774527405e+00
2.007640243487387011e+00
2.005959988350866752e+00
2.006824255803138612e+00
2.006104827654937139e+00
2.003991246699243334e+00
2.004621863916142388e+00
2.003702760184140175e+00
2.000854849917274692e+00
2.001888394580888075e+00
2.001853227836278393e+00
2.001084923873534649e+00
2.002101183188102596e+00
2.000725507822693316e+00
2.002390265749724563e+00
2.001349568527885481e+00
2.003054857618195683e+00
2.001857996208428858e+00
2.003847003441691754e+00
2.005514145554798233e+00
2.005704880440816851e+00
2.008313180007121446e+00
2.009966017003776528e+00
2.012210728193608134e+00
2.014340402405309760e+00
2.016238810567714257e+00
2.017930390588091871e+00
2.019763829679945832e+00
2.021776082727442247e+00
2.024812939740769924e+00
2.028607967926021605e+00
2.030480150041598097e+00
2.035687808476425165e+00
2.039286737356988954e+00
2.042819505073965036e+00
2.046283131394759369e+00
2.049843317251601071e+00
2.055158860106332419e+00
2.059211976434228042e+00
2.064538844172816745e+00
2.069571860977633015e+00
2.074306258476526388e+00
2.079912672032436571e+00
2.085535774890872940e+00
2.091739427058628475e+00
2.098279249462991825e+00
2.105475319084562980e+00
2.111705197299146519e+00
2.120638742523043518e+00
2.128170982381222487e+00
2.134133831755379518e+00
2.142868893488513837e+00
2.149545210545684260e+00
2.159306664384205821e+00
2.165673037251595989e+00
2.175720593419145921e+00
2.187079451928073404e+00
2.200168037434582224e+00
2.216068174370309674e+00
2.234186200402521916e+00
2.253899246919065291e+00
2.275669846018534503e+00
2.298540150945204807e+00
2.325380721733655953e+00
2.352928203693414044e+00
2.384251640349821955e+00
2.416048337942163560e+00
2.448556715077962131e+00
2.478836474279936919e+00
2.509434522322955274e+00
2.537178699633920065e+00
2.560683198056602272e+00
2.578005501986205594e+00
2.591854642850714097e+00
2.602009487391649056e+00
2.603704643691139520e+00
2.600711894120203649e+00
2.588972161885757739e+00
2.568757840246896684e+00
2.535133664027889200e+00
2.486973105308187826e+00
2.422330072203883411e+00
2.346085589657496140e+00
2.264802129841104517e+00
2.187409661699493135e+00
2.118850006920100171e+00
2.068170555611914985e+00
2.046100145113485258e+00
2.058636195497059340e+00
2.106606019330742097e+00
2.192208432222417791e+00
2.301584756563276990e+00
2.426213315273918703e+00
2.545006578565427890e+00
2.638712839926819598e+00
2.697024666908343526e+00
2.712325181046149947e+00
2.677213272716197245e+00
2.589804242826013958e+00
2.455070907482017173e+00
2.290867840155105473e+00
2.128373638197617268e+00
2.002509475053486199e+00
1.942095988046644628e+00
1.964559789247487753e+00
2.067014821411945924e+00
2.230770853849751045e+00
2.430401138115064974e+00
2.621907308329022968e+00
2.760014266969474050e+00
2.801583147237676208e+00
2.726512280286822243e+00
2.549791043971901594e+00
2.314434923462262539e+00
2.080767402740407501e+00
1.917326082864532877e+00
1.877030357960505214e+00
1.958742971270438504e+00
2.142425434878520552e+00
2.381671951016420152e+00
2.625625446513348393e+00
2.798039650683361579e+00
2.834404448795849074e+00
2.725515094460856158e+00
2.513631285861883669e+00
2.261289627705767913e+00
2.042544131582275657e+00
1.915316810049630503e+00
1.929417482545075613e+00
2.096293222462322969e+00
2.347055953390115857e+00
2.567316599764418505e+00
2.676463446195536555e+00
2.660158593673538352e+00
2.540166680832705470e+00
2.367481871543153815e+00
2.211365963383431943e+00
2.138631598786306043e+00
2.184826396086978484e+00
2.333299199736023066e+00
2.492049037462358285e+00
2.554814524032416934e+00
2.487207351590079440e+00
2.333236614851548207e+00
2.160799760913820311e+00
2.048596387934254359e+00
2.052796131705776794e+00
2.208060289390121778e+00
2.487746773689600843e+00
2.768686147771614703e+00
2.884160624046399946e+00
2.743450134211794733e+00
2.391121672525605479e+00
2.008466960008973956e+00
1.809831477383551324e+00
1.865579708287681049e+00
2.094754826397279057e+00
2.393559502787530935e+00
2.651498037755255499e+00
2.771022054078823960e+00
2.698558294601236973e+00
2.466728385296867554e+00
2.234244016914846309e+00
2.130563513107718521e+00
2.155881185040615211e+00
2.268046411042977883e+00
2.395139026062372611e+00
2.476635274485978311e+00
2.475697097265374236e+00
2.381921098461281971e+00
2.254929811350084634e+00
2.176448366218610708e+00
2.195716165985603929e+00
2.303323424258640451e+00
2.444918447127157002e+00
2.569505878628000950e+00
2.619629218534138104e+00
2.545330231825140732e+00
2.365385575936505447e+00
2.188098095428716583e+00
2.102094543229882984e+00
2.131275788697694296e+00
2.246170907756198432e+00
2.382393167304178050e+00
2.466005976916072040e+00
2.465288336907426991e+00
2.411781240914015800e+00
2.371670290430818895e+00
2.395310091413270559e+00
2.462516720594968955e+00
2.473234829096177645e+00
2.377001330495039255e+00
2.218957211846972921e+00
2.102812183238528032e+00
2.111991299628174446e+00
2.254176408550311095e+00
2.452892357455772832e+00
