2.404020715239133299e+00
2.367633267358931093e+00
2.367430611542536312e+00
2.371756717176046081e+00
2.368505879462466268e+00
2.370427533439103840e+00
2.374603435349873948e+00
2.370790525769058021e+00
2.371734067408331370e+00
2.370769664140899735e+00
2.369271799239134779e+00
2.371726318803586864e+00
2.368759795279478553e+00
2.368904038537030132e+00
2.371163650889831942e+00
2.368179842016678194e+00
2.366583033392791080e+00
2.369493528544131422e+00
2.367331667820414154e+00
2.368126197829985458e+00
2.368295475041326981e+00
2.369696780407045011e+00
2.370883509025992097e+00
2.371146961587305313e+00
2.373994275807651988e+00
2.377630159572381885e+00
2.378009245158343887e+00
2.379855797273611628e+00
2.385369823619106100e+00
2.382978484985647682e+00
2.385198758268208152e+00
2.385874078974017820e+00
2.389635728554216243e+00
2.394774841639380814e+00
2.392868684872232254e+00
2.395394133972422512e+00
2.399086642156439186e+00
2.399323868670924842e+00
2.400201249146610483e+00
2.398998427271655576e+00
2.401997733354298337e+00
2.404849219900276669e+00
2.403424668720325119e+00
2.404216814543821190e+00
2.403295326625743744e+00
2.404876041993623037e+00
2.404843855481607395e+00
2.403853822213867009e+00
2.405860114796175342e+00
2.407503415048529494e+00
2.403058696157776897e+00
2.403601694536411149e+00
2.402534175221225698e+00
2.401602554512328513e+00
2.403123665228326988e+00
2.401526856604439875e+00
2.401551890558229818e+00
2.402109790099834274e+00
2.400952267760308789e+00
2.399955081934342704e+00
2.399097370993777734e+00
2.399312543787067487e+00
2.399791169141670455e+00
2.395401882577167019e+00
2.398327874937996373e+00
2.397747325628677206e+00
2.397428440741114830e+00
2.396832990268825458e+00
2.394591259311587894e+00
2.397100615155770331e+00
2.398301052844650005e+00
2.395040678386769262e+00
2.394781398151087703e+00
2.394161509771527196e+00
2.394523310008443762e+00
2.396599340033452652e+00
2.393921899070966308e+00
2.394215750004738741e+00
2.396185087702880967e+00
2.395457314903416179e+00
2.395147370713635926e+00
2.391963290210162629e+00
2.394173430701903360e+00
2.396011042119388978e+00
2.392981337664287000e+00
2.392927693477594264e+00
2.393399762320490343e+00
2.393601822090366316e+00
2.392653512078942502e+00
2.390595363449497412e+00
2.391653942066901184e+00
2.395575928160659007e+00
2.388972328778782739e+00
2.389248894363509734e+00
2.386001036882523962e+00
2.384811328030982835e+00
2.385157631058410388e+00
2.380138919370045514e+00
2.380836293797051084e+00
2.379718706574285747e+00
2.374887153492826641e+00
2.373863145573514188e+00
2.370738669721921710e+00
2.368833109001291959e+00
2.369584723661509074e+00
2.367053910142649542e+00
2.366518660368759797e+00
2.366962118978753082e+00
2.365466042216544551e+00
2.365039868955596702e+00
2.364930196396135997e+00
2.366494222461488661e+00
2.369991227387336252e+00
2.368846818071224547e+00
2.368015333177487136e+00
2.370333358089132147e+00
2.371107622517063973e+00
2.374108120692744350e+00
2.375393793033813594e+00
2.376579925606241872e+00
2.381410286594663361e+00
2.379926726809349802e+00
2.379433200291776629e+00
2.379843280296716657e+00
2.380605623794272319e+00
2.381189749382704335e+00
2.377437040500288035e+00
2.375466510709108192e+00
2.373814865805490726e+00
2.371349021357181286e+00
2.368916555513925104e+00
2.364528461042459284e+00
2.361936850778681318e+00
2.361997051477080944e+00
2.355085296044980847e+00
2.352379840896110519e+00
2.349787634585813745e+00
2.346815746643036160e+00
2.346621435477904694e+00
2.344443481498179604e+00
2.345373910114039173e+00
2.346540969197865589e+00
2.347526830139974319e+00
2.349669021328570917e+00
2.353109401835131731e+00
2.355301064884789408e+00
2.359193248652606822e+00
2.361427827051619133e+00
2.367710753406376156e+00
2.373044773703190558e+00
2.375510022104981189e+00
2.378624365165753929e+00
2.381738112180007860e+00
2.386378334328929540e+00
2.391418503691971953e+00
2.386393831538418553e+00
2.388640926914325391e+00
2.390557216472293689e+00
2.387706325972834165e+00
2.386673973402258397e+00
2.384168193837188809e+00
2.382531450096541548e+00
2.381626651480990731e+00
2.374499723255601324e+00
2.373038813238002476e+00
2.372150703924978288e+00
2.365762277336392216e+00
2.364291234527973629e+00
2.360813899137246707e+00
2.356745881646380436e+00
2.358761710972989700e+00
2.353561205096388331e+00
2.354547662085015869e+00
2.355403584886024415e+00
2.354371232315448648e+00
2.355974001404523843e+00
2.353573722073283303e+00
2.357121390953229589e+00
2.360907478440699592e+00
2.359345836561421716e+00
2.361945791476463441e+00
2.365427895239340828e+00
2.366702838743071524e+00
2.372178122064843464e+00
2.370361968322034940e+00
2.373702809059954788e+00
2.376718208398605370e+00
2.375389024661663129e+00
2.376884505377352852e+00
2.377184316776313366e+00
2.377223655846554706e+00
2.379056498891889859e+00
2.376763507934034791e+00
2.375936791412447846e+00
2.374970600005459787e+00
2.373985335109869865e+00
2.375293061172135012e+00
2.369538828079560844e+00
2.369628235057382071e+00
2.369473262962491944e+00
2.368292494808732940e+00
2.368581577370354907e+00
2.367319150843519182e+00
2.367925926199665909e+00
2.371445580893228211e+00
2.367615385963366847e+00
2.370463296230232331e+00
2.371931954852575686e+00
2.371598168802043105e+00
2.372988745330422589e+00
2.375465914662589384e+00
2.379839704017603808e+00
2.382947490566669657e+00
2.381382272408279377e+00
2.382218525674167253e+00
2.383309886850105030e+00
2.383421347549122160e+00
2.388266609700513854e+00
2.386349724096026748e+00
2.384745166867395127e+00
2.383883283601198499e+00
2.383504794061755305e+00
2.384203360581798492e+00
2.378743574469515565e+00
2.377181932590238134e+00
2.376585886071429954e+00
2.372264548810070650e+00
2.370023413899351894e+00
2.364803834534148663e+00
2.363264246376067135e+00
2.361057086116920445e+00
2.355810684658370402e+00
2.354153079289564854e+00
2.351284903441059893e+00
2.348495405733037611e+00
2.346854489666758692e+00
2.344259899170386685e+00
2.343552391952561376e+00
2.346174996635317367e+00
2.343246620088412779e+00
2.343729417768647405e+00
2.342917006363511856e+00
2.346673291525041005e+00
2.349442523651423809e+00
2.350644153433341099e+00
2.354702038133387187e+00
2.357486171422740195e+00
2.360109968198534247e+00
2.363460941727273834e+00
2.366177721760001518e+00
2.370084210644270328e+00
2.375105306518710435e+00
2.376315876998409848e+00
2.378970668193181481e+00
2.379977986809967305e+00
2.383967326160350453e+00
2.388450788074825581e+00
2.387907789696191330e+00
2.389294789945457964e+00
2.392900871384247896e+00
2.390539931123248252e+00
2.390187071584113809e+00
2.389399694132768204e+00
2.389529036227349579e+00
2.389856265766175270e+00
2.386791394566463609e+00
2.385476515945972764e+00
2.386109517348947051e+00
2.384112761510939649e+00
2.379800960993881276e+00
2.377034709100092513e+00
2.376042887692795702e+00
2.375939175598523079e+00
2.371000930190197309e+00
2.368578597137760866e+00
2.363697572195240681e+00
2.364056988246082014e+00
2.361147089141260480e+00
2.359259409816194530e+00
2.357432527236047459e+00
2.359364910050023578e+00
2.351807636238054666e+00
2.351657432515315005e+00
2.349437755279273343e+00
2.348910254110128104e+00
2.349856179935476685e+00
2.346585672686776203e+00
2.347890418516447308e+00
2.347960752005666674e+00
2.346268575938770251e+00
2.346180957100505449e+00
2.345810216165806761e+00
2.345710080350646987e+00
2.347371858045084192e+00
2.345308344996970273e+00
2.346693557106680483e+00
2.347127478972372838e+00
2.348026913169254382e+00
2.349663656909901643e+00
2.349292319928684147e+00
2.350299042498951163e+00
2.355520410003710818e+00
2.351938766472192466e+00
2.353774589750121660e+00
2.354564947434061306e+00
2.356609386993573363e+00
2.359497232377199438e+00
2.358768267484696590e+00
2.361687703333819499e+00
2.366098447573000030e+00
2.365241928725472675e+00
2.367176695725524027e+00
2.368566676207384702e+00
2.370448991113780934e+00
2.375279352102202424e+00
2.375253722101893672e+00
2.378590390514181863e+00
2.378738210050846291e+00
2.381412074734219786e+00
2.382988021729948613e+00
2.386766956659192473e+00
2.386924312940157833e+00
2.391437577180573815e+00
2.389748381346270989e+00
2.392282771144243814e+00
2.392393635796742135e+00
2.394027399304795356e+00
2.397004651666242214e+00
2.395271944436066835e+00
2.397035050038701431e+00
2.398293900286424307e+00
2.399890112863792613e+00
2.399339365880413855e+00
2.397668647488194527e+00
2.397944020979883906e+00
2.399229097274434341e+00
2.395960974211809091e+00
2.395252274900946166e+00
2.396782326314726763e+00
2.394793319081463867e+00
2.391968654628831903e+00
2.390880273685488167e+00
2.390001105070245657e+00
2.391242073922404732e+00
2.383224056151396653e+00
2.382816360332531858e+00
2.382722184982560165e+00
2.378454491907893598e+00
2.376951262587459368e+00
2.374416276742968179e+00
2.372496410905887032e+00
2.373935267202289978e+00
2.369263454587871465e+00
2.369042917375912438e+00
2.367535515729846551e+00
2.364959402675557598e+00
2.363106890095101775e+00
2.361972017523291001e+00
2.361977381941960275e+00
2.363203449631148700e+00
2.361684127054706650e+00
2.359825057962543937e+00
2.360917015185000523e+00
2.360480709133232935e+00
2.362119837059955429e+00
2.358149571198173700e+00
2.359911484707771123e+00
2.362534089390527114e+00
2.362723632183508116e+00
2.362800522184434371e+00
2.364967151280302105e+00
2.365355773610565038e+00
2.370013281108532155e+00
2.368233486203370930e+00
2.371641084151397294e+00
2.376447603279066456e+00
2.374977156517166677e+00
2.377851888877378528e+00
2.379077360520048146e+00
2.381440684967122579e+00
2.384798811054087864e+00
2.383305714524473373e+00
2.387537644808011450e+00
2.390736626474455395e+00
2.390166806002474331e+00
2.394045876746878410e+00
2.394413637448983057e+00
2.396475362357540551e+00
2.398446488195239201e+00
2.400403904963005264e+00
2.400303173101326681e+00
2.401197242879538951e+00
2.402322578707048795e+00
2.406094361078066957e+00
2.403744745700925112e+00
2.405594874095305702e+00
2.407717991795300438e+00
2.406924057832247943e+00
2.406074691542946287e+00
2.405220556881494165e+00
2.404752064317710936e+00
2.406130123869195447e+00
2.403270292671953801e+00
2.402755904526222341e+00
2.403103995693206318e+00
2.400746035664801159e+00
2.399353670996865251e+00
2.394460129077450095e+00
2.394943522804203528e+00
2.393613743020742479e+00
2.390495227634337638e+00
2.388906763661713839e+00
2.387848185044310512e+00
2.384470389422224557e+00
2.382273958000416414e+00
2.379118487729845910e+00
2.376253888160453798e+00
2.376401111650599418e+00
2.372727676955184606e+00
2.369090601097417093e+00
2.367665453870946735e+00
2.365285440121345673e+00
2.362402959156389315e+00
2.358440441899352091e+00
2.358127517476977797e+00
2.358111424220969976e+00
2.353812140680806575e+00
2.352114600195240879e+00
2.354131025568368951e+00
2.348865550621217491e+00
2.345479410347868221e+00
2.344998400807190020e+00
2.345571201511764681e+00
2.346964162226219397e+00
2.344476860103232863e+00
2.345063369877740111e+00
2.346566003151655533e+00
2.346151750821083848e+00
2.346274536403958333e+00
2.346312087334643248e+00
2.348252218753363874e+00
2.350721639480786163e+00
2.350145858543617461e+00
2.352909726251330991e+00
2.356566471644219174e+00
2.356008572102614718e+00
2.357175631186441134e+00
2.359215898420321533e+00
2.362718863811357650e+00
2.367651744801014146e+00
2.364790721510734883e+00
2.369239612727119138e+00
2.370777412745644241e+00
2.374382302091396113e+00
2.378090903531420608e+00
2.379150674241861552e+00
2.382270977767822373e+00
2.386789010380388376e+00
2.385867522462310930e+00
2.387734936205736958e+00
2.390472577866622927e+00
2.393344926040759990e+00
2.398468541916435104e+00
2.397092270504507017e+00
2.399059820063092818e+00
2.399273800763344955e+00
2.401782560561008584e+00
2.405271220835592860e+00
2.403781700585091219e+00
2.406343508522928776e+00
2.407084990392326151e+00
2.406956840390782393e+00
2.406980086205015912e+00
2.406884718762006603e+00
2.406744051783567873e+00
2.407897401797461701e+00
2.405991245030313141e+00
2.406956244344263585e+00
2.405956674332222267e+00
2.406505633176044601e+00
2.408658553201979746e+00
2.405191350602072564e+00
2.404208469892557876e+00
2.405026245716362698e+00
2.403418708255137037e+00
2.401610899163591828e+00
2.399546194022440293e+00
2.397179889342771819e+00
2.398602056336648136e+00
2.395746993511556955e+00
2.393893288838063516e+00
2.396108197701954712e+00
2.391632484392224089e+00
2.390260385305927215e+00
2.388487742958991689e+00
2.388803647613960024e+00
2.387588904808628953e+00
2.385291741525142228e+00
2.384324358025116553e+00
2.384565756865233865e+00
2.380685494027792615e+00
2.379878447041326339e+00
2.380306408441830612e+00
2.376034543041532388e+00
2.377258226544645581e+00
2.373360082311640085e+00
2.374550983256218828e+00
2.373289152775901911e+00
2.370205208087588389e+00
2.370329185763500490e+00
2.370015665294607388e+00
2.367055698282205967e+00
