2.421247055679208504e+00
2.643326836028914162e+00
2.682603321385779616e+00
2.505993545769875652e+00
2.216741110890044109e+00
2.015373351022404336e+00
2.013259174020191722e+00
2.183961532588187815e+00
2.427640250639945485e+00
2.613200856828791885e+00
2.666854580265829444e+00
2.580527970853802255e+00
2.382862255914480087e+00
2.170921822896220821e+00
2.060802228546408266e+00
2.119416251112967942e+00
2.316011466504510175e+00
2.546566432305148897e+00
2.737768022747996355e+00
2.865134223119524037e+00
2.932309857882244408e+00
2.950439208798314006e+00
2.932137004391790036e+00
2.892133938328497411e+00
2.845588069628246952e+00
2.800634241179733586e+00
2.762798400258827058e+00
2.731067863830073161e+00
2.704462135370032438e+00
2.682665310223735666e+00
2.664487083493123354e+00
2.645412402798223983e+00
2.623901679980955137e+00
2.597620200827145620e+00
2.565056391365097888e+00
2.523629370168372521e+00
2.480643687324963320e+00
2.432771615120365105e+00
2.382298991954206357e+00
2.333333174387595133e+00
2.289627467349465650e+00
2.247939973824021109e+00
2.214827205518151043e+00
2.190664671738704605e+00
2.174282929215780591e+00
2.163362760944695484e+00
2.166383524702015340e+00
2.174358031077150422e+00
2.188928984275935186e+00
2.209415103127372770e+00
2.236115602983904438e+00
2.267884286389862059e+00
2.304133451477700767e+00
2.343039791946386341e+00
2.385708974088307954e+00
2.434695057236559101e+00
2.487879096016776259e+00
2.546649878817782042e+00
2.604055715090717538e+00
2.661445458107645212e+00
2.710998381495282938e+00
2.750616401507425479e+00
2.764240236787824045e+00
2.746464937503926507e+00
2.695665084798942068e+00
2.615832998255848807e+00
2.513698043071990185e+00
2.404558349199098277e+00
2.296062981613037568e+00
2.201965713735307695e+00
2.144761341185729808e+00
2.139259831817129864e+00
2.187087200532817910e+00
2.271919521322193436e+00
2.375980302808320843e+00
2.472487982808110996e+00
2.540381257579476415e+00
2.557134933130137178e+00
2.504989803432202677e+00
2.387654469925697853e+00
2.232939271085175204e+00
2.082943568580576166e+00
1.989065645821767481e+00
1.995510696829640551e+00
2.121977463004286690e+00
2.351401728558746296e+00
2.606236649303036668e+00
2.784374092146645996e+00
2.800290918384900074e+00
2.646462636764363996e+00
2.404288340126078172e+00
2.146137612597657895e+00
2.017687799654936942e+00
1.999369501992404707e+00
2.080401430177859279e+00
2.262641461210424865e+00
2.474299368178769054e+00
2.604237509278954033e+00
2.596968721982088280e+00
2.501309812225080975e+00
2.411914159287710024e+00
2.376797482585606858e+00
2.364204211736227634e+00
2.336449901634443105e+00
2.280118737234918758e+00
2.197431587866733871e+00
2.126019254448324958e+00
2.168945928686371705e+00
2.352901381600067676e+00
2.540169065018780703e+00
2.624572828361133148e+00
2.607552720016565129e+00
2.498938739173262036e+00
2.266672523817125029e+00
1.992112635625914896e+00
1.940809123612537768e+00
2.202494406997490550e+00
2.527044120674624583e+00
2.703107917679299810e+00
2.696348154109496242e+00
2.541490500150978438e+00
2.276470932539812697e+00
2.006810546733206024e+00
1.969651218611147225e+00
2.246895700323069178e+00
2.551339572827765245e+00
2.656298000371217771e+00
2.552589482377705998e+00
2.360921783557150988e+00
2.201538348381322230e+00
2.155256528288904239e+00
2.283343348901671011e+00
2.463916833867649370e+00
2.490646540003602638e+00
2.367503329217830910e+00
2.273128303662336425e+00
2.317591585825870659e+00
2.415663887937532284e+00
2.436176828882316237e+00
2.383914874066695333e+00
2.276832136730210454e+00
2.196458243901520113e+00
2.300467169340511653e+00
2.500755488962589368e+00
2.548059528834763832e+00
2.390510724843826651e+00
2.206947470539506906e+00
2.167916556348389978e+00
2.318011798621630426e+00
2.498702704751813997e+00
2.528152767199607798e+00
2.363094969164725612e+00
2.198735141603367360e+00
2.238534955803746840e+00
2.385183857105237948e+00
2.490551172560593329e+00
2.441872053369528395e+00
2.256828815559007495e+00
2.211767698737108656e+00
2.361091656815011319e+00
2.489822207668090925e+00
2.460248763590903831e+00
2.256717950906509174e+00
2.163070698150479476e+00
2.377761885853038493e+00
2.538034026388409803e+00
2.427270701798284414e+00
2.200150156039017979e+00
2.187311314023889786e+00
2.465079720625844129e+00
2.563146658318836479e+00
2.293493425070455505e+00
2.128119126334086175e+00
2.330228964117642132e+00
2.598604273629697925e+00
2.456479365405960902e+00
2.091422330310622524e+00
2.180037162308354759e+00
2.561056919223895001e+00
2.612190557979412020e+00
2.195861601336193125e+00
2.049448734456150056e+00
2.405196118974223030e+00
2.663178165337820591e+00
2.396824049571043336e+00
2.061767823906877517e+00
2.242084412823249551e+00
2.555659717996086933e+00
2.503799498534142742e+00
2.214362289233480663e+00
2.197562718100871670e+00
2.417182614467455526e+00
2.453900868165596716e+00
2.335394303249633818e+00
2.285272155436534280e+00
2.366698070370921059e+00
2.346954625481918466e+00
2.325581589410494310e+00
2.369519754590958982e+00
2.412158538360421378e+00
2.312010206223750863e+00
2.252276808294869426e+00
2.359276099118721159e+00
2.464379962012763325e+00
2.368886753187984695e+00
2.233194378995225104e+00
2.297460114653124386e+00
2.430203250670820658e+00
2.420718362417025649e+00
2.303206599140954047e+00
2.282693062149651286e+00
2.353067082532296350e+00
2.385903881299958229e+00
2.367977782246802221e+00
2.342908661712248541e+00
2.326031604532194486e+00
2.314104713690842807e+00
2.359604520750584911e+00
2.404441524081411874e+00
2.363207621956780358e+00
2.285957012886644879e+00
2.302021062615044578e+00
2.404750276178154511e+00
2.412582923481812802e+00
2.312536515299858486e+00
2.275957736487118854e+00
2.360543294017707794e+00
2.424229076412806272e+00
2.363997383594201196e+00
2.293302094137918079e+00
2.318892159329910108e+00
2.383139417545725891e+00
2.374463960464472834e+00
2.335470597204041265e+00
2.336719314660944402e+00
2.360376400992441503e+00
2.352725547877019263e+00
2.337711136068241213e+00
2.353525442305259840e+00
2.378998682379565466e+00
2.355990094660531664e+00
2.314257301599657701e+00
2.329349795502400067e+00
2.381328628221586641e+00
2.396890806781149852e+00
2.345837038259153129e+00
2.304588234971551408e+00
2.332781235311178758e+00
2.386351512235583172e+00
2.390387939260952166e+00
2.343496363579793407e+00
2.314775862071020818e+00
2.338515202822113448e+00
2.373788043712144358e+00
2.386217997815370140e+00
2.366738601534200015e+00
2.340424935868374856e+00
2.327710667575677128e+00
2.336353342098396180e+00
2.363285108004225421e+00
2.390439795308088478e+00
2.392058657653171938e+00
2.354856414181758506e+00
2.317629732803074383e+00
2.321142234938410986e+00
2.366358919901719204e+00
2.405057836181859532e+00
2.393851565581746943e+00
2.350064796217059548e+00
2.322765269609125660e+00
2.341177146575110779e+00
2.378719732608763238e+00
2.395332145134466462e+00
2.374929472795662022e+00
2.345924657097417931e+00
2.341566960998411329e+00
2.352764290900741795e+00
2.367582007358313589e+00
2.375410482336340223e+00
2.375802680945716006e+00
2.374371573254057566e+00
2.366771980139253273e+00
2.354559583015392032e+00
2.345234435228638059e+00
2.347057145483153473e+00
2.360592169832250065e+00
2.382372305676019764e+00
2.391379760668249421e+00
2.382353828233936710e+00
2.361088676582417278e+00
2.342200558447904424e+00
2.340873758897037415e+00
2.356546802109098504e+00
2.377671882828698458e+00
2.387063191779040139e+00
2.384385750816553795e+00
2.377487108407867922e+00
2.367419882705197764e+00
2.360385341690223626e+00
2.356346530478778956e+00
2.355318350233834845e+00
2.360058112151397935e+00
2.364930792442654806e+00
2.365903540361349755e+00
2.378227398184227681e+00
2.383153722662177287e+00
2.383464262898476349e+00
2.381249950081103961e+00
2.373751088827978251e+00
2.365644260125668197e+00
2.359811944939130157e+00
2.354580444643550319e+00
2.355562133260027391e+00
2.359048409348536435e+00
2.366326137343184755e+00
2.373097821843364486e+00
2.378582045862918548e+00
2.379747912853707348e+00
2.380636618213250344e+00
2.379326507964909965e+00
2.376364156766433311e+00
2.373605057430870247e+00
2.373088285099063555e+00
2.371914073457011440e+00
2.372510119975819620e+00
2.372796222304847547e+00
2.370991989492415186e+00
2.370603963208671061e+00
2.370876952514285207e+00
2.368338986437199978e+00
2.368837281326923616e+00
2.366575880834565382e+00
2.364568992205738240e+00
2.363045497303664533e+00
2.363869233592657437e+00
2.361742539613549852e+00
2.362358851713997510e+00
2.362026853803021353e+00
2.361291928445330868e+00
2.360555214948083957e+00
2.359807772613498500e+00
2.358960194463752824e+00
2.357234639791803144e+00
2.358885688648901802e+00
2.358536405388880208e+00
2.358277721199717458e+00
2.358328385153816154e+00
2.358981056091911110e+00
2.359419150283235567e+00
2.359535975400921970e+00
2.358423752596825462e+00
2.361336035887722673e+00
2.363568230100659306e+00
2.365811153150934487e+00
2.366981788513873752e+00
2.370645686464987634e+00
2.372383758113832286e+00
2.375520750942319737e+00
2.377435252360731610e+00
2.378307268417747977e+00
2.379362270756038455e+00
2.378080770740600869e+00
2.375313326753774490e+00
2.372641250209957420e+00
2.366808935023419380e+00
2.362525744739263800e+00
2.356438917689194223e+00
2.354695481621680297e+00
2.352873367413683692e+00
2.355486435352138752e+00
2.360142154710549889e+00
2.364515944065564312e+00
2.370599194836520596e+00
2.372075006017089649e+00
2.373860165340920148e+00
2.372500583231518689e+00
2.369697376453563820e+00
2.365106030119184410e+00
2.363859696848356506e+00
2.360314412154485453e+00
2.359248084932337175e+00
2.355109733952251982e+00
2.354836744646637836e+00
2.359905524242583041e+00
2.368920727839556761e+00
2.377410218406941667e+00
2.377844736319152830e+00
2.367513462008650649e+00
2.354165596266459826e+00
2.346536200825715124e+00
2.347802203631663698e+00
2.357752008170128644e+00
2.371521278801116850e+00
2.375768706294143939e+00
2.374335214416410267e+00
2.367160602469516206e+00
2.360163612385226983e+00
2.351097148787635316e+00
2.347148936647049933e+00
2.354601306271708605e+00
2.371422931125513500e+00
2.382417009164930377e+00
2.369567438312463636e+00
2.346679848036747895e+00
2.339517753066748806e+00
2.364638133601919989e+00
2.382006333113471541e+00
2.367089672933778033e+00
2.344608586383889470e+00
2.346354406637478629e+00
2.368164344807189181e+00
2.374976560470647868e+00
2.366549654787737822e+00
2.365122719421711039e+00
2.362093014966609061e+00
2.343959491724907362e+00
2.349131983415124747e+00
2.388850139242427062e+00
2.398448276334795626e+00
2.348014992238878218e+00
2.321789541457836670e+00
2.370038911108840907e+00
2.404554176873466620e+00
2.368276401552725119e+00
2.339746634929971147e+00
2.360417528202239268e+00
2.374074742087691092e+00
2.362810654975254110e+00
2.372445746951788337e+00
2.369474455055529560e+00
2.343271057995683915e+00
2.355117482556996489e+00
2.392694043242221458e+00
2.372458263928683309e+00
2.330057302720225376e+00
2.366804166651268915e+00
2.395724939790361052e+00
2.346949857109768001e+00
2.353455108816040475e+00
2.389765070648797618e+00
2.345703523838940097e+00
2.338832299570119400e+00
2.410633255318791246e+00
2.373239680914840832e+00
2.288199339890401252e+00
2.375022456052596098e+00
2.444568567820616600e+00
2.322107830298880238e+00
2.295756017655851355e+00
2.421162417073537743e+00
2.405200291299854687e+00
2.308911956418985945e+00
2.334354798120832353e+00
2.392614769055219970e+00
2.378568336792985960e+00
2.347783130143061836e+00
2.329434434108070828e+00
2.364816351511043635e+00
2.390594767402978604e+00
2.346638124780431323e+00
2.340092341910879892e+00
2.369686647616225272e+00
2.367814465500648780e+00
2.356031221870329428e+00
2.343007009387851891e+00
2.339449207717085866e+00
2.381179616591884596e+00
2.365928574315139699e+00
2.325025478008446278e+00
2.358861250741630666e+00
2.366947813862301686e+00
2.355243248372465015e+00
2.374409720231261289e+00
2.319745697944843421e+00
2.323370852872234771e+00
2.450723344173829865e+00
2.344314735450117038e+00
2.215670015295745809e+00
2.451294356738848101e+00
2.466101344359081349e+00
2.188557647294717690e+00
2.318776526305261321e+00
2.553843564253278409e+00
2.297212159301300183e+00
2.189871929868689726e+00
2.471956905359852907e+00
2.448198491120158415e+00
2.270638021306755849e+00
2.265433939151041187e+00
2.420292785202596608e+00
2.435586742828696138e+00
2.342409174729487287e+00
2.221535113040818299e+00
2.371717378105804741e+00
2.511896790492151865e+00
2.327526489201365401e+00
2.155805487132726572e+00
2.430699161374469064e+00
2.540151183623216458e+00
2.293617402746367606e+00
2.162368555351323440e+00
2.384639666633566080e+00
2.507710159744043210e+00
2.380278394255446628e+00
2.325240650801736031e+00
2.255170018097164331e+00
2.246738940088622627e+00
2.413348247211962505e+00
2.589676092824470199e+00
2.512479723987546265e+00
2.065088399063157887e+00
1.966588135550991989e+00
