2.435888342367213077e+00
2.347014826180318092e+00
2.281138572828599553e+00
2.375439688615761824e+00
2.452431613496734109e+00
2.353014630438641230e+00
2.265613945199721257e+00
2.360568924018016546e+00
2.448349290889416885e+00
2.355131787673447885e+00
2.289372359439415749e+00
2.372995301842129479e+00
2.405531097117793227e+00
2.339167873760208405e+00
2.349875849470597355e+00
2.374912187446616585e+00
2.321164288659606889e+00
2.365727110591782534e+00
2.427505544126694836e+00
2.290474449452692074e+00
2.281825218418266576e+00
2.489924727669325932e+00
2.367150469678696467e+00
2.190335058013803682e+00
2.452880436525396668e+00
2.450128489748059302e+00
2.191710137332694153e+00
2.385762618275000690e+00
2.456208760286421988e+00
2.208960915680040937e+00
2.405204463625486344e+00
2.448247962981219494e+00
2.152336496393262966e+00
2.438571743794887503e+00
2.499822676160654567e+00
2.095741879432425403e+00
2.406286884103641999e+00
2.558566040821795617e+00
2.122303500450074765e+00
2.323658147294300313e+00
2.560159869213088690e+00
2.216428186467669814e+00
2.278322849073749712e+00
2.486352620882108511e+00
2.320689239584116770e+00
2.270396026420119728e+00
2.395715403046060121e+00
2.408468414362479937e+00
2.266919287075911615e+00
2.325006404519844416e+00
2.478351888460145869e+00
2.255670697172963202e+00
2.283375535413686652e+00
2.517828049400812507e+00
2.255302340424339747e+00
2.257172734400359815e+00
2.515554131931558857e+00
2.262747557490772721e+00
2.302935994021415134e+00
2.440617375447437176e+00
2.260470659788925474e+00
2.401026773575159812e+00
2.405151415485312416e+00
2.155901450622254689e+00
2.468249496012866029e+00
2.489223180916688705e+00
2.106219781186554396e+00
2.359197420978238480e+00
2.553119963779445278e+00
2.235361008091093282e+00
2.279166254897863286e+00
2.430456570441314135e+00
2.333739082066903503e+00
2.360201759362430707e+00
2.369963213200952268e+00
2.260652453977161969e+00
2.401137638227658133e+00
2.431205800915456017e+00
2.228472498473226704e+00
2.339419405391145457e+00
2.499899566161580822e+00
2.261235387472556368e+00
2.229094174992343635e+00
2.496875226125148117e+00
2.466126378312871292e+00
2.114120973839876072e+00
2.289324675717911095e+00
2.606410098840009848e+00
2.456732089129935570e+00
2.042207961345667844e+00
2.207981611249639098e+00
2.616004063606746755e+00
2.612839652638394128e+00
2.166414519120993365e+00
2.028483394203590695e+00
2.380085275183352778e+00
2.646680193743728982e+00
2.518902721274223655e+00
2.194786333416263169e+00
2.103810561157531733e+00
2.319754042596106736e+00
2.483659086663613902e+00
2.489150463241394107e+00
2.390764044614320571e+00
2.269505532921020308e+00
2.273364934130303272e+00
2.343110721482124514e+00
2.390194820188858316e+00
2.430212191368602781e+00
2.424702337348739967e+00
2.352118176474353728e+00
2.250701457345659406e+00
2.157341499011695252e+00
2.174115440143995492e+00
2.323975244042306265e+00
2.510741056292182805e+00
2.619064762480826758e+00
2.597624969199296086e+00
2.448953086012969571e+00
2.269895943390839665e+00
2.169544955437773925e+00
2.187309525884333361e+00
2.294260536940161632e+00
2.421751907080639032e+00
2.488652764398189277e+00
2.439149908918131437e+00
2.301073348650139572e+00
2.162651081401238518e+00
2.107155574221083238e+00
2.162526507678807608e+00
2.307778275940212787e+00
2.489515243710904713e+00
2.656657416422059104e+00
2.767923208227540233e+00
2.800948953741664305e+00
2.748033135894910828e+00
2.632841781716559026e+00
2.489784060690887202e+00
2.341980617282464205e+00
2.217269804152226964e+00
2.122133627192214433e+00
2.059533841554384459e+00
2.021679523191395322e+00
2.010368944450490858e+00
2.016355039638881852e+00
2.030817512371243527e+00
2.050768977495310175e+00
2.070599445176058317e+00
2.088135729805914220e+00
2.100860726935950051e+00
2.108311904467571107e+00
2.111122859850270927e+00
2.110090507279695160e+00
2.107331407944131652e+00
2.106392634677008768e+00
2.107863677485427356e+00
2.115045441990547559e+00
2.128838554482287648e+00
2.152180332205335223e+00
2.186013720752444378e+00
2.230742243616848253e+00
2.281733427254370117e+00
2.340809981919524940e+00
2.402262378008649168e+00
2.454242998867392611e+00
2.497170865198476974e+00
2.518249454289609890e+00
2.514791788434003195e+00
2.484681306443370374e+00
2.429814628340557725e+00
2.362774892184125619e+00
2.294832741598217485e+00
2.243050008183718802e+00
2.220064070232399711e+00
2.231835392932342454e+00
2.277431759528131483e+00
2.338342349331659076e+00
2.404144096868526592e+00
2.450709039057378469e+00
2.465628083423147654e+00
2.441628270343335849e+00
2.382818744518607090e+00
2.305076993116974116e+00
2.244690328203478913e+00
2.230208781982514932e+00
2.267862828715184964e+00
2.337731997696399500e+00
2.404405761290283383e+00
2.442601018262030799e+00
2.437340907733548612e+00
2.387090609918905315e+00
2.309535421077659301e+00
2.243863015635373159e+00
2.225179937503330319e+00
2.269962700600946182e+00
2.356158775825354379e+00
2.435788802598572111e+00
2.471558746285289043e+00
2.443111234082130601e+00
2.357319874443992713e+00
2.252992660163958050e+00
2.189201973581549332e+00
2.206558252162725164e+00
2.298794066762217092e+00
2.414107610476924126e+00
2.488122879042968805e+00
2.481062111981166662e+00
2.397994088887463793e+00
2.285427723577943215e+00
2.211547757571668438e+00
2.218835022310617244e+00
2.310049213176871952e+00
2.418582131693617132e+00
2.473649081426749330e+00
2.440384321258583178e+00
2.351647895771014074e+00
2.266256483346996919e+00
2.243045835858087145e+00
2.300403392362999178e+00
2.378306672371229169e+00
2.413289834653119303e+00
2.385626719668712425e+00
2.338576595613550690e+00
2.325879612669898400e+00
2.368011756898374287e+00
2.416562726087895019e+00
2.398630666569550929e+00
2.308198488735972553e+00
2.227958110327495245e+00
2.243376641676025685e+00
2.371334716240729890e+00
2.508470119055523639e+00
2.507387102530849177e+00
2.361241264491232172e+00
2.213769222947266524e+00
2.197776698801123807e+00
2.340925018897654919e+00
2.482698259675295116e+00
2.448502474844750587e+00
2.295373355790776504e+00
2.218486931143633267e+00
2.316655196744823009e+00
2.494536339585344820e+00
2.512171567937322436e+00
2.313601054382449895e+00
2.136633054808742216e+00
2.209393645452695676e+00
2.469409402538466747e+00
2.588153790015434108e+00
2.411409903932798304e+00
2.174063584096859181e+00
2.154501933396093083e+00
2.392262505562604336e+00
2.574258157522458568e+00
2.442086630116299339e+00
2.223571207949067041e+00
2.217716242994814291e+00
2.386036203627133645e+00
2.463628347352546211e+00
2.358625216320182627e+00
2.251605659914691415e+00
2.344200294518505867e+00
2.497378885433541029e+00
2.402482319174089387e+00
2.185737155167717383e+00
2.216462757165760689e+00
2.436708502377093133e+00
2.543342416684915452e+00
2.401034522179904318e+00
2.181924841633420264e+00
2.257420093705665209e+00
2.443223290827666538e+00
2.424609354091805891e+00
2.305182493350803163e+00
2.316448368602796570e+00
2.441852979880926533e+00
2.394426750472396836e+00
2.232435015730263483e+00
2.262661726792064343e+00
2.489971219297792970e+00
2.505842746000617183e+00
2.253442079239139417e+00
2.158028144601362275e+00
2.411531497422635173e+00
2.562992878316983969e+00
2.350908202041173123e+00
2.155846018296005528e+00
2.322763481469569236e+00
2.535684411011267958e+00
2.389645861345035982e+00
2.210843826632955977e+00
2.322532215420271662e+00
2.488625346258324100e+00
2.369920297851598079e+00
2.232295540844862369e+00
2.353260797650909009e+00
2.486132083670149484e+00
2.354729456273252364e+00
2.243389158652920656e+00
2.359907908428658274e+00
2.454300219333198196e+00
2.341041844015341322e+00
2.293986951588028678e+00
2.390198396467971165e+00
2.401858854515416031e+00
2.305055535442297021e+00
2.346942108505023494e+00
2.427843502502859074e+00
2.353805584169099685e+00
2.273271354826850388e+00
2.388192103885662831e+00
2.458480293569599962e+00
2.318544068162926131e+00
2.262916834702114244e+00
2.422127416387488630e+00
2.462178762218804717e+00
2.293532168094178036e+00
2.270207675720176344e+00
2.438733868448003328e+00
2.445892387138889568e+00
2.291996156215209357e+00
2.304222262409003186e+00
2.435514025153401541e+00
2.401523876371845834e+00
2.294079338798443946e+00
2.348397654103953069e+00
2.439897351252716895e+00
2.363052053815371423e+00
2.283942375653073231e+00
2.374031230691818095e+00
2.450278693470798963e+00
2.353236359743637873e+00
2.277030620220973578e+00
2.369615122033968291e+00
2.443880134091393153e+00
2.369858905060160836e+00
2.301676547727173450e+00
2.355857772333356248e+00
2.409025121811046777e+00
2.372685357652349225e+00
2.332949916476001473e+00
2.361570282169614288e+00
2.392652916032423693e+00
2.361888571010657856e+00
2.331784049485212673e+00
2.359368486329136427e+00
2.406242776661250193e+00
2.385261343152683011e+00
2.333025614383890112e+00
2.323653378922149848e+00
2.373451873475536544e+00
2.412939359300060094e+00
2.379513666571815733e+00
2.325319328942218711e+00
2.327253499895751254e+00
2.377637908177126391e+00
2.400667357524318479e+00
2.365265174539706194e+00
2.331579605529261467e+00
2.346380632684306189e+00
2.383668110807908747e+00
2.380386278675350908e+00
2.346263807566619786e+00
2.338810245848923497e+00
2.370434685997329538e+00
2.400253701240265602e+00
2.377900764691920799e+00
2.328290620838477931e+00
2.317601122570171590e+00
2.354769987436531320e+00
2.399061012156130435e+00
2.403080153832453991e+00
2.369145437377147445e+00
2.334159294862663270e+00
2.331728021112444704e+00
2.352515739502398784e+00
2.375001594424437812e+00
2.380172894021617580e+00
2.371688767872901948e+00
2.362720651950914075e+00
2.360000295639073542e+00
2.357275767001600908e+00
2.354880852089029641e+00
2.351119202508831219e+00
2.351537031118515753e+00
2.362083478222308131e+00
2.375154182333252706e+00
2.380258128673807150e+00
2.372191831134776052e+00
2.356940192811511903e+00
2.342306058681733472e+00
2.337435166530033026e+00
2.345996182679674913e+00
2.361035032395724542e+00
2.376369521185102585e+00
2.383224056151396653e+00
2.380696222865131162e+00
2.372626945093506023e+00
2.357338351886075767e+00
2.346385401056456654e+00
2.341873924955597541e+00
2.343203704739058590e+00
2.349399012255550812e+00
2.358158511895955822e+00
2.366110964549895002e+00
2.372905298817789443e+00
2.374866887911187163e+00
2.372764035792831905e+00
2.369365974589106472e+00
2.365399881052956843e+00
2.359361333770910729e+00
2.356714887227402411e+00
2.353824657657701547e+00
2.350705546224778342e+00
2.353295368348999883e+00
2.354858798367833739e+00
2.355867309077657179e+00
2.356775683972320845e+00
2.359421534469310799e+00
2.361173315188088040e+00
2.362537665669639964e+00
2.364213748480528565e+00
2.364968343373339721e+00
2.366239114551438760e+00
2.367377563402362384e+00
2.367753072709211537e+00
2.367947979920861812e+00
2.366681381068394430e+00
2.368204279923949329e+00
2.367171331306854754e+00
2.366913839210729620e+00
2.365076227793244001e+00
2.367780490849076713e+00
2.367031856421453639e+00
2.366935892931925522e+00
2.366940661304075988e+00
2.366906686652503922e+00
2.367421074798235381e+00
2.367638631777600366e+00
2.367908640850620472e+00
2.367421074798235381e+00
2.366785093162667053e+00
2.368562503881753045e+00
2.367652340847532955e+00
2.366820259907276736e+00
2.364037914757480152e+00
2.363509221495297297e+00
2.361682934961669034e+00
2.357738895146714864e+00
2.357569617935373341e+00
2.354705614412500037e+00
2.353296560442037499e+00
2.352984828112700821e+00
2.353651804167247175e+00
2.354724091854583090e+00
2.360596938204400530e+00
2.366996093630325149e+00
2.372576877185926136e+00
2.375514194430612847e+00
2.379662082154998970e+00
2.377510354222101441e+00
2.372202559972114599e+00
2.363727374521181090e+00
2.352755946249478480e+00
2.346362155242223135e+00
2.343017738225190438e+00
2.346160691518865971e+00
2.355411929537287730e+00
2.368541642253594759e+00
2.377325579801270905e+00
2.380661056120521479e+00
2.374410912324298906e+00
2.358103079569706662e+00
2.343503516138019105e+00
2.337405960250611425e+00
2.344981115458144583e+00
2.361850424033454132e+00
2.377884075389394170e+00
2.380747482865748665e+00
2.370102092039834574e+00
2.355093640696244162e+00
2.344007771492930825e+00
2.348542493408023457e+00
2.358486337481300321e+00
2.364683433137349411e+00
2.360375208899403887e+00
2.362714095439207185e+00
2.369675918778886725e+00
2.371149345773380546e+00
2.358849329811254503e+00
2.336411158610720573e+00
2.334119955792421930e+00
2.363964004989147938e+00
2.396686958871717454e+00
2.387742684810481464e+00
2.345433514765919991e+00
2.321789541457836670e+00
2.351592463444764913e+00
2.391764210672880697e+00
2.380090043555503243e+00
2.341032903317559200e+00
2.339243571668097044e+00
2.377773806783414656e+00
2.385378764316888223e+00
2.343041580085942766e+00
2.329135218755629122e+00
2.371482535777394318e+00
2.397486853299958032e+00
2.360213680292806870e+00
2.326332011977673808e+00
2.347434442929559051e+00
2.388835834125975666e+00
