2.399910378445432091e+00
2.361067218907740184e+00
2.362212820316889506e+00
2.359894199358725686e+00
2.359752340287249339e+00
2.361887974964139048e+00
2.359226031211141272e+00
2.359299344932954678e+00
2.361518426122477976e+00
2.361092848908048936e+00
2.361417694260799394e+00
2.359316630282000116e+00
2.361912412871410183e+00
2.363207025910261549e+00
2.362129969850775169e+00
2.363542600100350555e+00
2.366950198048376919e+00
2.364701910579432464e+00
2.365404649425107309e+00
2.365265174539706194e+00
2.367414518286528491e+00
2.370354815763809242e+00
2.370311900414455053e+00
2.370582505533993967e+00
2.370893641816811837e+00
2.371397301125204748e+00
2.375884935365311534e+00
2.374603435349873948e+00
2.375580355594200554e+00
2.376016661645968142e+00
2.377409622360422858e+00
2.378835365633412025e+00
2.380027458671028384e+00
2.380596683096490196e+00
2.380804703331554251e+00
2.381105110777033573e+00
2.380956695193850337e+00
2.381516978921530026e+00
2.383915470113214141e+00
2.383766458483512096e+00
2.382895038473014537e+00
2.384549663609226045e+00
2.384906099427473336e+00
2.385369823619106100e+00
2.388546155517834890e+00
2.384984181521437208e+00
2.387005971313234554e+00
2.388733314124740659e+00
2.387262271316322071e+00
2.387541221087124299e+00
2.387094782244536972e+00
2.387185381315395816e+00
2.389112995757221469e+00
2.385693476878818942e+00
2.387148426431229709e+00
2.387671159228224482e+00
2.384375021979215248e+00
2.383552477783259960e+00
2.382002160787839884e+00
2.381494925200334123e+00
2.379887387739108462e+00
2.377280280265841483e+00
2.377992555855817258e+00
2.377540752594560658e+00
2.375840231876400921e+00
2.374860927445999081e+00
2.373930498830139513e+00
2.372963115330113837e+00
2.374025866273148822e+00
2.370378061578042761e+00
2.370909139026300849e+00
2.371380611822678119e+00
2.369842215757634207e+00
2.370620056464678882e+00
2.367574258753569083e+00
2.369124575748989159e+00
2.373908445108943610e+00
2.369107886446462530e+00
2.369364186449550047e+00
2.372716352071327250e+00
2.369044109468950055e+00
2.369022055747754152e+00
2.367908640850620472e+00
2.370161100645196584e+00
2.372097059738285552e+00
2.370010300875938114e+00
2.370686217628266590e+00
2.373497173010965966e+00
2.370634957627649086e+00
2.374321505346477679e+00
2.368423028996351931e+00
2.370345279019508311e+00
2.371360346241038641e+00
2.370441838555555236e+00
2.368821784117434603e+00
2.369229479936299398e+00
2.370130702272737366e+00
2.370257660181243509e+00
2.369033976678130315e+00
2.369129940167658432e+00
2.369720622267797339e+00
2.368260308296717298e+00
2.371204182053110898e+00
2.367696448289924760e+00
2.366596742462723668e+00
2.368227525738182848e+00
2.365970893617975079e+00
2.367717905964601854e+00
2.367264910610307638e+00
2.368290110622657707e+00
2.370868607863021893e+00
2.369144841330628637e+00
2.369104310167349681e+00
2.370878144607322824e+00
2.368991061328776127e+00
2.369686051569706464e+00
2.368411704112494576e+00
2.369361206216956006e+00
2.370983048794633063e+00
2.369451805287814850e+00
2.368986292956625661e+00
2.371030136469618910e+00
2.370050832039217070e+00
2.369321271100195858e+00
2.367356105727685289e+00
2.368950530165497170e+00
2.370412036229614827e+00
2.369988247154742211e+00
2.370751782745335490e+00
2.372524425092271017e+00
2.373783871386512700e+00
2.376269385369942810e+00
2.373992487668095563e+00
2.375914737691251943e+00
2.375690028153661260e+00
2.374332830230335034e+00
2.372739001839041961e+00
2.372298523461642716e+00
2.371027752283543677e+00
2.373080536494319048e+00
2.368877812490202572e+00
2.367031260374934831e+00
2.367900296199357157e+00
2.366237326411882336e+00
2.364701910579432464e+00
2.361085100303304429e+00
2.363884134755627642e+00
2.364611311508573621e+00
2.363133712188448143e+00
2.365181728027073049e+00
2.367320342936556798e+00
2.367909236897139280e+00
2.368695422255447269e+00
2.369062586911033108e+00
2.369577571103283375e+00
2.371549292987500834e+00
2.370646878558025250e+00
2.370944305770910532e+00
2.372020169737359296e+00
2.370419188787840525e+00
2.372397467183764874e+00
2.369907780874703107e+00
2.370280905995477028e+00
2.371980830667117957e+00
2.369910761107297148e+00
2.370710059489018917e+00
2.367849036198739654e+00
2.369709297383939983e+00
2.372918411841203223e+00
2.371411606241656145e+00
2.372737213699485537e+00
2.375107094658266860e+00
2.376368925138583776e+00
2.378050372368141652e+00
2.377515718640770714e+00
2.380802319145479018e+00
2.383533404294658098e+00
2.379905865181191515e+00
2.382180974743482338e+00
2.382117793812488671e+00
2.381463334734837289e+00
2.382602379632279721e+00
2.378891990052698802e+00
2.378291771208258965e+00
2.377523467245515221e+00
2.376132294670616929e+00
2.373699232780841939e+00
2.371588036011223366e+00
2.370548530882421900e+00
2.370156332273046118e+00
2.367502733171312101e+00
2.368011160851855479e+00
2.367494388520048787e+00
2.367500945031755677e+00
2.369638963894720618e+00
2.367110534561936319e+00
2.368049903875578011e+00
2.369958444828801802e+00
2.368848010164262163e+00
2.367743535964910606e+00
2.367231532005254380e+00
2.367646976428863681e+00
2.369613333894411866e+00
2.367291732703654006e+00
2.366547270601662589e+00
2.368604227138069618e+00
2.366347595017861849e+00
2.365443988495348648e+00
2.362599058461077206e+00
2.365177555701441392e+00
2.366174145480888669e+00
2.363246364980502889e+00
2.363932414523651104e+00
2.366221829202393323e+00
2.364211960340972141e+00
2.366006060362584762e+00
2.364408655692178840e+00
2.365528031054500602e+00
2.367004438281588463e+00
2.366305871761545276e+00
2.367741747825354182e+00
2.366489454089338196e+00
2.367476507124484542e+00
2.370010300875938114e+00
2.368629261091859561e+00
2.368672176441213750e+00
2.370309516228379820e+00
2.369166895051824540e+00
2.369435712031807029e+00
2.370114012970210737e+00
2.370958610887361928e+00
2.374549195116662403e+00
2.370850726467457648e+00
2.373034640912370818e+00
2.374081894645916790e+00
2.374292299067056078e+00
2.379213855172855219e+00
2.377140805380440369e+00
2.380937621705248475e+00
2.382236407069731499e+00
2.382537410561729629e+00
2.383567974992748972e+00
2.382652447539859608e+00
2.385011003614783576e+00
2.389294789945457964e+00
2.388809608079148106e+00
2.389543341343800975e+00
2.390206741119234479e+00
2.391473339971702305e+00
2.392068194397472869e+00
2.390526222053315664e+00
2.391086505780995797e+00
2.390767620893433421e+00
2.390837954382652786e+00
2.391928719512071755e+00
2.391417907645453145e+00
2.391941236488966727e+00
2.392077135095254992e+00
2.390088127861991651e+00
2.389378832504609917e+00
2.392076539048736183e+00
2.389343665760000235e+00
2.388154552954977916e+00
2.388460920865645321e+00
2.386619733169046853e+00
2.387440489225445717e+00
2.384704635704116171e+00
2.385403202224159358e+00
2.383666322668352322e+00
2.385418103387129563e+00
2.386420653631764921e+00
2.380544231002835076e+00
2.382746622889831301e+00
2.382214353348535596e+00
2.383334324757376166e+00
2.382155940789692394e+00
2.381409690548144553e+00
2.382743642657237260e+00
2.385268495710908709e+00
2.382090375672623495e+00
2.382132694975458875e+00
2.383432672432979516e+00
2.381886527763191097e+00
2.383451745921581377e+00
2.381589696596824623e+00
2.382070706137502825e+00
2.384339259188086757e+00
2.381788180087587747e+00
2.382639930562964636e+00
2.384783909891117659e+00
2.382618472888287542e+00
2.382166669627030942e+00
2.381032393101738975e+00
2.381593868922456281e+00
2.382890270100864072e+00
2.380969808217264116e+00
2.383607910109509120e+00
2.382883713589157182e+00
2.381745860784752367e+00
2.381948516601147148e+00
2.381360814733602282e+00
2.380965039845113651e+00
2.383938119880928852e+00
2.380958483333406761e+00
2.381466911013950138e+00
2.382688806377506907e+00
2.382046864276750497e+00
2.384480522213044296e+00
2.381291077290901725e+00
2.381948516601147148e+00
2.382203028464678241e+00
2.381943152182477874e+00
2.382931397310661836e+00
2.384417341282050629e+00
2.380935833565692050e+00
2.381657645899968756e+00
2.379117295636808294e+00
2.380753443330936747e+00
2.384127066627391045e+00
2.380624101236355372e+00
2.381437108688009729e+00
2.381232068685539716e+00
2.381267235430149398e+00
2.382697747075289030e+00
2.381000802636242142e+00
2.381428167990227607e+00
2.379842088203679040e+00
2.381213591243456662e+00
2.381905601251792959e+00
2.381614730550614567e+00
2.381524727526274532e+00
2.382794902657854763e+00
2.381457970316168016e+00
2.382093355905217535e+00
2.380385086582313292e+00
2.379634067968614985e+00
2.381535456363613079e+00
2.379520223083522623e+00
2.380675361236972876e+00
2.383090541731183620e+00
2.381081864962800054e+00
2.381305382407353122e+00
2.380039975647923356e+00
2.381978914973606365e+00
2.383865402205634254e+00
2.381426379850671182e+00
2.382212565208979171e+00
2.384514496864616362e+00
2.382560656375963148e+00
2.384474561747856214e+00
2.383624599412035749e+00
2.384681389889882652e+00
2.385862754090160465e+00
2.383408234525708380e+00
2.384687350355070734e+00
2.387188361547989857e+00
2.382946298473632041e+00
2.384286211047912829e+00
2.382249520093145279e+00
2.385550425714304978e+00
2.388863848312359650e+00
2.386390255259305704e+00
2.388787554357952203e+00
2.386898682939849081e+00
2.387316511549533615e+00
2.388611124588384982e+00
2.386957095498692283e+00
2.388659404356408444e+00
2.390828417638351855e+00
2.389206575060674353e+00
2.389505790413116060e+00
2.387958453650290025e+00
2.389807389951632999e+00
2.393634604648900766e+00
2.390070842512946214e+00
2.391128229037312369e+00
2.395109223736432202e+00
2.389584468553598740e+00
2.390514897169458308e+00
2.390225218561317533e+00
2.392545031612519413e+00
2.393933820001342472e+00
2.391256975085374936e+00
2.392092036258225196e+00
2.395044850712400919e+00
2.392398404168892601e+00
2.392228530911032269e+00
2.391536520902695973e+00
2.390708612288071411e+00
2.393220948364847889e+00
2.391328500667631918e+00
2.391323136248962644e+00
2.391791032766227065e+00
2.391136573688575684e+00
2.390538739030210635e+00
2.388013885976539186e+00
2.388764904590237492e+00
2.391690896951067291e+00
2.387804077601918706e+00
2.387103722942319095e+00
2.387398169922610336e+00
2.385919974555966050e+00
2.385667846878510190e+00
2.384066865928991419e+00
2.384450719887103887e+00
2.385655925948134026e+00
2.381337568919368763e+00
2.382255480558333360e+00
2.380339787046883870e+00
2.379240081219682779e+00
2.381392405199099116e+00
2.377915665854891003e+00
2.377620026781562146e+00
2.377277896079766251e+00
2.375380680010399814e+00
2.374703571165033722e+00
2.374121233716158130e+00
2.371423527172032308e+00
2.374027058366186438e+00
2.367036028747085297e+00
2.369948908084500871e+00
2.368337794344162361e+00
2.366363688273869670e+00
2.366980000374317328e+00
2.362656278926882791e+00
2.362351103109253003e+00
2.364284678016266739e+00
2.361153049606448562e+00
2.360910458673293633e+00
2.358953637952045934e+00
2.356674356064123455e+00
2.357307357467097741e+00
2.354052347427886271e+00
2.354547662085015869e+00
2.354551834410647526e+00
2.352021020891787995e+00
2.351790946935528037e+00
2.349188011787892716e+00
2.351560276932749272e+00
2.352807206250095984e+00
2.349357885045753047e+00
2.349297088300834613e+00
2.348650377827927738e+00
2.349367421790053978e+00
2.352437657408434912e+00
2.350276988777755260e+00
2.352121156706947769e+00
2.355595511865080649e+00
2.354311031617049021e+00
2.355900091636191629e+00
2.355372590467046390e+00
2.357233447698765527e+00
2.358870191439412789e+00
2.358157915849437014e+00
2.360477132854120086e+00
2.361485643563943526e+00
2.359647436099939100e+00
2.359274907025683543e+00
2.358877343997638487e+00
2.359187884233937549e+00
2.362559719390835866e+00
2.357454580957243362e+00
2.356818599321675034e+00
2.355854792100762207e+00
2.354291362081928352e+00
2.357584519098343545e+00
2.354017776729795397e+00
2.356814426996043377e+00
2.356559915132512284e+00
2.357031387928889554e+00
2.356076521405758850e+00
2.355661673028668357e+00
2.355649156051773385e+00
2.359466834004740221e+00
2.358873171672006830e+00
2.359487695632898507e+00
2.359404249120265362e+00
2.359230203536772930e+00
2.362775488230644427e+00
2.359598560285396829e+00
2.360788269136937956e+00
2.363900824058154271e+00
2.360968275185618026e+00
2.360048575407097005e+00
2.360382361457629585e+00
2.358776612135959905e+00
2.362132950083369209e+00
2.360779924485674641e+00
2.362280173573514830e+00
2.364421172669073812e+00
2.364384217784907705e+00
2.364315076388725956e+00
2.367545052474147482e+00
2.369739695756399200e+00
2.371153518099012203e+00
2.371275111588849072e+00
2.373656317431487750e+00
2.372718736257402483e+00
2.372151896018015904e+00
2.375064775355431479e+00
2.372212692762934338e+00
2.372104808343030058e+00
2.374571844884377114e+00
2.369650288778577973e+00
2.368474288996969435e+00
2.370146199482226379e+00
2.371560021824839382e+00
2.373690888129578624e+00
2.373965069528230387e+00
2.376432106069577443e+00
2.374356076044568553e+00
2.376441642813878374e+00
