2.393375920459738015e+00
2.374016329528847891e+00
2.373349949520820346e+00
2.374354883951530937e+00
2.375389024661663129e+00
2.374941989772556994e+00
2.375209614659501867e+00
2.376212164904137225e+00
2.375909969319101478e+00
2.375344321172752515e+00
2.372823640444712723e+00
2.373771950456136537e+00
2.373774334642211770e+00
2.371456905777085566e+00
2.372157260436685178e+00
2.371052190190814812e+00
2.370606347394746294e+00
2.369253917843570534e+00
2.368270441087537037e+00
2.364437265925081633e+00
2.364303155458349792e+00
2.364831252674013840e+00
2.364080830106834341e+00
2.362547798460459703e+00
2.361113710536207222e+00
2.360264344246905566e+00
2.359028143766896957e+00
2.357737107007158439e+00
2.356168908616174118e+00
2.352793497180163396e+00
2.352326792755936591e+00
2.352447194152735843e+00
2.351188939951531776e+00
2.350334209243560846e+00
2.349341791789745226e+00
2.347265761764736336e+00
2.347364705486858494e+00
2.344787996386050732e+00
2.344486992894052602e+00
2.343681138000623942e+00
2.345078867087229124e+00
2.344546001499414611e+00
2.344556134290234350e+00
2.343917172422071982e+00
2.345133107320440669e+00
2.345681470117744194e+00
2.344649713593687235e+00
2.345654648024397826e+00
2.346788924549689792e+00
2.347906511772455129e+00
2.347922605028462950e+00
2.349842470865544097e+00
2.350924891343699752e+00
2.351649683910570499e+00
2.351766509028256902e+00
2.352073472985443114e+00
2.352852505785525405e+00
2.355216426279118647e+00
2.355108541859214366e+00
2.357276959094638524e+00
2.359298152839917062e+00
2.360155267733963669e+00
2.361238880305156940e+00
2.362568064042099181e+00
2.362644357996506628e+00
2.363794727777806415e+00
2.363442464285190781e+00
2.363572402426290964e+00
2.364503427088669341e+00
2.349378150627392525e+00
2.353038472299393558e+00
2.363349481028256704e+00
2.368877216443683764e+00
2.368556543416564963e+00
2.368737741558282650e+00
2.420679619393303117e+00
2.367109938515417511e+00
2.368489786206458447e+00
2.368585153649467756e+00
2.368699594581078927e+00
2.368157192248963483e+00
2.367864533408228667e+00
2.368001028061035740e+00
2.366223617341949748e+00
2.365167422910621653e+00
2.363787575219580717e+00
2.363285704050744229e+00
2.364332361737771393e+00
2.363683267078789285e+00
2.362711711253131952e+00
2.361417098214280585e+00
2.361265106351984500e+00
2.361381931469670903e+00
2.358627004459739052e+00
2.355749291866933159e+00
2.356005591870020677e+00
2.355311793722127955e+00
2.353709024633052760e+00
2.352731508342207345e+00
2.352960986251948494e+00
2.352110427869609222e+00
2.349743527143421939e+00
2.350893300878202918e+00
2.348733824340560883e+00
2.348797005271554550e+00
2.348702829921582858e+00
2.348662894804822709e+00
2.349205893183456961e+00
2.349176090857516552e+00
2.348302286660943761e+00
2.349952143425004802e+00
2.350577396223234583e+00
2.351172846695523955e+00
2.350881379947826755e+00
2.351845783215258390e+00
2.353216094161998395e+00
2.354245466499980122e+00
2.353780550215309741e+00
2.356003803730464252e+00
2.357802076077708531e+00
2.358758134693876851e+00
2.360572500297129395e+00
2.360757274717959930e+00
2.360568924018016546e+00
2.363262458236510710e+00
2.363730950800293940e+00
2.364692969881650342e+00
2.365394516634287569e+00
2.367972417828132947e+00
2.367672606429172433e+00
2.369966789480065117e+00
2.395760702581489543e+00
2.370680853209597316e+00
2.371503397405552604e+00
2.370348855298621160e+00
2.371347829264143670e+00
2.371485516009988359e+00
2.371728702989662096e+00
2.372197791599964134e+00
2.372921988120316072e+00
2.371248289495502704e+00
2.371781155083317216e+00
2.369969769712659158e+00
2.370791121815576830e+00
2.368959470863279293e+00
2.369665189941548178e+00
2.367779298756039097e+00
2.366597338509242476e+00
2.366729064789899084e+00
2.365711613382293521e+00
2.364277525458041040e+00
2.362449450784856353e+00
2.362143678920707757e+00
2.361145897048222864e+00
2.358075065383322677e+00
2.357167882581696627e+00
2.356843037228946169e+00
2.354160231847790552e+00
2.352608722759332860e+00
2.352485937176458375e+00
2.350237053660995112e+00
2.348671835502604832e+00
2.347708028281692005e+00
2.347036283854995187e+00
2.347823661306340792e+00
2.348147910612572442e+00
2.345021646621423539e+00
2.345877569422432085e+00
2.345661800582623524e+00
2.344717662896831367e+00
2.343614976837036235e+00
2.345578354069990379e+00
2.344938200108790394e+00
2.346374076172599299e+00
2.347197216415073395e+00
2.348190229915407823e+00
2.347867768748732598e+00
2.348581832478264797e+00
2.349076551088875586e+00
2.351590675305208489e+00
2.351616901352036049e+00
2.354526800456857583e+00
2.355788034890655691e+00
2.355624122097983442e+00
2.357658428866675759e+00
2.358928007951737182e+00
2.359544320052185284e+00
2.357482595143627346e+00
2.360291166340251934e+00
2.360133810059286574e+00
2.360730452624613562e+00
2.362359447760516318e+00
2.362327261248500676e+00
2.361274047049766622e+00
2.361141724722591206e+00
2.361960692639433645e+00
2.361524386587666058e+00
2.359423918655386032e+00
2.360087318430819536e+00
2.361679358682556185e+00
2.359738631217316751e+00
2.361375971004482821e+00
2.361500544726913731e+00
2.361606641007261587e+00
2.360608859134776694e+00
2.360393686341486941e+00
2.361671610077811678e+00
2.363394780563686126e+00
2.362821979859111465e+00
2.362720055904395267e+00
2.363503261030109215e+00
2.364725752440184792e+00
2.364954038256888325e+00
2.363966985221741979e+00
2.364084406385947190e+00
2.364973707792008994e+00
2.365072055467612344e+00
2.365621610357953486e+00
2.365510149658936356e+00
2.365277095470082358e+00
2.364012284757171400e+00
2.364412231971291689e+00
2.362489981948135309e+00
2.362326069155463060e+00
2.360779924485674641e+00
2.361667437752180021e+00
2.361237092165600515e+00
2.361030264023574077e+00
2.360137982384918232e+00
2.359270138653533078e+00
2.357117218627597932e+00
2.356968803044414695e+00
2.357027811649776705e+00
2.355203313255704867e+00
2.353962940450065044e+00
2.353453320676484051e+00
2.352924031367782387e+00
2.350667995294093426e+00
2.349716705050075571e+00
2.348671239456086024e+00
2.348111551774925143e+00
2.349193376206561990e+00
2.347930353633207456e+00
2.347637694792472640e+00
2.346361559195704327e+00
2.347510736883966498e+00
2.347939890377508387e+00
2.346615475012716612e+00
2.348224800613498697e+00
2.348909658063609296e+00
2.347817104794633902e+00
2.347842734794942654e+00
2.348317187823913965e+00
2.349829953888649126e+00
2.349797767376633484e+00
2.352331561128087056e+00
2.352040094380389856e+00
2.352726739970056880e+00
2.355099005114913435e+00
2.354947013252617349e+00
2.355483455119544711e+00
2.356815023042562185e+00
2.355944795125102242e+00
2.358609719110693614e+00
2.359785122845783789e+00
2.360471172388932004e+00
2.361434979609844831e+00
2.362703366601868638e+00
2.363357825679520019e+00
2.364150567549534898e+00
2.364045067315705850e+00
2.364237590341280892e+00
2.365677638730721455e+00
2.366638465719040241e+00
2.367316766657443949e+00
2.368049307829059202e+00
2.367541476195034633e+00
2.368462964113112079e+00
2.369474455055529560e+00
2.370671912511815194e+00
2.370752378791854298e+00
2.369823142269032346e+00
2.372242495088874747e+00
2.373034044865852010e+00
2.371821686246596173e+00
2.372403427648952956e+00
2.374185606740189414e+00
2.374635621861889589e+00
2.373022719981994655e+00
2.374465152557510450e+00
2.374686881862507093e+00
2.375256106287968905e+00
2.375756785363767776e+00
2.374275609764529449e+00
2.375832483271656415e+00
2.376181766531678008e+00
2.375968977924463488e+00
2.375314518846812106e+00
2.374948546284263884e+00
2.374481841860037079e+00
2.372970863934858343e+00
2.373904868829830761e+00
2.373251005798698188e+00
2.372234746484130241e+00
2.369995399712967910e+00
2.370371505066335871e+00
2.369485779939386916e+00
2.366426869204863337e+00
2.365857048732882717e+00
2.365446968727942689e+00
2.365026159885664114e+00
2.362857146603721148e+00
2.362329645434575909e+00
2.361908240545778526e+00
2.362547798460459703e+00
2.361508293331658237e+00
2.361252589375089528e+00
2.361873669847687651e+00
2.360682768903108908e+00
2.363884730802146450e+00
2.363180799863433990e+00
2.361963672872027686e+00
2.361920757522673497e+00
2.362722440090470499e+00
2.362311764039011663e+00
2.362040562872953942e+00
2.361110730303613181e+00
2.361769957753415028e+00
2.360359115643396066e+00
2.359963936801426243e+00
2.360120100989353986e+00
2.359561605401230722e+00
2.359146757024139784e+00
2.357836646775799405e+00
2.357488555608815428e+00
2.354300898826229282e+00
2.351250332742969018e+00
2.352977079507956315e+00
2.352495473920759306e+00
2.351855319959559321e+00
2.352191490196167134e+00
2.350454610640360098e+00
2.350468319710292686e+00
2.350254339010040550e+00
2.372523829045752208e+00
2.349002045274024564e+00
2.350862306459224893e+00
2.349748295515572405e+00
2.350665611108018194e+00
2.351320070185669575e+00
2.350147646683173885e+00
2.350005191565178730e+00
2.351262849719863990e+00
2.350780648086148172e+00
2.351498288094793221e+00
2.350311559475846135e+00
2.348994296669280057e+00
2.350288909708131424e+00
2.350036185984156756e+00
2.348066848286014530e+00
2.348793428992441701e+00
2.348622363641543753e+00
2.347653788048480461e+00
2.346191089891325188e+00
2.345910351980966535e+00
2.346182745240061873e+00
2.346430700591886076e+00
2.346210163379927049e+00
2.345230262903006402e+00
2.344138901727068625e+00
2.344976943132512925e+00
2.344475071963676438e+00
2.344585936616174759e+00
2.343939822189786693e+00
2.342788260315449289e+00
2.344237249402671974e+00
2.343468349393409422e+00
2.343765776606294704e+00
2.345015686156235457e+00
2.345148008483410873e+00
2.344492953359240683e+00
2.344304602659297299e+00
2.343659680325946848e+00
2.345208209181810499e+00
2.345789354537648475e+00
2.345052641040401564e+00
2.345875781282875661e+00
2.344761174292704364e+00
2.347025555017656639e+00
2.346936744086354221e+00
2.346480172452947155e+00
2.344215791727994880e+00
2.345195692204915527e+00
2.345612328721562445e+00
2.345336359183354258e+00
2.345535438720636190e+00
2.343876641258793025e+00
2.345708888257609370e+00
2.344315927543154654e+00
2.343712132419601968e+00
2.364320440807395229e+00
2.344246786146972905e+00
2.344608586383889470e+00
2.343666236837653738e+00
2.342992704271400495e+00
2.344653885919318892e+00
2.345289271508368412e+00
2.343753259629399732e+00
2.343890946375244422e+00
2.345082443366341973e+00
2.344716470803793751e+00
2.345496099650394850e+00
2.345020454528385923e+00
2.345858495933830223e+00
2.347920220842387717e+00
2.348448914104570573e+00
2.348636668757995150e+00
2.347978633401230919e+00
2.349722665515263653e+00
2.348990124343648400e+00
2.350467127617255070e+00
2.351239007859111663e+00
2.352273744615762663e+00
2.351419609954310541e+00
2.352377456710035286e+00
2.352575940200798410e+00
2.354545277898940636e+00
2.354084533939901913e+00
2.355045360928220699e+00
2.354980987904189416e+00
2.356093210708285479e+00
2.356521172108789752e+00
2.357598228168276133e+00
2.358426732829419503e+00
2.358652634460047803e+00
2.358746213763500688e+00
2.358631176785370709e+00
2.357552928632846712e+00
2.356965822811820654e+00
2.358660979111311118e+00
2.359007878185257479e+00
2.359447164469619551e+00
2.358204407477904052e+00
2.359073443302326378e+00
2.359885258660943563e+00
2.360329313317455657e+00
2.359893603312206878e+00
2.358802838182787465e+00
2.357008142114656035e+00
2.355985922334900007e+00
2.357514781655642988e+00
2.358445806318021365e+00
2.357791943286888792e+00
2.359523458424026998e+00
2.357514781655642988e+00
2.356855554205841141e+00
2.349626702025735536e+00
2.356519980015752136e+00
2.357852143985288418e+00
2.358740253298312606e+00
2.358705682600221731e+00
2.358939928882113346e+00
2.358936352603000497e+00
2.359158677954515948e+00
2.357983274219426217e+00
2.357837838868837022e+00
2.356858534438435182e+00
2.357679886541352854e+00
2.357532067004688425e+00
2.358320040502552839e+00
2.358135862128241111e+00
2.359571142145531653e+00
2.359521074237951765e+00
2.357838434915355830e+00
2.358140034453872769e+00
2.359758896798956229e+00
2.359758300752437421e+00
2.358117980732676866e+00
2.360018773081156596e+00
2.360332889596568506e+00
2.361553592867087659e+00
2.360544486110745410e+00
2.360438985876916362e+00
2.362196727060881685e+00
2.363482995448469737e+00
2.362708731020537911e+00
2.364782972905990377e+00
2.364123149409669722e+00
2.365446372681423881e+00
2.364270968946334150e+00
2.365472002681732633e+00
2.365543528263989614e+00
2.365380211517836173e+00
2.367354317588128865e+00
2.367471738752334076e+00
2.366790457581336327e+00
2.367824002244949710e+00
2.368600054812437961e+00
2.368349119228019717e+00
2.366206928039423119e+00
2.366425677111825721e+00
2.367439552240318434e+00
2.365932746640771356e+00
2.366360111994756821e+00
2.366295738970725537e+00
2.367162986655591439e+00
2.366864367349668541e+00
2.365553065008290545e+00
2.365713401521849946e+00
2.365365906401384777e+00
2.364960594768595215e+00
2.364566011973144199e+00
