1.904745328992048403e+00
1.901280510578216454e+00
1.995412349154037202e+00
2.149095195423984084e+00
2.337013165594716835e+00
2.532111708177531728e+00
2.697439515285434020e+00
2.805376983329890273e+00
2.829775551530784750e+00
2.748542159621973013e+00
2.575927087775121471e+00
2.355044764881701891e+00
2.156020659926016325e+00
2.027632239774732614e+00
1.998428940585725400e+00
2.066285260472924712e+00
2.207715178455731841e+00
2.383704469645556046e+00
2.547928994647144840e+00
2.644735889999376699e+00
2.660723645773368506e+00
2.592426251462251141e+00
2.451068455108219801e+00
2.268400462675149942e+00
2.093935262433917810e+00
1.995755671948870713e+00
2.030417565157123239e+00
2.193955444569044566e+00
2.442078285465036025e+00
2.693515741052119772e+00
2.845160704274261487e+00
2.841123085155854877e+00
2.671031078223118360e+00
2.395042466526325686e+00
2.091791879152283595e+00
1.851366979046699779e+00
1.754170865317686179e+00
1.841348033112053084e+00
2.105405581641862423e+00
2.492062150485772065e+00
2.874542817418911156e+00
3.097217452194386933e+00
3.056711322869220204e+00
2.760417790462707188e+00
2.335107008827568276e+00
1.931652060944087701e+00
1.671838363628192381e+00
1.637371377631590130e+00
1.836241106538904599e+00
2.220747735589472693e+00
2.679093799483037053e+00
3.027640346007388406e+00
3.117091431271008517e+00
2.907743204563046024e+00
2.501032650593835172e+00
2.088177453062230793e+00
1.806837535719577836e+00
1.740045158868450903e+00
1.904190409683037988e+00
2.236416010429383761e+00
2.614196850561720353e+00
2.865693314754166110e+00
2.890472160634059762e+00
2.691785418008019626e+00
2.381195709847892417e+00
2.109338892619477601e+00
1.983100412261535217e+00
2.039401178288600125e+00
2.234304813659764744e+00
2.466661032040242230e+00
2.632031754497498710e+00
2.654159981508252830e+00
2.526649537879173568e+00
2.323184290311847811e+00
2.144943135373966303e+00
2.100487005768657323e+00
2.214361693186961855e+00
2.418324639597491998e+00
2.595814775921675643e+00
2.646010237456588587e+00
2.547898596274685623e+00
2.362247987061499188e+00
2.170988580106327337e+00
2.061166412969400064e+00
2.092544089859019518e+00
2.266781600330066926e+00
2.501408159900684325e+00
2.665703018391492041e+00
2.685007176996133005e+00
2.561254210621620508e+00
2.352706474388417401e+00
2.162340541164939456e+00
2.074806937552325259e+00
2.125271216067220692e+00
2.283239636807398387e+00
2.450115972771164330e+00
2.548826640704469959e+00
2.551353877944216642e+00
2.484991250633150628e+00
2.393986868141516400e+00
2.318378367230697457e+00
2.282809887267337690e+00
2.289650117117180361e+00
2.315227069285758610e+00
2.337103168619056870e+00
2.346373480126080491e+00
2.350287121568574999e+00
2.371281072054037153e+00
2.412495304643548000e+00
2.462847526412907495e+00
2.488482891140328945e+00
2.451455289298926310e+00
2.359332127491489128e+00
2.260439069323428640e+00
2.205410266567500610e+00
2.225306299365317653e+00
2.306152261036904072e+00
2.408263374360009923e+00
2.501046359663767760e+00
2.534098331224719391e+00
2.493462859804971288e+00
2.393710898603308213e+00
2.283293280994091123e+00
2.225673464020903491e+00
2.240698008620501724e+00
2.312704600418162393e+00
2.399950909608711047e+00
2.457914049376732191e+00
2.470515068830855920e+00
2.443528466645296326e+00
2.386280582699844999e+00
2.329942861788614206e+00
2.300790226553705686e+00
2.317023553493446464e+00
2.361504717052545388e+00
2.396352576774666066e+00
2.405790973399993593e+00
2.388826297381674735e+00
2.356776876065358461e+00
2.337329070249685170e+00
2.341963331933418768e+00
2.369659825522878904e+00
2.402806568480321037e+00
2.411837269286783769e+00
2.399233865646584807e+00
2.367984934805027919e+00
2.335893194185876265e+00
2.317297138845579418e+00
2.322333731929508538e+00
2.355565113492621432e+00
2.395378636762933500e+00
2.419446995192407801e+00
2.415064861186130063e+00
2.386578009912730280e+00
2.360016984941600171e+00
2.349074762949319162e+00
2.346452754313081979e+00
2.355044168835183083e+00
2.362188978456137178e+00
2.371400281357798789e+00
2.380679533562604533e+00
2.383060739405243211e+00
2.387038753871769003e+00
2.391889380441830415e+00
2.391324328342000261e+00
2.388465689237795786e+00
2.370090171109458410e+00
2.348231357125205587e+00
2.338550369566723131e+00
2.341374437972836287e+00
2.361597104262960656e+00
2.386009381533787277e+00
2.402010250331193308e+00
2.405096579205582064e+00
2.391990708350027806e+00
2.377179548404162901e+00
2.368728800860500527e+00
2.361411733795611312e+00
2.359343452375346484e+00
2.361442132168070529e+00
2.362525148692744992e+00
2.368122621550872609e+00
2.376475617465450441e+00
2.387945936673395053e+00
2.396259593517731989e+00
2.397424864462001981e+00
2.390988158105392447e+00
2.377553269571455630e+00
2.365060730583754989e+00
2.356194538616482870e+00
2.357622070029028460e+00
2.372131034389857618e+00
2.392289923702469512e+00
2.403013992668866283e+00
2.407152939695470284e+00
2.399434137276904355e+00
2.387478636202649440e+00
2.376739666073282464e+00
2.370055600411367536e+00
2.371570154615659121e+00
2.376718208398605370e+00
2.374631449536257932e+00
2.371607705546344036e+00
2.374612972094174879e+00
2.385127232685951171e+00
2.400866437061600411e+00
2.405451822930791739e+00
2.404269266637476310e+00
2.394002365351005412e+00
2.374246999531626656e+00
2.361026687744461228e+00
2.355541271631869105e+00
2.360810918904652667e+00
2.361666245659142405e+00
2.382632181958220130e+00
2.388263629467919813e+00
2.390399860191328330e+00
2.384852455240780600e+00
2.382374689862094996e+00
2.377908513296665305e+00
2.379031464938099916e+00
2.380185410998512552e+00
2.371031924609175334e+00
2.359209937955133451e+00
2.345193904065359103e+00
2.336643616753055763e+00
2.339241783528540619e+00
2.351932806007004384e+00
2.377565786548350601e+00
2.402865577085683046e+00
2.415637661890704724e+00
2.410150457638556620e+00
2.379765198202752785e+00
2.344176452657753540e+00
2.310236967830296528e+00
2.288810287572179636e+00
2.291826282957349026e+00
2.315682448826128059e+00
2.355597300004637074e+00
2.392127203002834879e+00
2.409926344147484745e+00
2.407274533185307153e+00
2.381808445669227225e+00
2.345471661743123715e+00
2.312617577626416399e+00
2.290020262005360241e+00
2.290613328291574380e+00
2.308772481533584831e+00
2.332088033209804845e+00
2.354687136970416983e+00
2.364959402675557598e+00
2.361773534032527877e+00
2.349651735979525480e+00
2.330913821567752731e+00
2.320829310516036692e+00
2.322311082161793827e+00
2.330369631096080862e+00
2.346955817574956082e+00
2.358429117015494736e+00
2.364244742899506591e+00
2.359219474699434382e+00
2.339150588411162968e+00
2.316519298138534744e+00
2.295931255332380960e+00
2.289431964091296567e+00
2.300511872829422266e+00
2.324590960096235115e+00
2.361479683098755444e+00
2.394182371399685483e+00
2.411417652537542811e+00
2.412026812079764770e+00
2.395363139553444487e+00
2.365397496866881610e+00
2.331086675058207103e+00
2.300662076552161928e+00
2.293166195531629814e+00
2.302139675872287405e+00
2.326461950118773991e+00
2.360583229134467942e+00
2.387887524114551852e+00
2.410908032763961817e+00
2.421703627312615570e+00
2.414067675360163978e+00
2.398061442144089117e+00
2.374562308140076183e+00
2.357633394912885816e+00
2.349534314815320268e+00
2.350313943661921368e+00
2.360899729835955085e+00
2.374658867676123108e+00
2.386511252702623764e+00
2.394721793499206886e+00
2.391962098117125013e+00
2.384341047327643182e+00
2.377708837712864565e+00
2.368025465968306875e+00
2.369182392261313552e+00
2.375004574657031853e+00
2.391846465092476226e+00
2.412979890463339050e+00
2.426105430854014422e+00
2.435418061663873424e+00
2.435332230965165046e+00
2.421506931961408871e+00
2.399015116574182205e+00
2.370779200885200666e+00
2.347322386184023113e+00
2.332784811590291607e+00
2.325825968483205664e+00
2.338676731428710465e+00
2.362779660556276085e+00
2.387839244346528389e+00
2.416848828416922945e+00
2.437951259368808188e+00
2.452289158378738954e+00
2.451860600931715872e+00
2.437870793088769084e+00
2.417961647267537817e+00
2.394874381408021780e+00
2.368303223646071487e+00
2.349224966672058823e+00
2.338376920029749950e+00
2.335895578371951498e+00
2.344286125217214245e+00
2.353565973468538797e+00
2.367012186886332969e+00
2.379063651450115557e+00
2.384270117791905008e+00
2.388569997378587217e+00
2.386747883170590612e+00
2.382987425683429805e+00
2.380588338445226881e+00
2.374913379539654201e+00
2.374751850933057185e+00
2.378675625166371432e+00
2.384711788262341869e+00
2.393328236738233361e+00
2.402376818940260339e+00
2.410090256940156994e+00
2.415282418165495049e+00
2.411850382310197549e+00
2.404338408033658059e+00
2.391914414395620359e+00
2.377124116077913740e+00
2.359314246095924883e+00
2.338176052352911594e+00
2.323777356598061949e+00
2.313348330658475227e+00
2.305705226147797937e+00
2.307190574072667921e+00
2.314036168341179867e+00
2.330909649242121073e+00
2.349136751787275212e+00
2.367153449911290508e+00
2.387207435036591718e+00
2.406629610851956702e+00
2.417517592611025723e+00
2.425786545966452046e+00
2.428895524608555512e+00
2.426876119002833398e+00
2.420363714738334782e+00
2.408427883199200981e+00
2.396616029335979281e+00
2.383314655222255496e+00
2.366920395722436510e+00
2.355232519535126468e+00
2.343805711723054852e+00
2.335630337671081858e+00
2.334743420451095286e+00
2.328970113869919256e+00
2.328654209214950921e+00
2.330034056905991857e+00
2.332284132514492736e+00
2.340421359589262007e+00
2.340140025632384546e+00
2.345672529419962071e+00
2.348666471083935559e+00
2.348946016901256595e+00
2.350210231567648744e+00
2.349397224115994387e+00
2.349331658998925487e+00
2.351376098558437544e+00
2.347867172702213789e+00
2.347272318276443226e+00
2.348333281079921786e+00
2.345572393604802297e+00
2.345566433139614215e+00
2.345058005459070838e+00
2.346402090358983283e+00
2.351121586694906451e+00
2.348694485270319543e+00
2.352881712064947006e+00
2.355893535124484739e+00
2.358374876782283192e+00
2.361763997288226946e+00
2.365043445234709552e+00
2.369290276681217833e+00
2.377352401894617273e+00
2.378158256788045932e+00
2.381336376826331147e+00
2.382524297538315849e+00
2.387745665043075505e+00
2.392788218592193150e+00
2.391083525548401756e+00
2.394272374424025518e+00
2.399812626816347549e+00
2.399643349605006026e+00
2.400481987056969135e+00
2.400806832409719593e+00
2.402373242661147490e+00
2.406404305267847210e+00
2.403093266855867771e+00
2.404693651758867734e+00
2.404312778033349307e+00
2.407269764813156687e+00
2.407928992262958534e+00
2.408131648079353315e+00
2.408685375295326114e+00
2.410584975550767783e+00
2.408908892739879182e+00
2.410989691137038538e+00
2.409898926007619568e+00
2.412554313248910010e+00
2.415741373984977347e+00
2.410981942532294031e+00
2.413333942095511109e+00
2.416384508178771373e+00
2.414696504437506608e+00
2.415374209329391508e+00
2.414608289552722997e+00
2.415088703046882390e+00
2.419048836117843937e+00
2.414226819780685762e+00
2.415360500259458920e+00
2.413437654189783732e+00
2.412127543941443353e+00
2.412191916965474636e+00
2.408013034822110487e+00
2.408309865988476961e+00
2.407354403418827449e+00
2.403857398492979858e+00
2.400704908455003395e+00
2.396816300966298829e+00
2.394807624197915263e+00
2.394643711405243014e+00
2.389593409251380862e+00
2.385757253856331417e+00
2.383529231969026441e+00
2.376795098399531625e+00
2.376429721883502211e+00
2.368235274342927354e+00
2.365328355470699861e+00
2.365220471050795581e+00
2.357890290962492141e+00
2.354607266736896687e+00
2.352208775545212571e+00
2.351721209492827480e+00
2.353123706951583127e+00
2.347655576188036886e+00
2.350316923894515408e+00
2.352037114147795815e+00
2.351701539957706810e+00
2.354608458829934303e+00
2.355113310231364832e+00
2.358060164220352473e+00
2.357395572351881352e+00
2.364102287781511436e+00
2.369346305053985802e+00
2.370375081345448720e+00
2.374332830230335034e+00
2.379592344712298413e+00
2.379597709130967687e+00
2.383117363824529988e+00
2.387450622016265456e+00
2.385916994323372009e+00
2.387100146663206246e+00
2.387920902719605110e+00
2.387880967602844962e+00
2.392358469052132453e+00
2.388217733885971583e+00
2.389165447850876589e+00
2.388809608079148106e+00
2.389699505531728718e+00
2.390368269725831496e+00
2.386769340845267706e+00
2.387945936673395053e+00
2.388938950173729481e+00
2.389728115764631511e+00
2.390792654847223364e+00
2.391938256256372686e+00
2.393023060920603573e+00
2.396182703516805734e+00
2.393850373488709327e+00
2.394610332800189756e+00
2.397897529351416868e+00
2.391504334390680331e+00
2.389262007386923514e+00
2.384556220120932934e+00
2.381827519157829087e+00
2.380754635423974364e+00
2.373782679293475084e+00
2.367266698749864062e+00
2.363678498706638820e+00
2.355851811868168166e+00
2.352310699499928770e+00
2.349508088768492708e+00
2.345239799647307333e+00
2.344997804760671212e+00
2.344743292897140119e+00
2.350205463195498279e+00
2.359510941447132026e+00
2.365140004770756477e+00
