2.391318963923330987e+00
2.350844425063660648e+00
2.343132179156801609e+00
2.346715014781357578e+00
2.351022046926265485e+00
2.347496431767515102e+00
2.340495269357594221e+00
2.346247118264093157e+00
2.361063642628627335e+00
2.371157690424643860e+00
2.368415280391607425e+00
2.355515641631560353e+00
2.345710080350646987e+00
2.341597359370870546e+00
2.344439309172547947e+00
2.345587890814291310e+00
2.348957937831632758e+00
2.350644153433341099e+00
2.355333847443323858e+00
2.360218448664957336e+00
2.362187190316580754e+00
2.359972877499208366e+00
2.356604022574904089e+00
2.354764623017862046e+00
2.357701344216029948e+00
2.360350770992132752e+00
2.365007682443581061e+00
2.367926522246184717e+00
2.365567370124741942e+00
2.357752604216647452e+00
2.350222152498024908e+00
2.342462222869661215e+00
2.336688320241966377e+00
2.334662358124537374e+00
2.334757129521027874e+00
2.338226716307010289e+00
2.341327350297850440e+00
2.347593587350080835e+00
2.351210993672727678e+00
2.353334111372722415e+00
2.355097813021875819e+00
2.355233711628164084e+00
2.354894561158962230e+00
2.350128573194572024e+00
2.351054233438281127e+00
2.352202815080024489e+00
2.350936216227557107e+00
2.351151389020846860e+00
2.351398152279633447e+00
2.352120560660428961e+00
2.352649253922611816e+00
2.352488321362533608e+00
2.352084201822781662e+00
2.351489943443529906e+00
2.351000589251588391e+00
2.352357787174914616e+00
2.351953071588643862e+00
2.349982541797464020e+00
2.351066750415176099e+00
2.350877803668713906e+00
2.348546069687136306e+00
2.348628324106731835e+00
2.347808164096851780e+00
2.347879093632589953e+00
2.348051351076525517e+00
2.347864192469619748e+00
2.347773593398760905e+00
2.349552196210884514e+00
2.351126355067056917e+00
2.352127713218654659e+00
2.355306429303458682e+00
2.356589121411933885e+00
2.360456271225961800e+00
2.362959070558437347e+00
2.363831682661972522e+00
2.362543030088309237e+00
2.362604422879746480e+00
2.358358783526275371e+00
2.355214042093043414e+00
2.350096982729075190e+00
2.345161121506824653e+00
2.340174000283956612e+00
2.339554111904396105e+00
2.342120688214384128e+00
2.346894424783518840e+00
2.355054897672521630e+00
2.362309975899455239e+00
2.368194743179648398e+00
2.370255275995168276e+00
2.365930958501214931e+00
2.358114404453564017e+00
2.348327320614733704e+00
2.340376656100351394e+00
2.335525433483771618e+00
2.337907235372929104e+00
2.347395103859317711e+00
2.360962910766948752e+00
2.370787545536463981e+00
2.372967883702264302e+00
2.364489121972217944e+00
2.349165362020178005e+00
2.333544770901772036e+00
2.326495924770346058e+00
2.333411852528077812e+00
2.352434677175840871e+00
2.371210738564817788e+00
2.376948282354865327e+00
2.362648530322138285e+00
2.336461226518300460e+00
2.317239918379773833e+00
2.319319524683895573e+00
2.344688456617409766e+00
2.374217793252205055e+00
2.381679699621164659e+00
2.362857146603721148e+00
2.328934947125309574e+00
2.314082659969646905e+00
2.329901138532297633e+00
2.368082090387593652e+00
2.386736558286733256e+00
2.368253751785010408e+00
2.329956570858546794e+00
2.310977257606656288e+00
2.333531061831839448e+00
2.371853276712093006e+00
2.380568668910106211e+00
2.352358383221433424e+00
2.322730698911034786e+00
2.326734939424388138e+00
2.358113808407045209e+00
2.374915167679210626e+00
2.355112118138327215e+00
2.330667654355484952e+00
2.337994854211193907e+00
2.364338918249478283e+00
2.366339846413117343e+00
2.340823690989457528e+00
2.329533377830192986e+00
2.357954067940004617e+00
2.381844804506874524e+00
2.358953041905527126e+00
2.328070083626518461e+00
2.340497653543669454e+00
2.386112497581541092e+00
2.407312680162510876e+00
2.332255522281589943e+00
2.323004284263167740e+00
2.378309056557304402e+00
2.406686831317762287e+00
2.356082481870946932e+00
2.316569366046114631e+00
2.359602136564509678e+00
2.410841871600374109e+00
2.378813907958734930e+00
2.327836433391145654e+00
2.350462955291623413e+00
2.393604802322960357e+00
2.375554129547372995e+00
2.346445005708337472e+00
2.363025231722025055e+00
2.376439258627803142e+00
2.353726309982098197e+00
2.362479253110796762e+00
2.389379428551128726e+00
2.362310571945974047e+00
2.323217668916901069e+00
2.376238390950964785e+00
2.419570972868319902e+00
2.350426000407457305e+00
2.302388227270630416e+00
2.394782590244125320e+00
2.431174806496477991e+00
2.331326881805286799e+00
2.299300706303204045e+00
2.411794353937429580e+00
2.422184040806775407e+00
2.312138356225294622e+00
2.321855702621424378e+00
2.424240997343182435e+00
2.388994382499978641e+00
2.305213487769781189e+00
2.361231727746931242e+00
2.417007376790925921e+00
2.346418183614991104e+00
2.311478532728973967e+00
2.386738346426289681e+00
2.396469997938871277e+00
2.327438870363100598e+00
2.328580299446618707e+00
2.387741492717443847e+00
2.387475059923536591e+00
2.337002436757378288e+00
2.328431883863435470e+00
2.360614819599964775e+00
2.405436921767821534e+00
2.369516178311846133e+00
2.292325769940110280e+00
2.333193103455675210e+00
2.455354625624969866e+00
2.383110211266304290e+00
2.229121593132208812e+00
2.340883295641338346e+00
2.510855497223793975e+00
2.348996680855355290e+00
2.196978592512439654e+00
2.394305753029078776e+00
2.516025604727936571e+00
2.289201890135036610e+00
2.218188907884229177e+00
2.461241181044719450e+00
2.444812946893327954e+00
2.233593134116307777e+00
2.319895901667583082e+00
2.491061388380693131e+00
2.334374467655953023e+00
2.222207453514033926e+00
2.423187187097929574e+00
2.470044192080997458e+00
2.260904581654617829e+00
2.254684836230854472e+00
2.455523306789792581e+00
2.435653500038802655e+00
2.265576394269036342e+00
2.286271725448575598e+00
2.408759881110177137e+00
2.431912116040243710e+00
2.324191012882114826e+00
2.274424108794225408e+00
2.345546167557974737e+00
2.466529305759585622e+00
2.366045399432826102e+00
2.223816779114816011e+00
2.323978224274900306e+00
2.520660462458188977e+00
2.370349451345139968e+00
2.158904929030529107e+00
2.336491624890759677e+00
2.566672273477586863e+00
2.369157358307523609e+00
2.126434698871934259e+00
2.318360485835133211e+00
2.565271564158387640e+00
2.389502214134003211e+00
2.172765990825413773e+00
2.318741955607170446e+00
2.488607464862759855e+00
2.366914435257248428e+00
2.229101327550569334e+00
2.374755427212170034e+00
2.473456558401174288e+00
2.323490658222515215e+00
2.202259564669080127e+00
2.361485047517424718e+00
2.504029572490402700e+00
2.396083759794683576e+00
2.237561015792014274e+00
2.271806272483619882e+00
2.417225529816809715e+00
2.423503687799416717e+00
2.315776028129580943e+00
2.350328844824891572e+00
2.395914482583342053e+00
2.375654861409051577e+00
2.244299321687140747e+00
2.242218523289981391e+00
2.451914245118408608e+00
2.579323956885809732e+00
2.459339792649721357e+00
2.125459566767164077e+00
2.025035265092285375e+00
2.311451114589108791e+00
2.663692553483552050e+00
2.753332585493634355e+00
2.394321846285086597e+00
1.949963206048394015e+00
1.908533800665593194e+00
2.326665201981687581e+00
2.755806178546688301e+00
2.811671234568504651e+00
2.417733361450834284e+00
1.977300879633531627e+00
1.868241652040678602e+00
2.251181274793299991e+00
2.700653398114847725e+00
2.798739409296442382e+00
2.502419650843101806e+00
2.115765466185267840e+00
1.917390455888564160e+00
2.055364496155321241e+00
2.492193876766428673e+00
2.789925073376306575e+00
2.698669755300254103e+00
2.384294555699176144e+00
2.127165451903993088e+00
2.007720709767426115e+00
2.083696375333830897e+00
2.370180174133798445e+00
2.619977905747640889e+00
2.628078773984762861e+00
2.474764284463439434e+00
2.326979318497099491e+00
2.214974429008296664e+00
2.163304348385852283e+00
2.236366538568322682e+00
2.413314868606909247e+00
2.537079755911797907e+00
2.519649567562290304e+00
2.412520934643856751e+00
2.314126767412038710e+00
2.252659470159944277e+00
2.214746143191593131e+00
2.221102383268163560e+00
2.296920096507084175e+00
2.417018701674783276e+00
2.517617644979673219e+00
2.532398406553078463e+00
2.442984276173624458e+00
2.320024647715645649e+00
2.245725661006648721e+00
2.231962350840848597e+00
2.250107198966407651e+00
2.297884499774515810e+00
2.379109547032063787e+00
2.474083599338960493e+00
2.553528255644828882e+00
2.572365709825242597e+00
2.496925294032728004e+00
2.336384336517374205e+00
2.175261041553144814e+00
2.103392732547847199e+00
2.116543902938831323e+00
2.165602107715857816e+00
2.234642175989410617e+00
2.329543510621012725e+00
2.454253131658212350e+00
2.581072757371992932e+00
2.662236411838103667e+00
2.677288374577567076e+00
2.635599092912565666e+00
2.566663928826323549e+00
2.493645846086245399e+00
2.436260275394949382e+00
2.400743651478725926e+00
2.384900138962285254e+00
2.386473105725420041e+00
2.404554772919985428e+00
2.429116657867033346e+00
2.456816727735606332e+00
2.486358581347296592e+00
2.510001958608860662e+00
2.528106871617659568e+00
2.537323538937990453e+00
2.534656826812842656e+00
2.521252336651365500e+00
2.494460641677456181e+00
2.461202438020996919e+00
2.419471433099678936e+00
2.372213288809453147e+00
2.322173395415949138e+00
2.273836406926680542e+00
2.232793239688067199e+00
2.195815705754244895e+00
2.165963311906255573e+00
2.143770711871470613e+00
2.128435030989054511e+00
2.123123064413436012e+00
2.123534336511413656e+00
2.129217640068249651e+00
2.142130987898229311e+00
2.162273783954832940e+00
2.184615991665839196e+00
2.210585142443793227e+00
2.236398129033819515e+00
2.262277276787433067e+00
2.283594880532608062e+00
2.302949107044828914e+00
2.314381279275569803e+00
2.321101703775132030e+00
2.322427907279480230e+00
2.314486183462880042e+00
2.301932251683742159e+00
2.281953368419810335e+00
2.257901103246343411e+00
2.228930262199671386e+00
2.199615502311647042e+00
2.171693703138077414e+00
2.146887439118318586e+00
2.124742522805037837e+00
2.107511413992811722e+00
2.099259149939912472e+00
2.094075333365837732e+00
2.100704562748022308e+00
2.115417971064802671e+00
2.140301125085487755e+00
2.180171868821605408e+00
2.229308155692595772e+00
2.290457164103646637e+00
2.355814260937483251e+00
2.420088937293164211e+00
2.478531894508825939e+00
2.529672685822568656e+00
2.575894305216587021e+00
2.616905285943184722e+00
2.654124814763643148e+00
2.681976280447993410e+00
2.696641408996749867e+00
2.697849595290374047e+00
2.675190886877881091e+00
2.626843169551273505e+00
2.552454179817936541e+00
2.457719738211600724e+00
2.345090788017605288e+00
2.225945261233480021e+00
2.130911604274702498e+00
2.011196257018596611e+00
1.942974560615367885e+00
1.909220446255260217e+00
1.910048354869884779e+00
1.943465106900347017e+00
1.999143004315257599e+00
2.069757827491501168e+00
2.150308746136277538e+00
2.235006956458921223e+00
2.318951763981790926e+00
2.401622820093967992e+00
2.478298840319971941e+00
2.545463746245353764e+00
2.599045944100134786e+00
2.637719826426485170e+00
2.657870967134352558e+00
2.657770235272673975e+00
2.642849998813867618e+00
2.607533646527963267e+00
2.559884495721399311e+00
2.501210868502958817e+00
2.434403590488861902e+00
2.357492727934447085e+00
2.282017145397322810e+00
2.209505106151712805e+00
2.147551434940270898e+00
2.101589691828452455e+00
2.080367455526287213e+00
2.082520375552222358e+00
2.111618770553919333e+00
2.158162851114612923e+00
2.225135830060938513e+00
2.304523265901001317e+00
2.393185781620238206e+00
2.479343113820923872e+00
2.555131024733904077e+00
2.610259367258473517e+00
2.638985233185914936e+00
2.632678464970405585e+00
2.590064715154733133e+00
2.516538800780630414e+00
2.427423289707099308e+00
2.328250089675198975e+00
2.234621910407771139e+00
2.156492728768912404e+00
2.094904434073499910e+00
2.054935938708298160e+00
2.039970402714061937e+00
2.059043295269405327e+00
2.111505521715345779e+00
2.202229762343139718e+00
2.331598679017863329e+00
2.493750750273555639e+00
2.669486125646367558e+00
2.827210167313833900e+00
2.927785864804490323e+00
2.943176978013155143e+00
2.864595993113040251e+00
2.703275406751085352e+00
2.487848101597798234e+00
2.252134353176874271e+00
2.030000928640476321e+00
1.858376486107884196e+00
1.778514597238850303e+00
1.801943993800162458e+00
1.915980805871582815e+00
2.094388257788212027e+00
2.307179249188810566e+00
2.520069780358050071e+00
2.684167347451132279e+00
2.755996317386188110e+00
2.728670564731426662e+00
2.633605913353671113e+00
2.513150872367724276e+00
2.380550191468023158e+00
2.244394093083631248e+00
2.119326844135146715e+00
2.052356249374896358e+00
2.069095023762586472e+00
2.158680815539457232e+00
2.295814430214694557e+00
2.443316274084600614e+00
2.560266561539955354e+00
2.620650246220856516e+00
2.628442362361235851e+00
2.572275706800902562e+00
2.430515579046676145e+00
2.215671207388783426e+00
2.018810751296371553e+00
1.961071725019422285e+00
2.100805890656219699e+00
2.347162645716982521e+00
2.569883772120925336e+00
2.689521037283067351e+00
2.671737393347906053e+00
2.500371635004476900e+00
2.244521647038656198e+00
2.070474871453627408e+00
