2.533335391680644921e+00
2.370575352975768268e+00
2.371488496242582400e+00
2.368628068998821945e+00
2.369446440869145576e+00
2.369042321329393630e+00
2.370867415769984277e+00
2.367673202475691241e+00
2.368649526673499039e+00
2.368110700620496445e+00
2.368727012720944103e+00
2.370130106226218558e+00
2.368721648302274829e+00
2.368431969694134054e+00
2.367992087363253617e+00
2.368787213419343729e+00
2.369401141333716154e+00
2.368192955040091974e+00
2.368336602251124745e+00
2.371653005081773458e+00
2.367639227824119175e+00
2.368721052255756021e+00
2.368019505503118793e+00
2.368085070620187693e+00
2.370013281108532155e+00
2.366227193621062597e+00
2.367409749914378025e+00
2.370130702272737366e+00
2.368377729460922509e+00
2.368849202257299780e+00
2.368392034577373906e+00
2.368572040626053976e+00
2.370433493904291922e+00
2.367590948056095712e+00
2.367599292707359027e+00
2.368867679699382833e+00
2.369175835749606662e+00
2.371262594611954100e+00
2.368357463879283031e+00
2.368568464346941127e+00
2.371213718797411829e+00
2.368569060393459935e+00
2.369398757147640922e+00
2.366601510834874134e+00
2.368526145044105746e+00
2.370743438094072175e+00
2.368609591556738891e+00
2.369447036915664384e+00
2.371012851120573472e+00
2.369467898543822670e+00
2.369108482492981338e+00
2.368856354815525478e+00
2.368203087830911713e+00
2.371835395316528761e+00
2.369618102266562332e+00
2.369937583200643516e+00
2.368884965048428271e+00
2.371095105540169001e+00
2.371469422753980538e+00
2.367879434571198871e+00
2.369735523430767543e+00
2.372440978579637871e+00
2.369026824119904617e+00
2.368989869235738510e+00
2.369647904592502741e+00
2.368302627599552679e+00
2.372097655784804360e+00
2.368846818071224547e+00
2.369743868082030858e+00
2.368765755744666635e+00
2.370769068094380927e+00
2.372417732765404352e+00
2.369857712967123220e+00
2.370932384840534368e+00
2.369811817385174990e+00
2.371835991363047569e+00
2.373488232313183843e+00
2.370615884139047225e+00
2.372028514388622611e+00
2.372676416954567102e+00
2.370422169020434566e+00
2.370623036697272923e+00
2.370137854830963065e+00
2.371920033922199522e+00
2.373395249056249767e+00
2.371618434383682583e+00
2.373422071149596135e+00
2.373780295107399851e+00
2.373209878588900423e+00
2.372402235555915340e+00
2.372629329279581256e+00
2.373889967666860557e+00
2.375417634894565921e+00
2.373149081843981989e+00
2.372836157421607695e+00
2.376513764442654164e+00
2.374654099303972643e+00
2.377847716551746871e+00
2.373240873007878449e+00
2.374208852554422933e+00
2.375452205592656796e+00
2.372941657655436742e+00
2.375046297913348425e+00
2.377414390732573324e+00
2.374239846973400958e+00
2.375352069777497022e+00
2.373714133943812143e+00
2.375439092569243016e+00
2.377701089108120058e+00
2.374410316277780097e+00
2.374538466279323856e+00
2.373708769525142870e+00
2.374928876749143214e+00
2.375236436752848235e+00
2.372160240669279219e+00
2.373580619523599111e+00
2.373763605804873222e+00
2.373278423938563364e+00
2.375040933494679152e+00
2.372023746016472145e+00
2.373211666728456848e+00
2.373541280453357771e+00
2.371857449037724663e+00
2.371017023446205130e+00
2.369655057150728439e+00
2.370663567860551879e+00
2.369772478314933650e+00
2.370488330184022274e+00
2.371387168334385009e+00
2.371822878339633789e+00
2.369483991799830491e+00
2.371207758332223747e+00
2.366947217815782878e+00
2.369693204127932162e+00
2.369187756679982826e+00
2.367115898980605593e+00
2.368271633180574653e+00
2.367267294796382870e+00
2.366063280828390347e+00
2.369475647148567177e+00
2.367267890842901679e+00
2.366419716646637639e+00
2.367767973872181742e+00
2.365937515012921821e+00
2.364823504069269333e+00
2.362258119852318927e+00
2.363085432420424681e+00
2.364751382440493543e+00
2.363527102890861542e+00
2.364074869641646259e+00
2.364979668257197076e+00
2.363790555452174758e+00
2.365854664546807484e+00
2.361656708914841474e+00
2.363698764288278298e+00
2.365445180588386265e+00
2.363519354286117036e+00
2.363913937081568051e+00
2.364300175225755751e+00
2.363753600568008650e+00
2.365194841050486829e+00
2.362693829857567707e+00
2.363757176847121499e+00
2.364843769650908811e+00
2.363843603592348686e+00
2.363837643127160604e+00
2.362458391482638476e+00
2.363662405450630999e+00
2.365840359430356088e+00
2.364248319178619440e+00
2.364141626851752775e+00
2.363949699872696542e+00
2.365148945468538599e+00
2.369278355750841669e+00
2.364256067783363946e+00
2.365590615938975461e+00
2.367469354566258843e+00
2.365986986873982900e+00
2.368476077136525859e+00
2.366119309201158316e+00
2.366658731300679719e+00
2.367982550618952686e+00
2.367165966888185480e+00
2.367788835500340028e+00
2.370426937392585032e+00
2.367940827362636114e+00
2.367890163408537418e+00
2.366791649674373943e+00
2.367797776198122151e+00
2.369238420634081521e+00
2.368176861784084153e+00
2.368968411561061416e+00
2.368123217597391417e+00
2.369367166682144088e+00
2.371678635082082209e+00
2.369504853427988778e+00
2.369574590870689335e+00
2.370053812271811111e+00
2.368870063885458066e+00
2.369295045053368298e+00
2.367740555732316565e+00
2.369330211797977981e+00
2.371682211361195058e+00
2.369711681570015216e+00
2.368555947370046155e+00
2.370822116234554855e+00
2.367734595267128483e+00
2.371656581360886307e+00
2.366777940604441355e+00
2.369075699934446888e+00
2.369982882736072938e+00
2.369064971097108341e+00
2.368811055280096056e+00
2.368430777601096437e+00
2.369165702958786923e+00
2.371682211361195058e+00
2.370016857387645004e+00
2.368130370155617115e+00
2.370744630187109792e+00
2.369910761107297148e+00
2.369879170641800314e+00
2.369569226452020061e+00
2.370055600411367536e+00
2.372299715554680333e+00
2.369867249711424151e+00
2.370454355532450208e+00
2.372157260436685178e+00
2.370708271349462493e+00
2.369857712967123220e+00
2.367819233872799245e+00
2.370268389018582056e+00
2.370714827861169383e+00
2.369894667851289327e+00
2.370687409721304206e+00
2.370129510179699750e+00
2.371499821126439755e+00
2.373854204875732066e+00
2.369797512268723594e+00
2.373201533937637109e+00
2.373853608829213258e+00
2.372204944158189832e+00
2.371692344152014797e+00
2.371662541826074388e+00
2.373002454400355177e+00
2.375406906057227374e+00
2.373394653009730959e+00
2.373693868362172665e+00
2.375180408380080266e+00
2.373289152775901911e+00
2.374401971626516783e+00
2.370365544601147789e+00
2.373342200916075839e+00
2.373499557197041199e+00
2.616360499424994046e+00
2.372217461135084804e+00
2.372660323698559282e+00
2.368763371558591402e+00
2.372199579739520559e+00
2.372284814391710128e+00
2.371189280890140694e+00
2.371993943690531736e+00
2.371418758799881843e+00
2.371419354846400651e+00
2.371290012751819276e+00
2.369530483428297529e+00
2.369281932029954518e+00
2.371619626476720200e+00
2.370569988557098995e+00
2.370707079256424876e+00
2.369675918778886725e+00
2.370856090886126921e+00
2.374021693947517164e+00
2.371181532285396187e+00
2.370437070183404771e+00
2.374234482554731684e+00
2.370459719951119482e+00
2.366102023852112879e+00
2.369959040875320611e+00
2.368996425747445400e+00
2.373320743241398745e+00
2.369951292270576104e+00
2.371791883920655764e+00
2.374124213948752171e+00
2.371576115080847202e+00
2.372129842296820001e+00
2.372001096248757435e+00
2.371693536245052414e+00
2.374068185575984202e+00
2.372852846724134324e+00
2.373750492781459442e+00
2.372177526018324656e+00
2.373037025098446051e+00
2.375182196519636690e+00
2.373351737660376770e+00
2.373025700214588696e+00
2.376187726996866090e+00
2.372227593925904543e+00
2.369749232500700131e+00
2.372267529042664691e+00
2.374002024412396494e+00
2.376442238860397183e+00
2.374091431390217721e+00
2.375780031178001295e+00
2.377439424686363267e+00
2.376028582576344306e+00
2.375102922332635202e+00
2.374609991861580838e+00
2.375541016523959215e+00
2.377510950268620249e+00
2.376839801888442238e+00
2.376574561187572598e+00
2.374455615813209519e+00
2.375340148847120858e+00
2.376805827236870172e+00
2.373881026969078434e+00
2.376500055372721576e+00
2.377252266079457499e+00
2.373063847191792419e+00
2.372370645090418506e+00
2.371189280890140694e+00
2.371890231596259113e+00
2.373506113708748089e+00
2.371198817634441625e+00
2.370584293673550391e+00
2.371888443456702689e+00
2.372090503226578662e+00
2.374776288840328320e+00
2.371405049729949255e+00
2.371406241822986871e+00
2.374787613724185675e+00
2.371787711595024106e+00
2.373590752314418850e+00
2.372908279050383484e+00
2.373870894178258695e+00
2.375695988618849341e+00
2.373409554172701164e+00
2.373816653945047150e+00
2.379207298661148329e+00
2.361805124498024711e+00
2.335814516045393585e+00
2.372836753468126503e+00
2.374187990926264646e+00
2.375033780936453454e+00
2.374926492563067981e+00
2.373290344868939528e+00
2.374597474884685866e+00
2.375020667913039674e+00
2.377758309573925644e+00
2.375293657218653820e+00
2.377325579801270905e+00
2.375635787920449715e+00
2.375884935365311534e+00
2.376807615376426597e+00
2.379553005642057073e+00
2.377062127239957690e+00
2.377798840737204600e+00
2.376867816074826223e+00
2.377689168177743895e+00
2.378430054000622462e+00
2.375862285597596824e+00
2.376382634208516365e+00
2.379895732390371776e+00
2.374441906743276931e+00
2.375482603965116013e+00
2.377423927476874255e+00
2.374320313253440062e+00
2.373758837432722757e+00
2.372630521372618873e+00
2.372741982071636002e+00
2.374353691858493320e+00
2.370968743678181667e+00
2.371352001589775327e+00
2.373920366039319774e+00
2.369990631340817444e+00
2.371196433448366392e+00
2.370909139026300849e+00
2.370960995073437161e+00
2.373274251612931707e+00
2.370537802045083353e+00
2.371724530664030439e+00
2.370861455304796195e+00
2.371112390889214439e+00
2.372886821375706390e+00
2.369639559941239426e+00
2.368607207370663659e+00
2.373687311850465775e+00
2.371565982290027463e+00
2.370893641816811837e+00
2.372015997411727639e+00
2.372587009976745875e+00
2.374081894645916790e+00
2.370948478096542189e+00
2.372651383000777159e+00
2.373291536961977144e+00
2.370677276930484467e+00
2.373169347425621467e+00
2.374371573254057566e+00
2.375248953729743207e+00
2.378885433540991912e+00
2.376502439558796809e+00
2.377707049573308140e+00
2.379149482148823935e+00
2.379303858197195254e+00
2.379715726341691706e+00
2.379961893553959484e+00
2.380179450533324470e+00
2.383361146850722534e+00
2.379215643312411643e+00
2.381969974275824242e+00
2.383516714992131469e+00
2.383038685684047309e+00
2.382824704983795172e+00
2.381952092880259997e+00
2.382667944749348621e+00
2.384739206402207046e+00
2.383055374986573938e+00
2.383061335451762019e+00
2.385330484548864760e+00
2.383027360800189953e+00
2.382911131729022358e+00
2.381652877527818291e+00
2.383731887785421222e+00
2.384937689892970170e+00
2.384095476161894211e+00
2.384148524302068139e+00
2.387448237830190223e+00
2.384167597790670001e+00
2.384690330587664775e+00
2.384517477097210403e+00
2.385087893615709831e+00
2.385836528043332905e+00
2.383632944063299064e+00
2.386021898510682249e+00
2.386837290148411839e+00
2.384543107097519155e+00
2.382630393818663705e+00
2.383469031270626814e+00
2.382573173352858120e+00
2.381892488228379179e+00
2.381329820314624257e+00
2.381360218687083474e+00
2.382778213355328134e+00
2.379855201227092820e+00
2.381225512173832826e+00
2.381532476131019038e+00
2.379150674241861552e+00
2.377531215850259727e+00
2.377487108407867922e+00
2.378722712841357279e+00
2.379372403546858195e+00
2.379323527732315924e+00
2.379151866334899168e+00
2.377496049105650044e+00
2.379571483084140127e+00
2.381874606832814933e+00
2.379111335171620212e+00
2.380033419136216466e+00
2.380958483333406761e+00
2.381563470549997064e+00
2.381012723566618305e+00
2.379777119133128949e+00
2.379681155643600832e+00
2.380294487511454449e+00
2.378704831445793033e+00
2.379496381222770296e+00
2.376336738626568135e+00
2.377071067937739812e+00
2.378754303306854112e+00
2.374062821157314929e+00
2.374558731860963334e+00
2.376485154209751371e+00
2.373085304866469514e+00
2.373824998596310465e+00
2.371711417640616659e+00
2.373367830916384591e+00
2.373763605804873222e+00
2.369734927384248735e+00
2.370887681351623755e+00
2.371312662519533987e+00
2.370522304835594340e+00
2.370722576465913889e+00
2.370210572506257662e+00
2.370682641349153741e+00
2.372052356249374938e+00
2.369172855517012621e+00
2.371121331586996561e+00
2.371948644155102315e+00
2.368355675739726607e+00
2.370093151342052451e+00
2.367185636423306150e+00
2.365988178967020517e+00
2.369423195054912057e+00
2.369194909238208524e+00
2.366600914788355325e+00
2.369334384123609638e+00
2.367167755027741904e+00
2.367146893399583618e+00
2.364453955227608262e+00
2.366308851994139317e+00
2.367828770617100176e+00
2.364982052443272309e+00
2.366026921990743048e+00
2.365510149658936356e+00
2.366856022698405226e+00
2.367403789449189944e+00
2.366318984784959056e+00
2.366850658279735953e+00
2.369303389704631613e+00
2.367738171546241333e+00
2.368100567829676706e+00
2.368156596202444675e+00
2.369159742493598841e+00
