2.395676063975818781e+00
2.368486805973864406e+00
2.373490020452740268e+00
2.383455322200694226e+00
2.382844374518915842e+00
2.387309955037826725e+00
2.388512180866262824e+00
2.380735561935372502e+00
2.373178884169922398e+00
2.364246531039063015e+00
2.361434383563326023e+00
2.361514253796846319e+00
2.367382331774512849e+00
2.380365417047192622e+00
2.390386151121395741e+00
2.392241047887927241e+00
2.391551422065666177e+00
2.383880303368604459e+00
2.374813243724494427e+00
2.369974538084809623e+00
2.364824100115788141e+00
2.370853706700051688e+00
2.378015801670050777e+00
2.386737154333252064e+00
2.391718315090932467e+00
2.382859871728404855e+00
2.369603201103592127e+00
2.357739491193233672e+00
2.350350898546087475e+00
2.354892176972886997e+00
2.373127624169304895e+00
2.392500924170127607e+00
2.409368444605880288e+00
2.403416324069061805e+00
2.387864874346837141e+00
2.366895957815165374e+00
2.344017308237231756e+00
2.340413610984517501e+00
2.350324076452741107e+00
2.375415846755009497e+00
2.395900773513409465e+00
2.401963758702726270e+00
2.391385721133437503e+00
2.369166299005305731e+00
2.351358813209392107e+00
2.352796477412757437e+00
2.363677306613601203e+00
2.386000440836005154e+00
2.399623680069885356e+00
2.390452312284983449e+00
2.369103118074312064e+00
2.344564478941497665e+00
2.336401025819900834e+00
2.352707070434936210e+00
2.379863545878356135e+00
2.404823589899967917e+00
2.412361194176816159e+00
2.393675731858698530e+00
2.364266796620702493e+00
2.340359370751305956e+00
2.337146083968411059e+00
2.355887574659296657e+00
2.375316306986368531e+00
2.395038890247212837e+00
2.398544835870842551e+00
2.393226312783517162e+00
2.383597777318689381e+00
2.371799632525400270e+00
2.369241996913194370e+00
2.366385741995065572e+00
2.358416600038599764e+00
2.354547066038497061e+00
2.357316894211398672e+00
2.368025465968306875e+00
2.384739802448725854e+00
2.388804839706997640e+00
2.387693212949420385e+00
2.381169483801064857e+00
2.370531245533376463e+00
2.369200273656877798e+00
2.370598002743482979e+00
2.367690487824736678e+00
2.363260074050435477e+00
2.357775253984362163e+00
2.364862843139510673e+00
2.382503435910157563e+00
2.407135058299906039e+00
2.423292687331758621e+00
2.400483775196525560e+00
2.362671180089852996e+00
2.325744310110128943e+00
2.315268196495556374e+00
2.345347684067211613e+00
2.392232703236663927e+00
2.428540280883345837e+00
2.428842476468381584e+00
2.393523143949883636e+00
2.358277125153198650e+00
2.343178074738749839e+00
2.349631470397886002e+00
2.367412134100453258e+00
2.373205706263268766e+00
2.363182588002990414e+00
2.354780716273869867e+00
2.363024635675506246e+00
2.395376848623377075e+00
2.419180562398500545e+00
2.412568022318842598e+00
2.375583931873313404e+00
2.324772158237952802e+00
2.311340249936610469e+00
2.338524739566414379e+00
2.381095574032732642e+00
2.412415434410027704e+00
2.412888695345961398e+00
2.394023226979163699e+00
2.376334354440492902e+00
2.366386338041584381e+00
2.350827735761134019e+00
2.333048264151604823e+00
2.323046603566003121e+00
2.340455334240834073e+00
2.379352137965218716e+00
2.418456961924667414e+00
2.426695516907634520e+00
2.394812988616584537e+00
2.356818003275156226e+00
2.336479107913864706e+00
2.350474280175480768e+00
2.369561477847275555e+00
2.359917445172959205e+00
2.333784381602332925e+00
2.329285422478368783e+00
2.385570691295944457e+00
2.470149692314826506e+00
2.498401105213297058e+00
2.431435874871715974e+00
2.304025567057796486e+00
2.203529143754141995e+00
2.217413451363259735e+00
2.343378942415588195e+00
2.488894163238306589e+00
2.544873064145214858e+00
2.478944358699841199e+00
2.362887544976180365e+00
2.287478719649162162e+00
2.274349006932855577e+00
2.307790196870588950e+00
2.351381462977106818e+00
2.373681351385277694e+00
2.377714798178052646e+00
2.412610937668196787e+00
2.467672522982659711e+00
2.470415529062214954e+00
2.401575136372463337e+00
2.296284710918034211e+00
2.222613361193342296e+00
2.230588463614995742e+00
2.310717977370974729e+00
2.435066990264295406e+00
2.535005514026345441e+00
2.538662259419233624e+00
2.466219957616324177e+00
2.350837272505434949e+00
2.215984727857676528e+00
2.143641369776889238e+00
2.214674617609336149e+00
2.391495989739417016e+00
2.554151720303502238e+00
2.610231353072089533e+00
2.529361549539750786e+00
2.327791133855716232e+00
2.138394968318339195e+00
2.125148430484346207e+00
2.303171432396344365e+00
2.507605851603251779e+00
2.572493263780267547e+00
2.478489575205990558e+00
2.307947553151554310e+00
2.201656365592046249e+00
2.283473883089290002e+00
2.472220953967684931e+00
2.551482027945760400e+00
2.466755207390213922e+00
2.297137653486449160e+00
2.148907440770559507e+00
2.145506995380758841e+00
2.338552157706279555e+00
2.593334030310395999e+00
2.695260369212671314e+00
2.574646779852721501e+00
2.323175945660584496e+00
2.084507594645928830e+00
2.027402165818472657e+00
2.188180349848312112e+00
2.448150807398653761e+00
2.632506803572988829e+00
2.651322204032207086e+00
2.527048889046775049e+00
2.336991111873520932e+00
2.165700455391461166e+00
2.122737422315767120e+00
2.224723365869923253e+00
2.377304122126593811e+00
2.474927601209592876e+00
2.492618857934338905e+00
2.463235552696651620e+00
2.411384273932489553e+00
2.354450506502450136e+00
2.325076141962544973e+00
2.329861799462056293e+00
2.347125690832816414e+00
2.348647993641852505e+00
2.324711957539553175e+00
2.312491811810947873e+00
2.328622618749454087e+00
2.367370410844136686e+00
2.425620248987704564e+00
2.478275594505738422e+00
2.496800124263778287e+00
2.457711393560337410e+00
2.368472500857413010e+00
2.275508317411937487e+00
2.213579084107766715e+00
2.194924616208626666e+00
2.229140666620810673e+00
2.312240280180010821e+00
2.433619193270110337e+00
2.553276127967373021e+00
2.609248472362574400e+00
2.579623172238251438e+00
2.476769980999228959e+00
2.345974725004997818e+00
2.229990032910112330e+00
2.142643587904404345e+00
2.111413134504930511e+00
2.138926045766597284e+00
2.228018311025894871e+00
2.371788307641542914e+00
2.528519931855193636e+00
2.646717744674413897e+00
2.686523519339981014e+00
2.635449485236344813e+00
2.528621855809909835e+00
2.394071506747187161e+00
2.256709010208727051e+00
2.142363446040564501e+00
2.060233600167465262e+00
2.030775789114926955e+00
2.071231254485994988e+00
2.176363727612939947e+00
2.338414470960434866e+00
2.518270911964286984e+00
2.668323834934691607e+00
2.754890651093798937e+00
2.748259037525539128e+00
2.676869353874844926e+00
2.559733695952140842e+00
2.413317848839503288e+00
2.261706860268933639e+00
2.120375289961730303e+00
2.010377289101754172e+00
1.950449580007741490e+00
1.952242487936316495e+00
2.028739098160159404e+00
2.172432800821400001e+00
2.359185500047862316e+00
2.550408548165386868e+00
2.708873475655731777e+00
2.809195257329375472e+00
2.835254411131669539e+00
2.787598107766879441e+00
2.678260526449743217e+00
2.526489201365614168e+00
2.350893300878202918e+00
2.176751753896684072e+00
2.022584321806946139e+00
1.918872823580840103e+00
1.878022179367802025e+00
1.905045140391008918e+00
2.003123402967858624e+00
2.153949398273157900e+00
2.333534042064433489e+00
2.513341607253742893e+00
2.666121443047695383e+00
2.781900499093592050e+00
2.848381739661900891e+00
2.850287896429049450e+00
2.788731192199133790e+00
2.661668379505679471e+00
2.487958370203777747e+00
2.297864830239395140e+00
2.119276776227566828e+00
1.985343335311810398e+00
1.910972823020556266e+00
1.898200142169015558e+00
1.945737832276562829e+00
2.033269647749620379e+00
2.149626272872242172e+00
2.276978764173837266e+00
2.398935246340661909e+00
2.517374457999999482e+00
2.625869825586059747e+00
2.718269552978223924e+00
2.782888744221776012e+00
2.796109056008941440e+00
2.749641269402655297e+00
2.646650391417788573e+00
2.499809563137240787e+00
2.350462955291623413e+00
2.225345042389040184e+00
2.139665739496438235e+00
2.095093976866480912e+00
2.085058341629307588e+00
2.100412499953806300e+00
2.131610170794745684e+00
2.157017845751982410e+00
2.183268926533332710e+00
2.218358185095570700e+00
2.276960286731754213e+00
2.356117052569037806e+00
2.441872053369528395e+00
2.520245614081098484e+00
2.572897383320019493e+00
2.585029314163841629e+00
2.568722077455768193e+00
2.532638017253639351e+00
2.488555608815623543e+00
2.450078421840479415e+00
2.414585639785008286e+00
2.397423672368964365e+00
2.393525528135958869e+00
2.401505994976281588e+00
2.419438650541144487e+00
2.436840228657749741e+00
2.457494432627491232e+00
2.476703223789122443e+00
2.489380537197654064e+00
2.497756778926465415e+00
2.501953542465393809e+00
2.504398525285544963e+00
2.501939237348942413e+00
2.495155631918386518e+00
2.488712965096588903e+00
2.482407985020635532e+00
2.471463378842279734e+00
2.462268169196625944e+00
2.453728014675142344e+00
2.448146039026503296e+00
2.441473298248445722e+00
2.433725289550458193e+00
2.431277922544231807e+00
2.432238153486031784e+00
2.428965262051256069e+00
2.431286863242013929e+00
2.436141662137706554e+00
2.441116862430198431e+00
2.449837619046880910e+00
2.453799540257399325e+00
2.461176808020688167e+00
2.468204196477436607e+00
2.470096048128133770e+00
2.473504838169197750e+00
2.474267777713272221e+00
2.478632626370504521e+00
2.482394871997221752e+00
2.481302318728246359e+00
2.482174334785262726e+00
2.481146154540318616e+00
2.483938632480934938e+00
2.487088738332836613e+00
2.485922871342047813e+00
2.489339409987856300e+00
2.493648230272320632e+00
2.494511305631554876e+00
2.497422992875932835e+00
2.498566210099006923e+00
2.504440844588380344e+00
2.509347499531209280e+00
2.514056267029793901e+00
2.516287865196212170e+00
2.521641555028147241e+00
2.522679868063911091e+00
2.527069750674933335e+00
2.532742325394430782e+00
2.536651794511293634e+00
2.540828888515101358e+00
2.544316356696648018e+00
2.548408812094785425e+00
2.554399079608807632e+00
2.554676241240053436e+00
2.559643096881281998e+00
2.563366003437757890e+00
2.564081259260327705e+00
2.565492697416865475e+00
2.566980429527810692e+00
2.570431538871710053e+00
2.573511311234391918e+00
2.573443957977766594e+00
2.573648401933717800e+00
2.573409387279675720e+00
2.573154875416144627e+00
2.577815363146705785e+00
2.573603102398288378e+00
2.573554822630264916e+00
2.575517007770181444e+00
2.571333953301185637e+00
2.571748801678276131e+00
2.570436307243860519e+00
2.569832512120307833e+00
2.570431538871710053e+00
2.567248054414755565e+00
2.565198846483093043e+00
2.565712638582305694e+00
2.563078112969173539e+00
2.559961385722325566e+00
2.557519383134768454e+00
2.555947012418152475e+00
2.554771608683062745e+00
2.552938169591208784e+00
2.549507921875467709e+00
2.546600406956720963e+00
2.543661301572477829e+00
2.545887535320226380e+00
2.539779846641998962e+00
2.537488047777181510e+00
2.536070649155455659e+00
2.532242242365150720e+00
2.531854216081406594e+00
2.527712884868727361e+00
2.526977363464518067e+00
2.527939978592393278e+00
2.523427906445015356e+00
2.523268762024493572e+00
2.521778645727473123e+00
2.520147266405495134e+00
2.519021334531466483e+00
2.517055573112437106e+00
2.516805233574537670e+00
2.518585028479698895e+00
2.515796722864714230e+00
2.515154184717438568e+00
2.514037193541192039e+00
2.513903679120979007e+00
2.516361774964544384e+00
2.513331474462923154e+00
2.514285744939535050e+00
2.513981761214942878e+00
2.514813246108680289e+00
2.517720164980908226e+00
2.515925468912776797e+00
2.517763676376781223e+00
2.521626653865177037e+00
2.519848647099572236e+00
2.520795168971439626e+00
2.521550955957288398e+00
2.523683014355065257e+00
2.527044716721143391e+00
2.526151839035968738e+00
2.528395954179281535e+00
2.529820505359233085e+00
2.530866566999741440e+00
2.533060018188955542e+00
2.534026209595943602e+00
2.537548248475581136e+00
2.543339436452321412e+00
2.540242974787112917e+00
2.542333905975092012e+00
2.546621864631398058e+00
2.547067707427467020e+00
2.549486464200790614e+00
2.550910419334223356e+00
2.553748792856787908e+00
2.557790584300826175e+00
2.557167119642152819e+00
2.561245269923838386e+00
2.562352128309265176e+00
2.564456172520658050e+00
2.566756316036738816e+00
2.568776913735498546e+00
2.569424816301443038e+00
2.573896953332060811e+00
2.573522636118249274e+00
2.574717113341940866e+00
2.576488563595838777e+00
2.578745195716046990e+00
2.582561085529456957e+00
2.579803178286931509e+00
2.581506083191166478e+00
2.585822652080375317e+00
2.586320350923580147e+00
2.586185644410329498e+00
2.588059018618943607e+00
2.590329955855602773e+00
2.593782257292539750e+00
2.592501353323620972e+00
2.593312572635718904e+00
2.597019385936186975e+00
2.596934747330516213e+00
2.598273467811759385e+00
2.598941635959343355e+00
2.601792526458802879e+00
2.604441953234905238e+00
2.603307676709613272e+00
2.603246283918176029e+00
2.604686928354135400e+00
2.606417251398235546e+00
2.610509706796372953e+00
2.606104923022380060e+00
2.607451988154886546e+00
2.609033299569284647e+00
2.609739614694072785e+00
