2.426547697370970091e+00
2.425386598752331757e+00
2.387545393412755956e+00
2.337177674433907892e+00
2.314656056720740374e+00
2.312439359717292753e+00
2.318023123505487781e+00
2.321558871455057904e+00
2.331747690647565374e+00
2.355990094660531664e+00
2.382198856139046583e+00
2.384701059425003322e+00
2.352858466250713487e+00
2.310469425972631718e+00
2.296465313013233089e+00
2.320047893529879168e+00
2.365882678733191469e+00
2.393753813952662401e+00
2.383615658714253627e+00
2.355304641163902257e+00
2.333043495779454357e+00
2.327842989902852544e+00
2.337178866526945509e+00
2.346498053848511400e+00
2.358183545849745766e+00
2.379103586566875705e+00
2.396632122591987102e+00
2.392178463003452382e+00
2.368634625510528835e+00
2.334262410910417085e+00
2.317001499772250561e+00
2.338689248405605436e+00
2.389281080875525376e+00
2.430386236952094769e+00
2.425559452242786129e+00
2.381134317056455174e+00
2.339777033302430365e+00
2.333201448106938525e+00
2.353123706951583127e+00
2.377281472358879100e+00
2.391259955317968977e+00
2.384453700119697928e+00
2.376873180493495497e+00
2.379387900756347207e+00
2.382415221025373953e+00
2.373748108595384210e+00
2.356187982104775980e+00
2.343335431019715198e+00
2.342608850313288027e+00
2.367257162005563131e+00
2.391826199510836748e+00
2.396015810491539444e+00
2.370900794375037535e+00
2.335259000689864362e+00
2.313635625080540770e+00
2.327717820133902826e+00
2.363922281732831365e+00
2.394091772328826639e+00
2.391954945558899315e+00
2.363831682661972522e+00
2.332642952518815260e+00
2.322431483558593079e+00
2.340724151220816562e+00
2.375255510241450096e+00
2.395792293046986376e+00
2.390661524613085565e+00
2.364811583138893170e+00
2.335071842082958593e+00
2.318796195840381991e+00
2.326064387090728935e+00
2.348451894337164614e+00
2.371077820191123564e+00
2.375413462568934264e+00
2.366411968041893132e+00
2.344649713593687235e+00
2.323478737292139051e+00
2.313232697633826440e+00
2.320674934467665373e+00
2.335923592558335482e+00
2.361203713560547257e+00
2.375518962802763312e+00
2.373895332085529830e+00
2.352224868801220392e+00
2.325362244291572900e+00
2.304682410321523101e+00
2.304120934500805795e+00
2.320973553773588272e+00
2.349638026909592892e+00
2.375466510709108192e+00
2.377057358867807224e+00
2.354417723943915686e+00
2.320522346558850479e+00
2.295270835789541497e+00
2.289375339672009790e+00
2.306134379641339827e+00
2.339523713531936888e+00
2.369675918778886725e+00
2.380031630996660041e+00
2.364256663829882754e+00
2.331335226456550114e+00
2.299269711884226020e+00
2.290357028288486863e+00
2.301277196559571969e+00
2.334582487891017077e+00
2.365049405699897633e+00
2.381511614502860752e+00
2.372904702771270635e+00
2.343930881492004570e+00
2.308647907811153921e+00
2.284295235192207674e+00
2.284069333561579374e+00
2.307065404303718203e+00
2.340389769123765173e+00
2.369753404826331789e+00
2.372267529042664691e+00
2.354541701619827787e+00
2.325710335458556877e+00
2.291829263189943067e+00
2.290348683637223548e+00
2.303899801242327960e+00
2.336197177910468437e+00
2.369281335983435710e+00
2.389267371805592788e+00
2.386539266889007749e+00
2.367612405730772807e+00
2.338642160730619590e+00
2.316528238836316866e+00
2.310617841555814955e+00
2.322732487050591210e+00
2.346446197801375089e+00
2.369021459701235344e+00
2.382907555449909509e+00
2.376546547001188614e+00
2.358281297478830307e+00
2.332234064606912849e+00
2.314634002999544471e+00
2.309386409447957256e+00
2.318999447703295580e+00
2.340910713781203523e+00
2.363490744053214243e+00
2.380292103325379216e+00
2.381966994043230201e+00
2.371847316246904924e+00
2.357620281889472036e+00
2.346422951987141570e+00
2.346096318494834687e+00
2.355239076046833357e+00
2.374158188600324237e+00
2.391016768338295240e+00
2.403610039187674463e+00
2.402923393598007440e+00
2.393253134876863530e+00
2.379226968196268999e+00
2.362363620086147975e+00
2.354091090451608803e+00
2.351008933902851705e+00
2.357359213514234053e+00
2.364919467558797450e+00
2.371816917874445707e+00
2.374659463722641917e+00
2.370153948086970885e+00
2.364526672902902860e+00
2.355103177440545092e+00
2.349373382255242060e+00
2.346393149661201161e+00
2.351749223679211465e+00
2.360431833318690664e+00
2.370021625759795469e+00
2.377444193058513733e+00
2.379981563089080154e+00
2.380304620302274188e+00
2.377924606552673126e+00
2.374390646742659428e+00
2.371958776945922054e+00
2.370071693667375357e+00
2.369631215289976112e+00
2.370505019486548903e+00
2.371790095781099339e+00
2.371428891590701582e+00
2.372018977644321680e+00
2.371248289495502704e+00
2.368029042247419724e+00
2.364440842204194482e+00
2.359499616563274671e+00
2.357246560722179307e+00
2.357656044680600527e+00
2.357409281421813940e+00
2.357577962586636655e+00
2.359676046332841892e+00
2.361519022168996784e+00
2.363380475447234730e+00
2.362371964737411290e+00
2.363518162193079419e+00
2.365283055935270440e+00
2.364186926387182197e+00
2.362895889627443680e+00
2.361998243570118561e+00
2.358443422131946132e+00
2.355015558602280290e+00
2.350834292272840909e+00
2.347275298509037267e+00
2.343879025444868258e+00
2.343402188229821714e+00
2.344899457085067862e+00
2.347766440840535207e+00
2.350262087614785056e+00
2.351873797401642374e+00
2.353787106727016631e+00
2.355319542326872462e+00
2.356633824900844498e+00
2.356413883735404280e+00
2.352276724848356704e+00
2.347314637579278607e+00
2.343749683350286883e+00
2.339026014688732058e+00
2.334804813242532529e+00
2.331630865529878971e+00
2.330082336674015320e+00
2.330029884580360200e+00
2.329049388056920744e+00
2.332506457866008187e+00
2.333551923459997735e+00
2.336460630471781652e+00
2.338023464444096700e+00
2.336833159546036764e+00
2.338334004680395761e+00
2.337354700249993922e+00
2.338518183054707489e+00
2.337098996293425213e+00
2.336765806289411440e+00
2.335269729527202909e+00
2.337039391641544395e+00
2.337152640480117949e+00
2.339318077482948066e+00
2.341633718208517845e+00
2.344572227546242171e+00
2.347777169677873754e+00
2.350443285756502743e+00
2.350386661337215966e+00
2.351716441120677015e+00
2.352174800893640505e+00
2.352617663457114983e+00
2.349657100398194753e+00
2.348805349922817864e+00
2.347021382692024982e+00
2.344123404517579612e+00
2.343954723352756897e+00
2.342857401711631038e+00
2.341857235653070912e+00
2.339855711442913044e+00
2.341282646808939827e+00
2.341312449134880236e+00
2.341559212393666822e+00
2.342154662865956194e+00
2.343169730087486524e+00
2.345602791977261514e+00
2.348471563872285284e+00
2.350377720639433843e+00
2.352772635552005109e+00
2.354633492783724247e+00
2.356786412809659392e+00
2.356195134663001678e+00
2.356862706764066839e+00
2.359881682381830714e+00
2.360782904718268682e+00
2.360968871232136834e+00
2.361771745892971452e+00
2.361540479843673879e+00
2.361196561002321559e+00
2.359524650517064615e+00
2.380153224486496910e+00
2.356745881646380436e+00
2.356699986064432206e+00
2.355513853492003928e+00
2.356136722104158476e+00
2.355195564650960360e+00
2.354587597201776017e+00
2.352981847880106780e+00
2.352302950895184264e+00
2.352054399496841253e+00
2.351479810652710167e+00
2.352879923925390582e+00
2.353847903471935066e+00
2.355302256977827025e+00
2.358078045615916718e+00
2.358123941197864948e+00
2.360803766346426968e+00
2.361043377046987857e+00
2.362475676831683913e+00
2.363195104979885386e+00
2.364636941508882373e+00
2.366171165248294628e+00
2.367778106663001481e+00
2.369625254824788030e+00
2.369818969943400688e+00
2.370112820877173121e+00
2.368982716677512812e+00
2.367983146665471494e+00
2.368892713653172777e+00
2.367637439684562750e+00
2.365835591058205623e+00
2.365021391513513649e+00
2.365236564306803402e+00
2.364139838712196351e+00
2.361572070309170712e+00
2.360742969601508534e+00
2.359565181680343571e+00
2.359581870982870200e+00
2.357794327472964024e+00
2.357000989556430337e+00
2.355731410471368914e+00
2.354589385341332441e+00
2.355480474886950670e+00
2.354956549996918280e+00
2.354913038601045283e+00
2.354597133946076948e+00
2.352711242760567867e+00
2.352985424159219630e+00
2.353717965330834883e+00
2.353313845791082937e+00
2.354547066038497061e+00
2.353134435788921675e+00
2.355329079071173393e+00
2.356112284196887341e+00
2.356044930940262017e+00
2.355585975120779718e+00
2.357090992580770372e+00
2.357765717240061232e+00
2.359207553769058219e+00
2.359825057962543937e+00
2.359279675397834009e+00
2.361683531008187842e+00
2.361095233094124168e+00
2.362827940324299547e+00
2.363780422661355018e+00
2.363106890095101775e+00
2.363865061267025780e+00
2.365076823839762810e+00
2.365507169426342315e+00
2.365874334081928154e+00
2.366181298039114367e+00
2.364920659651835066e+00
2.365462465937431702e+00
2.366593166183610819e+00
2.364331765691252585e+00
2.365340872447594833e+00
2.364333553830809009e+00
2.365616841985803021e+00
2.365234180120728169e+00
2.364369316621937500e+00
2.364809794999336745e+00
2.364362164063711802e+00
2.364167256852061527e+00
2.363214178468487248e+00
2.361989898918855246e+00
2.361729426590136072e+00
2.361618561937637750e+00
2.360971851464730875e+00
2.360177917501678380e+00
2.360122485175429219e+00
2.358162088175068671e+00
2.359082980046627309e+00
2.357930822125771098e+00
2.356829328159013581e+00
2.356134337918083244e+00
2.356360239548711544e+00
2.356162948150986036e+00
2.356533689085684724e+00
2.354849857670051616e+00
2.354131025568368951e+00
2.354167384406016250e+00
2.353266162069578282e+00
2.352644485550461351e+00
2.350670379480168659e+00
2.352096122753157825e+00
2.351908368099733249e+00
2.351565641351418545e+00
2.349902671563943723e+00
2.350834292272840909e+00
2.349806112027896798e+00
2.350608390642212608e+00
2.349602264118464401e+00
2.348786276434216003e+00
2.349279206905270367e+00
2.349536699001395501e+00
2.349200528764787688e+00
2.347791474794325151e+00
2.349432390860604070e+00
2.349160593648027540e+00
2.348724287596259952e+00
2.348342817824222717e+00
2.346713822688319961e+00
2.348242682009062943e+00
2.347358148975151604e+00
2.347608488513051039e+00
2.348830383876607808e+00
2.348978799459791045e+00
2.347495239674477485e+00
2.349256557137555657e+00
2.349021714809145234e+00
2.348251026660326257e+00
2.348420303871667780e+00
2.348984759924979127e+00
2.348208707357490876e+00
2.349306625045135544e+00
2.348307651079613034e+00
2.349961084122786925e+00
2.350584548781460281e+00
2.350638789014671826e+00
2.348521035733346363e+00
2.349977177378794746e+00
2.351028603437972375e+00
2.350378316685952651e+00
2.351529878560290054e+00
2.350627464130814470e+00
2.351559680886230463e+00
2.353242320208825955e+00
2.352222484615145159e+00
2.350257319242634590e+00
2.354710978831169310e+00
2.352729720202650920e+00
2.354968470927294444e+00
2.354373616501523880e+00
2.354696077668199106e+00
2.356630844668250457e+00
2.357262057931668320e+00
2.357877773985597170e+00
2.377531215850259727e+00
2.358364147944944644e+00
2.358942313068188579e+00
2.359636111216081744e+00
2.360495014249684331e+00
2.360985560534663463e+00
2.361652536589209816e+00
2.362381501481712220e+00
2.362611575437972178e+00
2.362668199857258955e+00
2.360864563091345403e+00
2.362482829389909611e+00
2.363764925451866006e+00
2.364529057088978092e+00
2.362836881022081670e+00
2.364902182209752013e+00
2.363791747545212374e+00
2.363434715680446274e+00
2.363468094285499532e+00
2.363038940791957643e+00
2.364039702897036577e+00
2.363226695445382219e+00
2.362991853116971797e+00
2.364424152901667853e+00
2.364506407321263382e+00
2.363308353818458940e+00
2.363902016151191887e+00
2.363564653821546457e+00
2.361430211237694365e+00
2.361635251240164379e+00
2.362079305896676473e+00
2.360719723787275015e+00
2.360338254015237780e+00
2.360451502853811334e+00
2.359597964238878021e+00
2.360834164718886186e+00
2.360551638668971108e+00
2.359739227263835559e+00
2.358345074456342783e+00
2.357079071650394209e+00
2.357507629097417290e+00
2.357579154679674271e+00
2.355976385590599076e+00
2.354934496275722378e+00
2.355706376517578970e+00
2.355100793254469860e+00
2.354750913947929458e+00
2.353115362300319813e+00
2.351899427401951126e+00
2.349823993423461044e+00
2.351567429490974970e+00
2.350452226454284865e+00
2.348820847132306877e+00
2.349539679233989542e+00
2.348636668757995150e+00
2.348388713406170947e+00
2.344281356845063780e+00
2.346006315470494652e+00
2.345323246159940478e+00
2.346290629659966154e+00
2.345565241046576599e+00
2.344643753128499153e+00
2.346269768031807867e+00
2.344883363829060041e+00
2.345246356159014223e+00
2.345505636394695781e+00
2.344715874757274943e+00
2.345907967794891302e+00
2.347685378513977295e+00
2.347139399902749002e+00
2.348256391078995531e+00
2.349872273191484506e+00
2.349300664579947462e+00
2.351929229727891535e+00
2.351832074145325802e+00
2.352463287408743664e+00
2.352451962524886309e+00
2.354972047206407293e+00
2.356362623734786776e+00
2.357495708167041126e+00
2.358899993765353198e+00
2.360134406105805382e+00
2.359960956568832202e+00
2.360407395411419529e+00
2.362574620553806071e+00
