2.201218271400722237e+00
2.180667183478735005e+00
2.239171533485833976e+00
2.337950150722283293e+00
2.440071396836208883e+00
2.515992226122883313e+00
2.538310591973136798e+00
2.492116390718983610e+00
2.387699769461127275e+00
2.267372282430205832e+00
2.186454199129843623e+00
2.186275981220719977e+00
2.258134753481716217e+00
2.373534723941650881e+00
2.472431954435343027e+00
2.496773302170431919e+00
2.449143820898988189e+00
2.365148349422019791e+00
2.273093136917726742e+00
2.213717962946649020e+00
2.224664357264561243e+00
2.323946037762884664e+00
2.469415959050173637e+00
2.557905621278956154e+00
2.491654454666907270e+00
2.317292966519947761e+00
2.169925829163292352e+00
2.149254935891024676e+00
2.241840033750538197e+00
2.393792556976384933e+00
2.561536736671535586e+00
2.620980455992276248e+00
2.459079320321002182e+00
2.192980908510793192e+00
2.066560037918095283e+00
2.153235334543625701e+00
2.354035658125359642e+00
2.567248650461274373e+00
2.650962787981365754e+00
2.479636964754696304e+00
2.184037230496076454e+00
2.054071075209507491e+00
2.179913184632442658e+00
2.431100896728145777e+00
2.634210900570261416e+00
2.596615862442953837e+00
2.305034077767619927e+00
2.056898719894733496e+00
2.108192695163809471e+00
2.391832159976024830e+00
2.638079242477326503e+00
2.608594013284923019e+00
2.314123191132925861e+00
2.050606852842194350e+00
2.100155603904199975e+00
2.420490076600322116e+00
2.676010450841242339e+00
2.584956000442028223e+00
2.239675192794226888e+00
2.017817737796037125e+00
2.166094442140393372e+00
2.521454992467760281e+00
2.677876672491630750e+00
2.471587356518191836e+00
2.123060479528961153e+00
2.058837063173897697e+00
2.354830188134930946e+00
2.617660476882514686e+00
2.560504384100959818e+00
2.250708013857366296e+00
2.077109465254481258e+00
2.274312648095208278e+00
2.537808124757781503e+00
2.556566900797712982e+00
2.309851921779146444e+00
2.119292869483574648e+00
2.262664707024658384e+00
2.518472971734162957e+00
2.524296942269437682e+00
2.295028840902905376e+00
2.162729759541721197e+00
2.296664988597033830e+00
2.517705859864456830e+00
2.480828461745793856e+00
2.242874174460670389e+00
2.175711056674844990e+00
2.366790457581336327e+00
2.551631039575462445e+00
2.408195425056865790e+00
2.165200372362181103e+00
2.211900617110802880e+00
2.485568223663356946e+00
2.556209868932946883e+00
2.272470864352091002e+00
2.102617872073396565e+00
2.356784028623584160e+00
2.610346986096738320e+00
2.439459257061392883e+00
2.084448586040566820e+00
2.188328765431495349e+00
2.573312231697109986e+00
2.579121897115933759e+00
2.174838444571309815e+00
2.074912437786154307e+00
2.463915045728092945e+00
2.636032418731739213e+00
2.296806847668510176e+00
2.060951240176110311e+00
2.358609123064174806e+00
2.607990218161370333e+00
2.372266336949627075e+00
2.120334758798451347e+00
2.316403665113885957e+00
2.545504873455151529e+00
2.385826991299031974e+00
2.190265916617621933e+00
2.328553477353272338e+00
2.492333351651829787e+00
2.359889430986575221e+00
2.230228451517635602e+00
2.360509319366135728e+00
2.459239656834561583e+00
2.338909189571045655e+00
2.260824115374578724e+00
2.372703835094432279e+00
2.430510810674525679e+00
2.343501131951943872e+00
2.300004041195397697e+00
2.368560119695677813e+00
2.401023197296046963e+00
2.350897473203834576e+00
2.334220687654100512e+00
2.355653924423923851e+00
2.370121165528436435e+00
2.372780725095358534e+00
2.369077488074003313e+00
2.335071842082958593e+00
2.339756767720790887e+00
2.392562913008083658e+00
2.400226879146919234e+00
2.326744476168689069e+00
2.303315675653895944e+00
2.397966074701079808e+00
2.441706948483818529e+00
2.360570712157572970e+00
2.273052009707928978e+00
2.368677540859883024e+00
2.458491618453457317e+00
2.383085773359033155e+00
2.274496826469520006e+00
2.332096973907586968e+00
2.443145208733702667e+00
2.413035918836107019e+00
2.306369818016269058e+00
2.317731060711271773e+00
2.410573054620391620e+00
2.401097703110897985e+00
2.328301945722335287e+00
2.343324702182376651e+00
2.408365894361244930e+00
2.377108022821905919e+00
2.315173425099065874e+00
2.353323978581902676e+00
2.435463361199302845e+00
2.387947724812951478e+00
2.291106258762628745e+00
2.314827718118157129e+00
2.420922806372976854e+00
2.428604057860858312e+00
2.333124558106012270e+00
2.309518135728613863e+00
2.374305412090469858e+00
2.408322979011890741e+00
2.363421602657032494e+00
2.332029024604442835e+00
2.360311431921891412e+00
2.387481020388724673e+00
2.367195173167607081e+00
2.351582926700463982e+00
2.373085900912988322e+00
2.391052531129423731e+00
2.366434617809607843e+00
2.335508148134726181e+00
2.353249472767051653e+00
2.396947431200436629e+00
2.402623582199046925e+00
2.359515113772763684e+00
2.335070053943402169e+00
2.359507365168019177e+00
2.392971204873467261e+00
2.384597347330730699e+00
2.355897111403597588e+00
2.354635876969799479e+00
2.381248161941547536e+00
2.392834710220660188e+00
2.370019241573720237e+00
2.343978565213509224e+00
2.355263513954104493e+00
2.384886429892352666e+00
2.395652222115066454e+00
2.372826024630787956e+00
2.351198476695832706e+00
2.362002415895750218e+00
2.377621814921118570e+00
2.377929970971342399e+00
2.361714525427165867e+00
2.353621405794787957e+00
2.368389650391298673e+00
2.389576123902335425e+00
2.393845009070040053e+00
2.374109908832300775e+00
2.353217286255036012e+00
2.351979297635471422e+00
2.367213650609690134e+00
2.384355352444094578e+00
2.388282702956521675e+00
2.377333924452534220e+00
2.369641944127314659e+00
2.369568630405501253e+00
2.373000070214279944e+00
2.376097723972526055e+00
2.372879072770961884e+00
2.367620750382036121e+00
2.366856618744924035e+00
2.374476477441367805e+00
2.381756589622090914e+00
2.389353798550819974e+00
2.389372872039421836e+00
2.382757947773688656e+00
2.372477337417285170e+00
2.365917249431282343e+00
2.364210768247934524e+00
2.368108912480940020e+00
2.374851986748216959e+00
2.382763312192357930e+00
2.389006303430354805e+00
2.388708876217469523e+00
2.382976100799572450e+00
2.377030536774460856e+00
2.372109576715180523e+00
2.371983810899711997e+00
2.371583863685591709e+00
2.374369189067982333e+00
2.376144811647511901e+00
2.380592510770858539e+00
2.381539032642725928e+00
2.380700991237281627e+00
2.379279420289924118e+00
2.377468034919266060e+00
2.379080936799160995e+00
2.378536150280970318e+00
2.380956695193850337e+00
2.380980537054602664e+00
2.383585856388313218e+00
2.383358166618128493e+00
2.382044480090675265e+00
2.379842088203679040e+00
2.379609034014825042e+00
2.377830431202701433e+00
2.374413296510374138e+00
2.373969241853862044e+00
2.373472735103694831e+00
2.371379419729640503e+00
2.371668502291262470e+00
2.373203322077193533e+00
2.372996493935167095e+00
2.374053880459532806e+00
2.374193951391452728e+00
2.376685425840070920e+00
2.377366707011068669e+00
2.376996562122888790e+00
2.377637312130607583e+00
2.379491612850619831e+00
2.379557774014207538e+00
2.377645656781870898e+00
2.379179880521283152e+00
2.379280612382961735e+00
2.380664632399634328e+00
2.378647610979987448e+00
2.376582905838835913e+00
2.376659199793243360e+00
2.377719566550203112e+00
2.375645920711269454e+00
2.375577375361606514e+00
2.374717280234966310e+00
2.375594064664133143e+00
2.374111100925338391e+00
2.371990367411418887e+00
2.372711583699176785e+00
2.372535749976128372e+00
2.371582075546035284e+00
2.372145935552827822e+00
2.369929834595899010e+00
2.368818207838321754e+00
2.368467732485262545e+00
2.367283984098909499e+00
2.368083282480631269e+00
2.367871685966454365e+00
2.366048379665420143e+00
2.367610617591216382e+00
2.366252227574852540e+00
2.387385652945715364e+00
2.365659757335157209e+00
2.367019935491077476e+00
2.367402597356152327e+00
2.368361636204914689e+00
2.369477435288123601e+00
2.367519422473838731e+00
2.369459553892559356e+00
2.369939967386718749e+00
2.370440050415998812e+00
2.369636579708645385e+00
2.371001526236716117e+00
2.369743272035512049e+00
2.370560451812798064e+00
2.369791551803535512e+00
2.367407365728302793e+00
2.367764993639587701e+00
2.367754264802249153e+00
2.366952582234452152e+00
2.366186662457783640e+00
2.366420312693156447e+00
2.367442532472912475e+00
2.368213816668250260e+00
2.369510217846658051e+00
2.368436738066284519e+00
2.370480581579277768e+00
2.370961591119955969e+00
2.370570584603617803e+00
2.369361802263474814e+00
2.368904634583548940e+00
2.369015499236047262e+00
2.367962285037313208e+00
2.370581909487475158e+00
2.370477601346683727e+00
2.371471806940055771e+00
2.372739597885560769e+00
2.373941227667478060e+00
2.373926326504507855e+00
2.372275277647409197e+00
2.369159742493598841e+00
2.369610949708336634e+00
2.368814035512690097e+00
2.368721648302274829e+00
2.367853804570890119e+00
2.371888443456702689e+00
2.370567604371023762e+00
2.372350379508779028e+00
2.373830959061498547e+00
2.375952288621936859e+00
2.374040171389600218e+00
2.373937055341846403e+00
2.372460648114758541e+00
2.369810625292137374e+00
2.368120833411316184e+00
2.367677374801322898e+00
2.366557999439001136e+00
2.368877216443683764e+00
2.372514888347970086e+00
2.378886625634029528e+00
2.381499693572484588e+00
2.379685327969232489e+00
2.374097391855405803e+00
2.365630551055735609e+00
2.361287160073180402e+00
2.360216064478882103e+00
2.361387295888340176e+00
2.371331736008135849e+00
2.380032823089697658e+00
2.381806061483151993e+00
2.376224085834513389e+00
2.365933938733808972e+00
2.360276861223800537e+00
2.359466834004740221e+00
2.364728732672778833e+00
2.369697376453563820e+00
2.372311040438537688e+00
2.371660753686517964e+00
2.367269082935939295e+00
2.365256233841924072e+00
2.367637439684562750e+00
2.366978212234760903e+00
2.362820191719555041e+00
2.362382693574749837e+00
2.364050431734375124e+00
2.369362994356512431e+00
2.375200077915200936e+00
2.376824900725472034e+00
2.364829464534457415e+00
2.352604550433701203e+00
2.348764818759538908e+00
2.363386435912422812e+00
2.377214715148772584e+00
2.377755329341331603e+00
2.363238616375758383e+00
2.352137846009474398e+00
2.355192584418366319e+00
2.366900726187315840e+00
2.366773768278809698e+00
2.360738797275876877e+00
2.358091754685849306e+00
2.369903012502552642e+00
2.377338096778165877e+00
2.367624922707667778e+00
2.342391293333923041e+00
2.339504640043335026e+00
2.366471572693773950e+00
2.391267703922713483e+00
2.375015899540889208e+00
2.343398611950708865e+00
2.335530201855922083e+00
2.366163416643550121e+00
2.388739274589928741e+00
2.369469686683379095e+00
2.339132110969079914e+00
2.341939490072666441e+00
2.368786021326306113e+00
2.376672908863175948e+00
2.361533327285448181e+00
2.355203313255704867e+00
2.367809101081979506e+00
2.365335508028925560e+00
2.345075886854635083e+00
2.346421759894103953e+00
2.380104348671954639e+00
2.389887260185153295e+00
2.350947541111414463e+00
2.323091903101432543e+00
2.359248680978855983e+00
2.399397778439257056e+00
2.378825828889111094e+00
2.331834117392792560e+00
2.339614908649314540e+00
2.380807087517629483e+00
2.385951565021462883e+00
2.349421065976746714e+00
2.347786110375655877e+00
2.373399421381881425e+00
2.361625714495863448e+00
2.341527025881651181e+00
2.371464654381830073e+00
2.392163561840482178e+00
2.345614712907637678e+00
2.313927687874756778e+00
2.373445316963829654e+00
2.406682658992130630e+00
2.344467323358931932e+00
2.318790235375193909e+00
2.379083320985236227e+00
2.388436482958374185e+00
2.327583113620652178e+00
2.346437257103592966e+00
2.398110317958631388e+00
2.341133039132718974e+00
2.307061828024605354e+00
2.399869251235634326e+00
2.412225891617046702e+00
2.282847438198022605e+00
2.309052027350905867e+00
2.445550852483612481e+00
2.382499859631044714e+00
2.259159953494066286e+00
2.356021089079509689e+00
2.434656910259355378e+00
2.322797456121141302e+00
2.306192792200183028e+00
2.403761435003451741e+00
2.363870425685695054e+00
2.298445975595233115e+00
2.380667612632228369e+00
2.383360550804203726e+00
2.307831324080386715e+00
2.348016184331915834e+00
2.390085147629397611e+00
2.324525991025685023e+00
2.340610902382243008e+00
2.389606522274794642e+00
2.318048753505796533e+00
2.327395358967227601e+00
2.422321131506101288e+00
2.340053598887157360e+00
2.274306091583501388e+00
2.395796465372618034e+00
2.416711737717597064e+00
2.302062189824842342e+00
2.299917614450170511e+00
2.395245718389239276e+00
2.398439335637013503e+00
2.329095879685387782e+00
2.284525309148467631e+00
2.358366532131019877e+00
2.466005976916072040e+00
2.314617313697017842e+00
2.201321387448476052e+00
2.448396974610921539e+00
2.511949242585806985e+00
2.194332145968931336e+00
2.213318611779047540e+00
2.572110601915192696e+00
2.439374618455722121e+00
2.120663776476833462e+00
2.313173092981945622e+00
2.563861318094887487e+00
2.388429330400148487e+00
2.148734587280105135e+00
2.327328005710602277e+00
2.525290551816290918e+00
2.405302811301089694e+00
2.174955269688996218e+00
2.305184877536878396e+00
2.520064415939380797e+00
2.414407421875884641e+00
