2.582622478320894199e+00
2.541846935969225729e+00
2.538550202673697687e+00
2.536582057068593077e+00
2.513346375625893359e+00
2.532037798409199514e+00
2.530636493043481483e+00
2.529086176048061407e+00
2.528168860455615619e+00
2.528959218139555265e+00
2.525219622280552745e+00
2.525709572519013069e+00
2.523920836916069721e+00
2.523678842029433600e+00
2.525762620659186997e+00
2.522123160615344251e+00
2.523320022025111076e+00
2.525435391120361306e+00
2.523038092021714807e+00
2.523536982957957253e+00
2.525188627861574719e+00
2.522566619225337536e+00
2.522931399694848142e+00
2.521827521542015393e+00
2.521138491766273138e+00
2.535422150542992359e+00
2.520456018502237772e+00
2.520901861298306290e+00
2.521886530147377403e+00
2.520393433617762913e+00
2.521546783631656741e+00
2.519158425230792364e+00
2.520197334313075022e+00
2.522890272485050378e+00
2.518886628018215834e+00
2.517807187772654220e+00
2.520622911527504062e+00
2.517211141253846041e+00
2.519719901051509670e+00
2.522583904574382974e+00
2.521331610838366988e+00
2.524193230175165059e+00
2.524396482038078648e+00
2.527956667894919907e+00
2.534848753791898890e+00
2.536304299390828465e+00
2.540715043630008996e+00
2.552573389121698177e+00
2.557288713131989688e+00
2.567411967207427814e+00
2.576650092202435793e+00
2.589304755843252703e+00
2.604239297418510457e+00
2.617848231535939263e+00
2.633050397998141889e+00
2.646776157233257099e+00
2.656743247120767482e+00
2.676341852705699687e+00
2.700773799511646978e+00
2.724370685144744453e+00
2.751638621287181508e+00
2.774352762025924068e+00
2.797642087655316523e+00
2.817595936965457959e+00
2.830524185958407823e+00
2.841624956324691365e+00
2.846609693361484172e+00
2.847289186392925497e+00
2.841354351205152451e+00
2.818338610927892951e+00
2.791657780606481953e+00
2.753393382238552789e+00
2.697387659238297708e+00
2.628773168179174391e+00
2.543160622496678958e+00
2.443598204087996884e+00
2.332088033209804845e+00
2.206962967748995919e+00
2.080607066226848101e+00
1.955621475651440067e+00
1.835435251645475718e+00
1.736434905104029758e+00
1.658396322536030087e+00
1.610614849402290494e+00
1.594718884792194924e+00
1.611505938947908723e+00
1.667340000550747048e+00
1.764272661718447432e+00
1.898827183106801986e+00
2.076385268734129319e+00
2.281880054697996929e+00
2.511869968398805497e+00
2.746780842158894842e+00
2.967661972959276806e+00
3.150979060051329217e+00
3.280395660447557038e+00
3.332125345721882237e+00
3.296599781107876215e+00
3.168244143515126954e+00
2.953392619299008981e+00
2.671255191714190236e+00
2.344557326383271967e+00
2.019736411540080656e+00
1.728728023615839993e+00
1.505817354418915954e+00
1.374347373765393954e+00
1.342071454771930572e+00
1.433262399823951760e+00
1.639732913939108139e+00
1.946003072977432469e+00
2.312984146235483429e+00
2.699163877864346084e+00
3.034118775620314512e+00
3.269894512879194526e+00
3.363500042378907651e+00
3.294198309683598058e+00
3.074125417962719986e+00
2.738710372294232087e+00
2.354252023011687012e+00
1.985548971360799220e+00
1.692770921322217070e+00
1.525750938147418356e+00
1.510175646564441587e+00
1.653490263639719959e+00
1.931753984898803900e+00
2.289278184089444057e+00
2.659023125055208769e+00
2.959858531935040116e+00
3.122671022733571888e+00
3.107067716964210913e+00
2.917549957936997007e+00
2.614830448011213448e+00
2.265692623340204381e+00
1.946847670894583660e+00
1.744999497532784716e+00
1.704199517273845332e+00
1.831297496711909334e+00
2.088601242137103409e+00
2.405939388983176830e+00
2.701081359515351998e+00
2.896917807688451862e+00
2.939166180988094901e+00
2.818927504888475433e+00
2.575972983357069701e+00
2.270667823632696258e+00
2.004732728568640709e+00
1.863501294076596926e+00
1.888365374608680591e+00
2.068889983760116458e+00
2.330578843424182534e+00
2.590645860510571108e+00
2.758881778583738509e+00
2.778450581842730305e+00
2.665004451871448854e+00
2.460385854290229712e+00
2.222757008404375068e+00
2.047665959318394791e+00
1.997167706151927291e+00
2.094697009884954664e+00
2.304451144272225527e+00
2.528451386505530696e+00
2.678543052499658295e+00
2.696030461314971483e+00
2.573629328445115938e+00
2.371117755307883712e+00
2.167001028895500614e+00
2.050379759118528433e+00
2.070207246566682535e+00
2.216910388101385632e+00
2.447183423898628085e+00
2.644871192559146156e+00
2.711764897318470258e+00
2.615267350109499844e+00
2.402265954287762018e+00
2.186539433782033193e+00
2.062251813680149759e+00
2.066904552805966411e+00
2.211182381055639024e+00
2.438028745416253251e+00
2.641268687399469517e+00
2.702313387669728506e+00
2.579505155027527419e+00
2.352707666481455018e+00
2.151754754990906182e+00
2.076614746643870468e+00
2.151177781960699864e+00
2.343054097062837737e+00
2.545952504390776472e+00
2.643840032081608005e+00
2.570538231198576717e+00
2.373242661147434873e+00
2.173639795021986565e+00
2.090632568673201686e+00
2.176310083426247211e+00
2.391369031830910874e+00
2.617081119666233135e+00
2.685075722345795946e+00
2.530127469316419297e+00
2.262060315854586889e+00
2.055906898487436685e+00
2.024185898802983719e+00
2.192281745944231197e+00
2.484614549233263858e+00
2.736328570405074601e+00
2.768871518238964047e+00
2.535886470781143931e+00
2.184951565855928202e+00
1.943270795735215550e+00
1.964689131342069128e+00
2.229752210349107866e+00
2.574382135198370669e+00
2.788676355919403438e+00
2.736997930645696187e+00
2.464578445503526449e+00
2.146218078877697000e+00
1.984020708086575047e+00
2.078292617594315939e+00
2.352060956008548143e+00
2.601480198082947393e+00
2.675600370836302311e+00
2.537686531267944634e+00
2.315719999756812975e+00
2.178392073916444183e+00
2.195828818777658675e+00
2.325020113589777004e+00
2.452034646515207861e+00
2.482364473624762535e+00
2.407560635514335079e+00
2.307772315475024705e+00
2.288189803146100321e+00
2.360739989368914493e+00
2.443522506180108245e+00
2.464724476900634453e+00
2.401226449158960552e+00
2.305513299168741703e+00
2.247526913586487041e+00
2.281433019808890794e+00
2.385516451062732912e+00
2.467672522982659711e+00
2.466452415758659367e+00
2.418675114950551208e+00
2.360544486110745410e+00
2.307248986631511123e+00
2.279443416529109090e+00
2.292250072032221642e+00
2.335868160232086321e+00
2.389620231344727230e+00
2.446947985523698854e+00
2.486018834831575930e+00
2.451637083487162805e+00
2.344779651734787418e+00
2.232033280376586770e+00
2.209113503588855831e+00
2.307195938491337195e+00
2.448249155074257111e+00
2.533457581217000598e+00
2.510500849545103108e+00
2.393458174879333544e+00
2.260802061653382822e+00
2.216841842751722691e+00
2.287310634530858255e+00
2.409169365068598356e+00
2.481743989198683220e+00
2.473441061191685275e+00
2.399586129139200441e+00
2.311273492726503953e+00
2.278797302102721023e+00
2.322263398440289173e+00
2.390837954382652786e+00
2.421259572656103476e+00
2.391631292299186473e+00
2.344073932656518533e+00
2.331821600415897588e+00
2.346893232690481224e+00
2.412844587903569593e+00
2.414495636760668251e+00
2.358281893525349115e+00
2.303434288911138772e+00
2.310671485742507691e+00
2.379002258658678315e+00
2.441065602429580927e+00
2.435646943527095765e+00
2.364026589873622797e+00
2.309376276657137517e+00
2.316594399999904574e+00
2.365158482212839530e+00
2.400232839612107316e+00
2.386832521776261373e+00
2.357979697940313368e+00
2.361852808219529365e+00
2.386908219684150012e+00
2.391961502070606205e+00
2.346116584076474165e+00
2.297272359999699809e+00
2.311145342724960194e+00
2.378281042370920417e+00
2.436743669121702816e+00
2.429239443449907832e+00
2.364994569420167281e+00
2.306047356849593832e+00
2.303775823566415859e+00
2.359934134475485834e+00
2.417599250984102444e+00
2.425017049910670686e+00
2.405342746417849842e+00
2.380765960307831719e+00
2.353039664392431174e+00
2.334416190912269595e+00
2.337726633277730226e+00
2.370130702272737366e+00
2.413544346516650396e+00
2.426344445508056502e+00
2.393192934178463904e+00
2.334004918814291951e+00
2.307128585234711871e+00
2.339446227484491825e+00
2.394557284660015828e+00
2.420702865207536636e+00
2.412103702080691026e+00
2.380755231470493172e+00
2.358793897485005342e+00
2.349157613415433499e+00
2.349137943880312829e+00
2.366232558039731870e+00
2.392117070212015140e+00
2.425037911538828972e+00
2.422771742674320272e+00
2.367813273407611163e+00
2.304654396135139116e+00
2.289807473398145721e+00
2.348180693171106892e+00
2.421423485448775725e+00
2.434912018169405279e+00
2.377754137248293986e+00
2.299742376773640906e+00
2.280292186771891938e+00
2.326882162914533758e+00
2.379959509367884252e+00
2.406349468988116858e+00
2.395490693508469437e+00
2.365401669192513268e+00
2.342377584263990453e+00
2.331306020177128513e+00
2.335092107664598071e+00
2.360701842391710770e+00
2.398668813546754652e+00
2.428062847621780485e+00
2.414247085362325240e+00
2.361527366820260099e+00
2.315599002313494914e+00
2.317589797686314235e+00
2.371129080191741068e+00
2.432664922793498441e+00
2.439804367995782819e+00
2.389132069245823331e+00
2.327581921527614561e+00
2.306039012198330518e+00
2.335701267206820031e+00
2.382986233590392189e+00
2.411712099517834051e+00
2.402476954755420113e+00
2.364274545225447000e+00
2.337692062579639352e+00
2.335075418362071442e+00
2.354314011849643062e+00
2.384589002679467384e+00
2.393071340688627036e+00
2.391576456019456121e+00
2.373343989055632264e+00
2.345300000345706959e+00
2.329083362708492810e+00
2.328504005492211260e+00
2.355827373960897031e+00
2.391225384619878103e+00
2.405500102698815201e+00
2.393025445106678806e+00
2.359071059116251146e+00
2.328560629911498037e+00
2.331022898080694628e+00
2.364711447323733395e+00
2.406871605738592823e+00
2.430553726023879868e+00
2.410111118568315280e+00
2.368642970161792149e+00
2.335368673249325067e+00
2.341355364484234425e+00
2.377871558412499198e+00
2.410965849276286210e+00
2.422561934299699793e+00
2.399254727274743093e+00
2.360761447043591588e+00
2.330867925985804501e+00
2.329072633871154263e+00
2.350790780876967911e+00
2.378998682379565466e+00
2.391065048106318702e+00
2.383799241042046546e+00
2.367685719452586213e+00
2.346605342221896873e+00
2.339290063296564082e+00
2.346094530355278263e+00
2.360642833786348760e+00
2.378575489351211658e+00
2.387128160849590230e+00
2.383205578709313599e+00
2.375155374426290322e+00
2.359145564931102168e+00
2.349251192718886383e+00
2.340083997259616577e+00
2.349937838308553406e+00
2.366552635020331863e+00
2.378978416797925988e+00
2.382094547998255152e+00
2.372606083465347737e+00
2.358696145855920800e+00
2.350087445984774259e+00
2.350036185984156756e+00
2.366447134786502815e+00
2.385742352693361212e+00
2.396790074919471270e+00
2.399001407504249617e+00
2.386217997815370140e+00
2.369775458547527691e+00
2.359636707262600552e+00
2.360097451221639275e+00
2.370416804601765293e+00
2.375785991643189377e+00
2.378557607955647413e+00
2.377927586785267167e+00
2.367804928756347849e+00
2.361627502635419873e+00
2.360402030992750255e+00
2.363798304056919264e+00
2.370013877155050963e+00
2.369456573659965315e+00
2.370960995073437161e+00
2.371525451126748507e+00
2.371877714619364141e+00
2.375599429082802416e+00
2.376656815607168127e+00
2.376511380256578931e+00
2.376727745142906301e+00
2.366170569201775820e+00
2.358677072367318939e+00
2.353686374865338049e+00
2.354126257196218486e+00
2.362613959624047411e+00
2.370295211111928424e+00
2.382679269633205976e+00
2.389935539953176757e+00
2.382708475912627577e+00
2.373069211610461693e+00
2.362265272410544625e+00
2.361771149846452644e+00
2.368351503414094950e+00
2.376532837931256026e+00
2.389219092037569325e+00
2.399815607048941590e+00
2.397743153303045549e+00
2.387271808060623002e+00
2.369886323200026013e+00
2.352022212984825611e+00
2.336764018149855016e+00
2.329232970384713663e+00
2.336243073492416666e+00
2.350053471333202193e+00
2.368739529697839075e+00
2.386312173165341832e+00
2.392807292080795012e+00
2.388054417139818142e+00
2.380258128673807150e+00
2.359761280985031462e+00
2.344580572197505486e+00
2.332856933219067397e+00
2.333396951365107608e+00
2.340960185642264602e+00
2.353051585322807338e+00
2.369787379477903855e+00
2.385927127114191748e+00
2.392905043709879553e+00
2.392128991142391303e+00
2.381143853800756105e+00
2.366740389673756439e+00
2.355108541859214366e+00
2.342980783341024331e+00
2.340174596330475421e+00
2.347040456180626844e+00
2.362956686372362114e+00
2.382253096372258128e+00
2.398279595169972911e+00
2.416140129106060019e+00
2.425445607357693767e+00
2.419579317519583217e+00
2.409841109495295175e+00
2.390073822745540255e+00
2.371753736943452040e+00
2.353189868115170835e+00
2.338415067006953674e+00
2.333499471366342615e+00
2.335061709292138854e+00
2.347156089205275631e+00
2.366950198048376919e+00
2.382246539860551238e+00
2.399485397277521859e+00
2.412324835339168860e+00
2.416791011904598552e+00
2.415305663979728568e+00
2.401364135904805241e+00
2.386772321077861747e+00
2.369975730177847240e+00
2.350719851341229738e+00
2.336994092106114973e+00
