2.449814969279166199e+00
2.402433443359547116e+00
2.343369405671287264e+00
2.296296035801891566e+00
2.273429307154334555e+00
2.308757580370614626e+00
2.373732015339376389e+00
2.417732765404315476e+00
2.430262259276182668e+00
2.410673786482070202e+00
2.374241039066438574e+00
2.336117307676948140e+00
2.311791457151348261e+00
2.307129777327749487e+00
2.321577348897140958e+00
2.347269338043849185e+00
2.373697444641285514e+00
2.394610332800189756e+00
2.405035782460663629e+00
2.404951143854992868e+00
2.393795537208978974e+00
2.375676915130247480e+00
2.357560677237591218e+00
2.343244235902337547e+00
2.333731333462158997e+00
2.328961173172137133e+00
2.330892959939594444e+00
2.334647456961567169e+00
2.342471759613962146e+00
2.352201622986986873e+00
2.360973043557768491e+00
2.368660255510837587e+00
2.375505253732830724e+00
2.379110739125101404e+00
2.380834505657494660e+00
2.379835531691972150e+00
2.376939341657083204e+00
2.374211236740498165e+00
2.370080038318638671e+00
2.367147489446102426e+00
2.363908572662898777e+00
2.360298318898477632e+00
2.355802340007107087e+00
2.354108375800654240e+00
2.352326792755936591e+00
2.348231357125205587e+00
2.348627728060213027e+00
2.348544281547579882e+00
2.348023336890141533e+00
2.347496431767515102e+00
2.350685876689657672e+00
2.352852505785525405e+00
2.357152385372207615e+00
2.359934134475485834e+00
2.363196893119441810e+00
2.372590586255858724e+00
2.380046532159630246e+00
2.386066601999592862e+00
2.387801693415843474e+00
2.390337275306853471e+00
2.387409494806467691e+00
2.380254552394694301e+00
2.369104310167349681e+00
2.357067150720018045e+00
2.347207349205893134e+00
2.340911309827722331e+00
2.339457552368349180e+00
2.346120160355587014e+00
2.358825487950502175e+00
2.374335214416410267e+00
2.381860301716363537e+00
2.383197234058050284e+00
2.369235440401487480e+00
2.351663989027021895e+00
2.337038795595025586e+00
2.339600007486344335e+00
2.357819957473272776e+00
2.382949874752744890e+00
2.397064852364641840e+00
2.387304590619157452e+00
2.357608360959095872e+00
2.329089323173680892e+00
2.324309626139357654e+00
2.349039596204709479e+00
2.390192436002783083e+00
2.414135624663308111e+00
2.395146774667117118e+00
2.349880617842747821e+00
2.313689865313752314e+00
2.318045773273202492e+00
2.370088382969901986e+00
2.418278147969024960e+00
2.408708025063040825e+00
2.348299902474868528e+00
2.298379218385126599e+00
2.332926670661767954e+00
2.407211352254313486e+00
2.397580432603410916e+00
2.319249787241195015e+00
2.295890128122583196e+00
2.389295385991976772e+00
2.425858667595227836e+00
2.328793088053833227e+00
2.276702198589110271e+00
2.396715569104620247e+00
2.481729684082231824e+00
2.333130518571200351e+00
2.208233142880576150e+00
2.380829737285344194e+00
2.538257543832962870e+00
2.345547359651012354e+00
2.169066926129689765e+00
2.385705397809195105e+00
2.551796740507691119e+00
2.307647741752593795e+00
2.192973159906048686e+00
2.456398303079402989e+00
2.482475338277260857e+00
2.223741677253446181e+00
2.297761118145122516e+00
2.523122134580866760e+00
2.343110721482124514e+00
2.196609639717297391e+00
2.443693571531006192e+00
2.482435403160500709e+00
2.239291338836114420e+00
2.286308084286222897e+00
2.473953065151341502e+00
2.386396811771012594e+00
2.271864088995944275e+00
2.332690040193801106e+00
2.426288417135288533e+00
2.404999423623016330e+00
2.267890842901568949e+00
2.306110537780587499e+00
2.494773566099830475e+00
2.342676799616432159e+00
2.182950637692289142e+00
2.490263282092008978e+00
2.447527938786499213e+00
2.133473412212540055e+00
2.427173546215718680e+00
2.524709406460452943e+00
2.139359967632289639e+00
2.362216396596002355e+00
2.548983996985435319e+00
2.187610529376331492e+00
2.309804834104160598e+00
2.510000170469304237e+00
2.259675533732835362e+00
2.309846557360477171e+00
2.445062690384708581e+00
2.274363908095825781e+00
2.383181736848561272e+00
2.386277006420732150e+00
2.240054278380188890e+00
2.424385240600734015e+00
2.409118105067980853e+00
2.215056087381373384e+00
2.391852425557664308e+00
2.414588620017602327e+00
2.279933366767569414e+00
2.367298289215360896e+00
2.339747230976489956e+00
2.320816197492622912e+00
2.438431076816448773e+00
2.288795982455728240e+00
2.260944516771377977e+00
2.486501036465291747e+00
2.358190698407971464e+00
2.190930508486093053e+00
2.445528202715897770e+00
2.424497297346269953e+00
2.211239601521444609e+00
2.390930937639586862e+00
2.454306775844905086e+00
2.216885950194114496e+00
2.354374808594561497e+00
2.500593364309473543e+00
2.238583831618289111e+00
2.255353600424957250e+00
2.510162891168938870e+00
2.436766318889417526e+00
2.117926730862466300e+00
2.335899154651064347e+00
2.559733099905622034e+00
2.393482612786604680e+00
2.137179033419970509e+00
2.304395115899457558e+00
2.506017983677146788e+00
2.481445369892760322e+00
2.243266373070046171e+00
2.194674872717246039e+00
2.351535839025478136e+00
2.504515946449750174e+00
2.491833864669068532e+00
2.267430694989049034e+00
2.163783569786974059e+00
2.273295196687602715e+00
2.498933970801111570e+00
2.565390177415630468e+00
2.367403789449189944e+00
2.201371455356055939e+00
2.203533912126292460e+00
2.354083937893383105e+00
2.468172606011939774e+00
2.402866769178720663e+00
2.306559956855768867e+00
2.323118725194778911e+00
2.408182312033452011e+00
2.481231389192508185e+00
2.444250875026091840e+00
2.273553880876765465e+00
2.128223434474877607e+00
2.129985944030993394e+00
2.263826401689815526e+00
2.454791957711214945e+00
2.612976743337720009e+00
2.656286675487360416e+00
2.550813263751657622e+00
2.362183614037467905e+00
2.199946308129585582e+00
2.132386223362233935e+00
2.149647730546919266e+00
2.212282086882840115e+00
2.294099008333564615e+00
2.378441974930998626e+00
2.445545488064943207e+00
2.483762798757886525e+00
2.483031449679308889e+00
2.448190742515413909e+00
2.393078493246852734e+00
2.333070317872800725e+00
2.287732635466174447e+00
2.255680829963782941e+00
2.237942485564051509e+00
2.233425048998003870e+00
2.238471774872753173e+00
2.247754007310152957e+00
2.258473903950918071e+00
2.266499074280151849e+00
2.272807034588698816e+00
2.273801240182070860e+00
2.270360859675510046e+00
2.261818320967950768e+00
2.243165641208367589e+00
2.223661210973407076e+00
2.196842693906151389e+00
2.169748207300687515e+00
2.143304603493762617e+00
2.124550595825981603e+00
2.119530692044579112e+00
2.135440365724607048e+00
2.175363561554379821e+00
2.239876656517584053e+00
2.323092499147951351e+00
2.415090491186438815e+00
2.499438822202542099e+00
2.556842870335921170e+00
2.579171368976994838e+00
2.551888531671587579e+00
2.465122635975198317e+00
2.333909551371282642e+00
2.190777920577278159e+00
2.109605921459904110e+00
2.138083235989002517e+00
2.262752921909441994e+00
2.422047546153968334e+00
2.550427621653988730e+00
2.599437546662991760e+00
2.536285225902226603e+00
2.363776846382242169e+00
2.165801187253139748e+00
2.087417493750750364e+00
2.185780666563590380e+00
2.380456016118051465e+00
2.556183046839600514e+00
2.608451558166927864e+00
2.489092646729069713e+00
2.262928159585971599e+00
2.113662614066912582e+00
2.160839099984061651e+00
2.349345368068858075e+00
2.530690733276693027e+00
2.564839430432251710e+00
2.419501831472138154e+00
2.227905062187321317e+00
2.173066994317411904e+00
2.293621575071999263e+00
2.459834511260332146e+00
2.513945402377295579e+00
2.408202577615091489e+00
2.244413762618751917e+00
2.188551686829529608e+00
2.304309881247267988e+00
2.479365167542119774e+00
2.537531559173054507e+00
2.406009722472396195e+00
2.230180767796130947e+00
2.192020081522474406e+00
2.295246993928789170e+00
2.445370846434932410e+00
2.522009315730251888e+00
2.421528389636085965e+00
2.277169499059855884e+00
2.243413000513672984e+00
2.269530566874810251e+00
2.363301201260233242e+00
2.466737922041168485e+00
2.451253229529050337e+00
2.380038783554885740e+00
2.274431261352451106e+00
2.198532485786972579e+00
2.315661587197969773e+00
2.467389996932744634e+00
2.503178418061544619e+00
2.388344095747958917e+00
2.192551158970732494e+00
2.203736567942687241e+00
2.417340566794939694e+00
2.530330125132814079e+00
2.424865058048374600e+00
2.211542393152999164e+00
2.184983752367943843e+00
2.433436206988836226e+00
2.531879846081715346e+00
2.369160338540117650e+00
2.189229987767933316e+00
2.243990569590398110e+00
2.489481269059332647e+00
2.496177851698142547e+00
2.272998961567755050e+00
2.177813908793200248e+00
2.359915657033402780e+00
2.509576381394431621e+00
2.416733195392274158e+00
2.221212055827624265e+00
2.262252838880161931e+00
2.415751506775797086e+00
2.416817237951426112e+00
2.340019028189066486e+00
2.313030041817431659e+00
2.370185538552467719e+00
2.331798950648182878e+00
2.317101039540891527e+00
2.381266639383630590e+00
2.413140226976898450e+00
2.324559369630738281e+00
2.279808196998619696e+00
2.366689129673138936e+00
2.401289034043435411e+00
2.345681470117744194e+00
2.328028360370201888e+00
2.379023716333355409e+00
2.319098391425417738e+00
2.295480048117643168e+00
2.423119237794785441e+00
2.436518363537593324e+00
2.228102353585046824e+00
2.256956369514032446e+00
2.498734891263829638e+00
2.445306473410901127e+00
2.179668805559731304e+00
2.261128099099170896e+00
2.536335293809806490e+00
2.406431127361193578e+00
2.163444419317772205e+00
2.332517186703346734e+00
2.519558372444912653e+00
2.318724670258125009e+00
2.203928494921743475e+00
2.412775446507387844e+00
2.463010247112542128e+00
2.269230159429330929e+00
2.254424363902135298e+00
2.423578193614267740e+00
2.432753733724800860e+00
2.295041953926319156e+00
2.260577948162310946e+00
2.360766215415742053e+00
2.466240223197963655e+00
2.369113846911650612e+00
2.195632123426451976e+00
2.299976623055532521e+00
2.530423108389748155e+00
2.393200086736689602e+00
2.141475336727540313e+00
2.312405981112239495e+00
2.542970483657179148e+00
2.330315986909388126e+00
2.172526380124852885e+00
2.401364135904805241e+00
2.478493151485103407e+00
2.235416440417342443e+00
2.251780301544702212e+00
2.495730220762517604e+00
2.414911677230796361e+00
2.179345748346537270e+00
2.296471869524939979e+00
2.517196240090875836e+00
2.394249128609791999e+00
2.203856373292967685e+00
2.301558530516449430e+00
2.457217270996245428e+00
2.384572909423459564e+00
2.284395967053886256e+00
2.328864613636090208e+00
2.380397007512689456e+00
2.340138833539346930e+00
2.323944845669847048e+00
2.379989907740343469e+00
2.391512082995424837e+00
2.316668905814755597e+00
2.285364542646949548e+00
2.360204739595024748e+00
2.428399613904907106e+00
2.382987425683429805e+00
2.290017877819285008e+00
2.278797898149239831e+00
2.355535907213199831e+00
2.427718928780428165e+00
2.399645137744562451e+00
2.319012560726709360e+00
2.287121091737877254e+00
2.331527749482125156e+00
2.386821792938922826e+00
2.396248268633874634e+00
2.352840584855149242e+00
2.325121441497974395e+00
2.328358570141622064e+00
2.348867338760773915e+00
2.357250733047810964e+00
2.357218546535795323e+00
2.365473790821289057e+00
2.370615884139047225e+00
2.356537265364797573e+00
2.331537286226426087e+00
2.315699734175173496e+00
2.331899086463342652e+00
2.366323753157109522e+00
2.395359563274331638e+00
2.389617847158651998e+00
2.358122749104827331e+00
2.321498074710139470e+00
2.308860696418368441e+00
2.323589005898118565e+00
2.349956911797155268e+00
2.371601745081155954e+00
2.378130242601661948e+00
2.369279547843879286e+00
2.355984134195343582e+00
2.342845480781254874e+00
2.335344235342053931e+00
2.329894582020590743e+00
2.331012169243356080e+00
2.338835875849232249e+00
2.349109929693928844e+00
2.361182851932388971e+00
2.372182890436993929e+00
2.379018351914686136e+00
2.377563998408794177e+00
2.366056128270164649e+00
2.351650876003608115e+00
2.334571163007159722e+00
2.323998489856539784e+00
2.319980540273253844e+00
2.324189820789077210e+00
2.331930080882320677e+00
2.344001811027742743e+00
2.357567829795816916e+00
2.371850296479498965e+00
2.376327201882267204e+00
2.380496547281330422e+00
2.382279322419085688e+00
2.380790994261621663e+00
2.376748010724545779e+00
2.371053978330371237e+00
2.365651412683893895e+00
2.360564751692384888e+00
2.356044930940262017e+00
2.352969926949730617e+00
2.350325864592297531e+00
2.348848265272172053e+00
2.348588388989971687e+00
2.348364871545418620e+00
2.349291723882165339e+00
2.347951215261365743e+00
2.349220794346427166e+00
2.349347752254933308e+00
2.349589747141569429e+00
2.351430934838167897e+00
2.351892870890244236e+00
2.353164834161380892e+00
2.353701276028308254e+00
2.356691641413168892e+00
2.359103841674785595e+00
2.361271662863691390e+00
2.363147421258380732e+00
2.365177555701441392e+00
2.367195173167607081e+00
2.368958874816760485e+00
2.370418592741321717e+00
2.371577307173884819e+00
2.371656581360886307e+00
2.371635123686209212e+00
2.368848010164262163e+00
2.365945263617666328e+00
2.362947149628061183e+00
2.358351630968049673e+00
2.354096454870278077e+00
2.352346462291057261e+00
2.349241059928066644e+00
