2.393504070461281774e+00
2.363561077542433608e+00
2.349496763884635353e+00
2.338082473049458709e+00
2.335155884642110546e+00
2.341953199142599029e+00
2.358798665857155807e+00
2.374537274186286240e+00
2.386014149905937742e+00
2.386216805722332523e+00
2.373903080690274336e+00
2.353986186264298563e+00
2.335211913014878515e+00
2.326310554302996714e+00
2.334004322767773143e+00
2.356028241637735388e+00
2.379206106568110712e+00
2.392863320453562981e+00
2.389293597852420348e+00
2.369767709942783185e+00
2.347265165718217528e+00
2.332414666702111727e+00
2.334716002311230110e+00
2.354582232783106743e+00
2.380196139835851099e+00
2.394318866052492556e+00
2.388358400864410314e+00
2.366986556886024218e+00
2.345052641040401564e+00
2.335647026973608487e+00
2.374400183486960358e+00
2.369298025285962339e+00
2.389831231812385326e+00
2.389480756459326116e+00
2.369985862968666979e+00
2.346130889192925562e+00
2.336153070468076631e+00
2.352695745551078854e+00
2.379843280296716657e+00
2.398113298191225429e+00
2.390287207399273584e+00
2.360188646339016927e+00
2.336443345122736215e+00
2.335477749762266964e+00
2.357427758863896994e+00
2.385641024785163822e+00
2.395909118164672780e+00
2.376832649330216540e+00
2.347478550371950856e+00
2.334691564403958974e+00
2.352360171360989849e+00
2.381518171014567642e+00
2.395366715832557336e+00
2.378080174694082061e+00
2.350257915289153399e+00
2.336749116986884811e+00
2.351322454371744808e+00
2.380626485422430605e+00
2.396393703984463830e+00
2.378179118416204219e+00
2.349875849470597355e+00
2.337420265367062822e+00
2.357419414212633679e+00
2.387307570851751493e+00
2.391757654161173807e+00
2.363330407539654843e+00
2.332518378796384351e+00
2.331428805760002998e+00
2.366261764319153471e+00
2.402010250331193308e+00
2.399172472855147564e+00
2.358441633992389708e+00
2.320123591437767807e+00
2.324260154278296575e+00
2.365773602220249572e+00
2.401404071021565390e+00
2.396953987712143519e+00
2.356807274437817679e+00
2.325352707547271969e+00
2.331996242045908385e+00
2.363801284289513305e+00
2.387925671091755575e+00
2.361591739844291382e+00
2.341036479596672049e+00
2.333359400434422692e+00
2.355261129768029260e+00
2.368329449692899047e+00
2.367207690144502052e+00
2.356335205594921600e+00
2.360767407508779669e+00
2.370160504598677775e+00
2.369843407850671824e+00
2.350712102736485232e+00
2.334625999286890075e+00
2.349760812492467377e+00
2.389045642500596145e+00
2.404713917340507212e+00
2.363871617778732670e+00
2.308686054788357644e+00
2.310005701780998955e+00
2.370763107629192845e+00
2.424171259900481878e+00
2.402444172196885663e+00
2.326697388493703222e+00
2.287892971979733847e+00
2.336682955823297103e+00
2.410126019731285485e+00
2.414315034665469373e+00
2.358762307019508508e+00
2.308723009672523752e+00
2.321067133077041156e+00
2.364368124528899884e+00
2.384305284536514691e+00
2.384355352444094578e+00
2.368561311788715429e+00
2.345229666856487594e+00
2.308278358969492849e+00
2.311805166221280849e+00
2.390716360892815917e+00
2.443793111299647158e+00
2.390462445075803188e+00
2.264387877510532832e+00
2.251948982709524927e+00
2.385802553391760839e+00
2.490455209071065212e+00
2.402113962425465932e+00
2.241280346069377316e+00
2.250760465951021416e+00
2.407905150402206207e+00
2.481046614771677650e+00
2.355478090700875438e+00
2.242102294218813796e+00
2.312872089489947491e+00
2.443073087104926877e+00
2.401861238701491263e+00
2.270665439446621026e+00
2.288807903386104403e+00
2.424260070831784297e+00
2.445938282720837798e+00
2.295155202764892710e+00
2.216884162054558072e+00
2.372755095095049782e+00
2.524071636685328190e+00
2.385112331522980966e+00
2.207018400075245079e+00
2.247975140568630792e+00
2.452042395119952367e+00
2.482546863859517838e+00
2.308312333621064916e+00
2.211639548735564897e+00
2.343850415211965466e+00
2.466728385296867554e+00
2.380599067282565429e+00
2.255282670889219077e+00
2.304672277530703361e+00
2.430488756953329776e+00
2.403548050349718412e+00
2.266214760090680347e+00
2.271160754103750623e+00
2.419686009846449881e+00
2.447752648324089897e+00
2.307526744309275735e+00
2.216137315766491422e+00
2.346647065478213445e+00
2.503692806207276078e+00
2.406367946430199911e+00
2.228729394522833029e+00
2.214063669927557765e+00
2.416951944464676760e+00
2.543462222035195897e+00
2.372276469740446814e+00
2.178581616709425184e+00
2.224169042607431646e+00
2.434296302115476429e+00
2.543315594591569084e+00
2.393103527200642677e+00
2.186333797733044371e+00
2.204224730041591140e+00
2.391534732763139548e+00
2.529800239777593607e+00
2.448107892049299572e+00
2.247374325677672147e+00
2.190664075692185797e+00
2.320682683072409880e+00
2.470915016044976209e+00
2.486774621817424702e+00
2.343721073117384091e+00
2.204968000050544941e+00
2.259982497690021574e+00
2.424757769674989127e+00
2.491321264662893498e+00
2.394648479777393479e+00
2.235572604605270186e+00
2.213272716197099310e+00
2.359157485861478332e+00
2.513234914926876229e+00
2.505104244363813848e+00
2.296427166036029366e+00
2.119772686931215233e+00
2.203786635850267128e+00
2.443301968968149218e+00
2.614822103359950134e+00
2.556296295678174069e+00
2.273737463204558384e+00
2.037830595711540571e+00
2.089255701214754790e+00
2.375153586286733898e+00
2.655806858039719831e+00
2.707571710058654713e+00
2.459824378469512407e+00
2.112891329871574797e+00
1.949517363252325497e+00
2.086011420012881867e+00
2.411385466025527169e+00
2.703408921171298385e+00
2.752174467107590061e+00
2.523359361095352416e+00
2.190713547553246876e+00
1.968749996274709257e+00
1.990884183750651237e+00
2.230676082453260545e+00
2.527223530676785845e+00
2.697928273430856727e+00
2.673750242441921721e+00
2.483767567130036991e+00
2.232142356889528667e+00
2.050095444929056931e+00
2.035365943356268748e+00
2.202760243744878998e+00
2.422393849181395886e+00
2.562923140874283412e+00
2.596319031276587364e+00
2.528533044878607416e+00
2.383352802199459219e+00
2.224396136331097562e+00
2.123071804412818508e+00
2.146532195393108911e+00
2.289467130835906250e+00
2.446122461095149525e+00
2.518768610807491815e+00
2.519566121049657159e+00
2.482597527813616534e+00
2.396113562120623985e+00
2.268744977563021070e+00
2.157070297845637530e+00
2.113800300812757271e+00
2.185297868883355754e+00
2.348981183645866277e+00
2.510570586987803665e+00
2.580722878065452530e+00
2.573107787741158781e+00
2.523123326673904376e+00
2.435118250264912909e+00
2.310472406205225759e+00
2.172852417570640959e+00
2.065937169305940735e+00
2.044071202763462214e+00
2.139464871819599878e+00
2.317823447921687041e+00
2.499739229648021421e+00
2.615548088019858497e+00
2.647437172822615370e+00
2.608766270728858583e+00
2.520293893849121947e+00
2.397074389108942771e+00
2.257837922315349743e+00
2.113620294764077201e+00
2.024063709266628042e+00
2.031783107731712779e+00
2.139613883449301923e+00
2.313282765541406327e+00
2.488139568345495434e+00
2.617803528047028649e+00
2.662901003706574787e+00
2.612513019146087245e+00
2.497603594971131713e+00
2.363121195211553172e+00
2.238952784413431374e+00
2.138136880175695254e+00
2.092255007297397551e+00
2.130755440086774755e+00
2.231171397110390142e+00
2.358352823061087289e+00
2.462696726643649026e+00
2.511059941179745181e+00
2.493918239345340737e+00
2.415201355838937136e+00
2.274877700195038432e+00
2.094103943598740525e+00
1.929224959519500571e+00
1.828309515513123928e+00
1.820452430302194502e+00
1.899274217995908121e+00
2.043024545076435050e+00
2.219932939998261912e+00
2.405660439212374602e+00
2.577511379422113613e+00
2.723939147465127331e+00
2.834611872984394321e+00
2.907947648518997230e+00
2.946394437121681698e+00
2.952843064408667395e+00
2.933976999995350887e+00
2.898030030492547926e+00
2.851900202262425577e+00
2.801269626768783105e+00
2.753462523634734538e+00
2.713424290826832230e+00
2.684618554665870072e+00
2.665590365599437295e+00
2.660206277395043006e+00
2.667023261430652159e+00
2.685907207239533356e+00
2.714536513630928294e+00
2.751430601052117453e+00
2.794510459245497902e+00
2.843198519134344959e+00
2.889197217130329065e+00
2.930850736004201984e+00
2.959308380998180166e+00
2.968469615992261890e+00
2.959543819373109397e+00
2.921453466588671777e+00
2.858830435136608283e+00
2.769741150109905181e+00
2.658214289929186069e+00
2.532478872833117567e+00
2.401411819626309896e+00
2.267230423358729485e+00
2.146797436093978551e+00
2.051550394481467698e+00
1.994446157747049142e+00
1.985993622063830122e+00
2.031650785404537363e+00
2.127347246092229582e+00
2.240381507919014581e+00
2.331884185300372447e+00
2.376959011192203874e+00
2.367376371309324767e+00
2.323942461483771815e+00
2.262234361438078878e+00
2.187770269843372084e+00
2.112160576839515969e+00
2.040485386906312204e+00
1.979601619196131201e+00
1.930331221858408774e+00
1.901746022909405642e+00
1.890571342774789665e+00
1.899025070551046301e+00
1.928258172065993703e+00
1.978875634536222838e+00
2.048533803049779500e+00
2.133175984999654773e+00
2.227451470786508292e+00
2.319897689807139507e+00
2.407504607141567110e+00
2.481410799194669448e+00
2.542950814122058478e+00
2.597887229667571685e+00
2.645982223270204603e+00
2.688066683777175392e+00
2.724727120962991744e+00
2.753013104559553170e+00
2.772354814094879050e+00
2.780661318380989844e+00
2.778120372071310573e+00
2.765292854940039291e+00
2.743891804682231594e+00
2.715916361321969230e+00
2.679945549958413942e+00
2.637366370840831920e+00
2.592717122163429533e+00
2.541566198058867077e+00
2.489006816030361335e+00
2.435954503530800785e+00
2.381494925200334123e+00
2.327314296640669689e+00
2.275511297644531528e+00
2.225836184720538125e+00
2.180246374636456430e+00
2.138896243440656875e+00
2.103579891154752968e+00
2.070254930288187190e+00
2.043487673221549006e+00
2.020151855963689957e+00
2.002998233198908906e+00
1.989087699542963383e+00
1.978105542433922670e+00
1.971649762588711052e+00
1.964950795763825919e+00
1.962970133181826338e+00
1.960307593382309976e+00
1.961061592228602546e+00
1.960968012925149662e+00
1.961952085727701967e+00
1.962433691314898976e+00
1.966141696708404663e+00
1.967839833240489167e+00
1.969008680463872007e+00
1.972384687946401538e+00
1.974221107270849540e+00
1.976709601486873913e+00
1.976453301483786174e+00
1.979218957331056350e+00
1.979761955709690602e+00
1.983859179479978030e+00
1.986080644855576116e+00
1.987973092552792087e+00
1.992479204234982149e+00
1.997158169407626360e+00
2.000861406428981581e+00
2.007994891166077878e+00
2.014931084505448666e+00
2.023654821354725630e+00
2.032815460302288546e+00
2.045663243015198862e+00
2.059104092014323761e+00
2.074668058713442953e+00
2.091694127523199054e+00
2.108443630748227715e+00
2.129904285657916674e+00
2.153499979197976533e+00
2.177344820182898211e+00
2.202360892577277518e+00
2.228382495448886669e+00
2.257411153007883087e+00
2.285765085907588645e+00
2.314860500676691579e+00
2.343898694979988928e+00
2.371264382751510524e+00
2.400747227757838775e+00
2.427965095992695943e+00
2.453532511416973261e+00
2.480904755700201303e+00
2.505115569247671203e+00
2.527285519514741896e+00
2.548309868372663267e+00
2.567202158832807335e+00
2.584082792291974240e+00
2.598476123628154166e+00
2.610416723539438877e+00
2.620674684128127652e+00
2.628821447947197854e+00
2.636022285940919474e+00
2.640797214603092247e+00
2.643177228352693309e+00
2.643930035105948040e+00
2.642593698810780101e+00
2.638469056900627052e+00
2.633207754279107249e+00
2.626872971877213914e+00
2.619381263182313901e+00
2.610583616564705167e+00
2.600903821099259883e+00
2.588580559322900765e+00
2.577809998728036511e+00
2.566381402776408471e+00
2.553406066108473205e+00
2.539788191293262276e+00
2.524186673663458169e+00
2.511572541185920215e+00
2.498405277538928715e+00
2.483049331074873134e+00
2.469528611842228383e+00
2.454791957711214945e+00
2.441019706847632698e+00
2.428461006696344349e+00
2.406039524798336604e+00
2.399970579143831717e+00
2.386111901535022284e+00
2.375929042807703340e+00
2.363587899635779976e+00
2.351967972751614067e+00
2.340256254703552141e+00
2.331662455995375804e+00
2.321710267270835182e+00
2.313121832981328119e+00
2.303186929605833377e+00
2.295987879751667737e+00
2.289960657353479423e+00
2.285115395202087729e+00
2.281621966555352987e+00
2.277442488365470030e+00
2.274784120891585548e+00
2.272835048775082800e+00
2.269966276880059031e+00
2.270288738046734256e+00
2.269697459900076542e+00
2.273573550411886135e+00
2.276189002536416428e+00
2.279515538157884880e+00
2.284252319842853485e+00
2.288620744779198635e+00
2.296577965805287835e+00
2.302648103552830783e+00
2.312184251807242852e+00
2.320071139344112687e+00
2.329674640855150525e+00
2.343400996136784098e+00
2.357610149098652297e+00
2.370937749259203642e+00
2.386571453401023390e+00
2.400922465434368380e+00
2.416661073763498369e+00
2.431452564174242603e+00
2.448900633919314451e+00
2.467125948324912610e+00
2.484762964816447095e+00
2.504897416221787410e+00
2.522043886428342763e+00
2.540746038048987021e+00
2.559232420829823162e+00
