2.375428363731904469e+00
2.352024597170900844e+00
2.352015060426599913e+00
2.351179403207230845e+00
2.351520937862507932e+00
2.351749819725730273e+00
2.350060623891427891e+00
2.351563257165343312e+00
2.351144236462621162e+00
2.349335831324557144e+00
2.350277584824274069e+00
2.350652498084604414e+00
2.351448816233732142e+00
2.351821941354506063e+00
2.351959628100350752e+00
2.352426332524577557e+00
2.352590245317249806e+00
2.351473254141003277e+00
2.352701706016266936e+00
2.350994628786400309e+00
2.353323382535383868e+00
2.354148310917414388e+00
2.354589981387851250e+00
2.354872507437766327e+00
2.355496568142958491e+00
2.356400174665471692e+00
2.356620711877430718e+00
2.356034202102923469e+00
2.355987710474456431e+00
2.357087416301657523e+00
2.357993407010245956e+00
2.358086986313698841e+00
2.358742041437869030e+00
2.359949035638456039e+00
2.360116524710241137e+00
2.358863038881187091e+00
2.388171242257504545e+00
2.357973141428606478e+00
2.360275669130762921e+00
2.359608097029697760e+00
2.361228151467818392e+00
2.361941619150831784e+00
2.361147685187779288e+00
2.362931652418572170e+00
2.362052483803330105e+00
2.361926717987861579e+00
2.363181991956471606e+00
2.364013476850209017e+00
2.363309545911496556e+00
2.365423722913709170e+00
2.365954204315448450e+00
2.367638631777600366e+00
2.366751714557613795e+00
2.366183682225189600e+00
2.365792079662332625e+00
2.367056294328724775e+00
2.367452665263732214e+00
2.368630453184897178e+00
2.369053646213250985e+00
2.369392796682452840e+00
2.369081064353116162e+00
2.370516344370406259e+00
2.356572432109407256e+00
2.357231063512690294e+00
2.354033273939284410e+00
2.368518396439361240e+00
2.370551511115015941e+00
2.371448561125822252e+00
2.372049972063299705e+00
2.372239514856280707e+00
2.372207328344265065e+00
2.372670456489379021e+00
2.372991725563016630e+00
2.373404189754031890e+00
2.372748538583342892e+00
2.372900530445638978e+00
2.372040435318998775e+00
2.373668238361863914e+00
2.373840495805799478e+00
2.372460648114758541e+00
2.374693438374213983e+00
2.374992057680136881e+00
2.374776288840328320e+00
2.373969241853862044e+00
2.373786851619106741e+00
2.373085900912988322e+00
2.373125239983229662e+00
2.375021860006077290e+00
2.374623104884994618e+00
2.374711915816297036e+00
2.373549625104621086e+00
2.375065371401950287e+00
2.446171336909691796e+00
2.374227926043024794e+00
2.374149843949060923e+00
2.373423263242633752e+00
2.374877020702006902e+00
2.373285576496789062e+00
2.374485418139149928e+00
2.373478099522364104e+00
2.375181600473117882e+00
2.374792382096336141e+00
2.372345611136628563e+00
2.370360776228997324e+00
2.372817679979524641e+00
2.374564692326151416e+00
2.374857947213405041e+00
2.373342796962594647e+00
2.374903246748834462e+00
2.374548599070143595e+00
2.372681185326717568e+00
2.373429819754340642e+00
2.371796056246287421e+00
2.373417302777445670e+00
2.373861357433957764e+00
2.373963281388673963e+00
2.372664496024190939e+00
2.373801156735558138e+00
2.372547670906504536e+00
2.373484656034070994e+00
2.373329087892662059e+00
2.372427865556224091e+00
2.372640654163438612e+00
2.371589824150779791e+00
2.371909901131379783e+00
2.371661349733036772e+00
2.373033448819333202e+00
2.371611877871975693e+00
2.372941657655436742e+00
2.372862979514954063e+00
2.371658965546961539e+00
2.370551511115015941e+00
2.371051594144296004e+00
2.372502371371075114e+00
2.372307464159424839e+00
2.370965763445587626e+00
2.371233984379051307e+00
2.372402831602434148e+00
2.371678635082082209e+00
2.370255872041687084e+00
2.370702310884274411e+00
2.370279117855920603e+00
2.371663733919112005e+00
2.370507999719142944e+00
2.370656415302326181e+00
2.370013281108532155e+00
2.371700092756759304e+00
2.370220705297077401e+00
2.397279429111412785e+00
2.369357629937843157e+00
2.369799896454798827e+00
2.371553465313132492e+00
2.371486708103025975e+00
2.371099873912319467e+00
2.370407863903983170e+00
2.371539160196681095e+00
2.370041295294916139e+00
2.369606777382704976e+00
2.369067951329702382e+00
2.369573398777651718e+00
2.370740457861478134e+00
2.371310874379977562e+00
2.369591280173215964e+00
2.369326039472346324e+00
2.370000764131637183e+00
2.371310874379977562e+00
2.371509357870740686e+00
2.370457931811563057e+00
2.370491310416616315e+00
2.370744034140590983e+00
2.369844599943709440e+00
2.371290012751819276e+00
2.371343060891993204e+00
2.371359750194519833e+00
2.370035930876246866e+00
2.370042487387953756e+00
2.370589062045700857e+00
2.370267792972063248e+00
2.369470282729897903e+00
2.370888277398142563e+00
2.371256634146766018e+00
2.371185704611027845e+00
2.372594162534971574e+00
2.371629759267539939e+00
2.371737643687444219e+00
2.371122523680034178e+00
2.369239612727119138e+00
2.371249481588540320e+00
2.371209546471780172e+00
2.370100899946796957e+00
2.370190306924618184e+00
2.371360346241038641e+00
2.370613499952971992e+00
2.373297497427165226e+00
2.370841189723156717e+00
2.370979472515520214e+00
2.371068283446822633e+00
2.370388194368862500e+00
2.370175405761647980e+00
2.370198651575881499e+00
2.371565386243508655e+00
2.371857449037724663e+00
2.372077390203164882e+00
2.370004340410750032e+00
2.370943709724391724e+00
2.371442600660634170e+00
2.370702906930793219e+00
2.370646282511506442e+00
2.370824500420630088e+00
2.371790691827618147e+00
2.371191069029697118e+00
2.372402235555915340e+00
2.371838971595641610e+00
2.370230838087897141e+00
2.371819898107039748e+00
2.370967551585144051e+00
2.370907350886744425e+00
2.371299549496120207e+00
2.372347995322703795e+00
2.371551677173576067e+00
2.371887847410183880e+00
2.373835131387130204e+00
2.372216865088565996e+00
2.371944471829470658e+00
2.371944471829470658e+00
2.373165175099989810e+00
2.372849866491540283e+00
2.372423693230592434e+00
2.373250409752179380e+00
2.372198983693001750e+00
2.373490020452740268e+00
2.372960135097519796e+00
2.373113319052853498e+00
2.372457071835645692e+00
2.371839567642160418e+00
2.371907516945304550e+00
2.371952816480733972e+00
2.374896094190608764e+00
2.373753473014053483e+00
2.373358294172083660e+00
2.373161598820876961e+00
2.371323391356872534e+00
2.371188684843621886e+00
2.373330279985699676e+00
2.373101398122477335e+00
2.373558565802403209e+00
2.373190805100298562e+00
2.371663137872593197e+00
2.372275873693928006e+00
2.373131796494936552e+00
2.372831985095976037e+00
2.372042223458555199e+00
2.373038813238002476e+00
2.372958943004482180e+00
2.373164579053471002e+00
2.371878906712401758e+00
2.371661945779555580e+00
2.371740623920038260e+00
2.371407433916024488e+00
2.372328921834101934e+00
2.372244283228431172e+00
2.372296139275567484e+00
2.372994705795610670e+00
2.372606679511866545e+00
2.371046229725626731e+00
2.372226401832866927e+00
2.372579857418520177e+00
2.372384354160351094e+00
2.371856256944687047e+00
2.369942947619312790e+00
2.371312066473015179e+00
2.371926590433906412e+00
2.370975300189888557e+00
2.371601745081155954e+00
2.371772214385535094e+00
2.371210142518298980e+00
2.369976922270884856e+00
2.370925232282308670e+00
2.368273421320131078e+00
2.368740125744357883e+00
2.370425745299547415e+00
2.368460579927036846e+00
2.368641182022235725e+00
2.370189710878099376e+00
2.368381901786554167e+00
2.369424983194468481e+00
2.367703004801631650e+00
2.366554423159888287e+00
2.368451043182735916e+00
2.368486209927345598e+00
2.367192192935013040e+00
2.366971655723054013e+00
2.367962285037313208e+00
2.366726084557305043e+00
2.367575450846606699e+00
2.366444154553908774e+00
2.366287394319462223e+00
2.366132422224572096e+00
2.365094109188808247e+00
2.365190072678336364e+00
2.364502234995631724e+00
2.364399118947877909e+00
2.363977118012561718e+00
2.363626046612983700e+00
2.364741845696192613e+00
2.362780852649313701e+00
2.363598032426599715e+00
2.364049835687856316e+00
2.363888307081259299e+00
2.363480611262394504e+00
2.363194508933366578e+00
2.363522334518711077e+00
2.361842675428709626e+00
2.362936420790722636e+00
2.360591573785731256e+00
2.360918207278038139e+00
2.361491604029131608e+00
2.360649390298055650e+00
2.361452861005409076e+00
2.360403223085787872e+00
2.359875125870123824e+00
2.361110730303613181e+00
2.359704656565744685e+00
2.360286994014620277e+00
2.357964796777343164e+00
2.360029501918495143e+00
2.358602566552467916e+00
2.358943505161226195e+00
2.359683198891067590e+00
2.359937114708079875e+00
2.360137386338399423e+00
2.360078377733037414e+00
2.358004135847584504e+00
2.358821315624870518e+00
2.358703894460665307e+00
2.359071059116251146e+00
2.358030957940930872e+00
2.359462661679108564e+00
2.358169240733294370e+00
2.359797639822678761e+00
2.357910556544131619e+00
2.358033342127006105e+00
2.359074039348845186e+00
2.358638329343596407e+00
2.359279675397834009e+00
2.359856648428040771e+00
2.358247322827258241e+00
2.359742803542948408e+00
2.359826250055581554e+00
2.360425872853502582e+00
2.359779758427114515e+00
2.358404083061704792e+00
2.358219904687393065e+00
2.358969731208053755e+00
2.359318418421556540e+00
2.359283847723465666e+00
2.359544916098704093e+00
2.361100001466274634e+00
2.360106987965940206e+00
2.361662669380029556e+00
2.360256595642161059e+00
2.359813137032167774e+00
2.361951155895132715e+00
2.362302227294710733e+00
2.362863107068909230e+00
2.361929102173936812e+00
2.363484783588026161e+00
2.363958640570478664e+00
2.362335605899763991e+00
2.363779230568317402e+00
2.362414880086765478e+00
2.363479419169356888e+00
2.364605947089904348e+00
2.365311666168173232e+00
2.365761085243354600e+00
2.365805788732265214e+00
2.364578528950039171e+00
2.365331931749812711e+00
2.364909930814496519e+00
2.365786119197144544e+00
2.364831252674013840e+00
2.367139740841357920e+00
2.367489024101379513e+00
2.366366668506463711e+00
2.368082686434112460e+00
2.367075963863845445e+00
2.368787809465862537e+00
2.367515250148207073e+00
2.368389054344779865e+00
2.368815823652246522e+00
2.368747874349102389e+00
2.369670554360217452e+00
2.370073481806931781e+00
2.368797346210163468e+00
2.370782181117794707e+00
2.370865627630427852e+00
2.369867249711424151e+00
2.370881124839916865e+00
2.370586677859625624e+00
2.369886919246544821e+00
2.371635719732728020e+00
2.371510549963778303e+00
2.372034474853810693e+00
2.371067091353785017e+00
2.372373029276493739e+00
2.373017355563325381e+00
2.388864444358878458e+00
2.372071429737976800e+00
2.371311470426496371e+00
2.372879668817480692e+00
2.373116895331966347e+00
2.373219415333201354e+00
2.371993943690531736e+00
2.373514458360011403e+00
2.373732015339376389e+00
2.373865529759589421e+00
2.372875496491849034e+00
2.371793076013693380e+00
2.373410150219219972e+00
2.374222561624355521e+00
2.372687741838424458e+00
2.372601911139716080e+00
2.374387666510065387e+00
2.372956558818406947e+00
2.373848244410543984e+00
2.371213718797411829e+00
2.370266004832506823e+00
2.372260376484438993e+00
2.374289318834462037e+00
2.372610851837498203e+00
2.374078318366803941e+00
2.374313756741733172e+00
2.372815891839968216e+00
2.372707411373545128e+00
2.371915861596567865e+00
2.373072787889574542e+00
2.373193189286373794e+00
2.371656581360886307e+00
2.371722146477955206e+00
2.373127624169304895e+00
2.373823806503272849e+00
2.371864601595950361e+00
2.371654197174811074e+00
2.371476575312206236e+00
2.372184082530031546e+00
2.371056958562965278e+00
2.372356936020485918e+00
2.371503993452071413e+00
2.372641846256476228e+00
2.372250243693619254e+00
2.372722908583034140e+00
2.372192427181294860e+00
2.372162624855354451e+00
2.371362134380595066e+00
2.370232030180934757e+00
2.371726914850105672e+00
2.371749564617820383e+00
2.371545120661869177e+00
2.370842977862713141e+00
2.370153352040452077e+00
2.371134444610410341e+00
2.369572206684614102e+00
2.369891091572176478e+00
2.370221897390115018e+00
2.369447036915664384e+00
2.370486542044465850e+00
2.370193883203731033e+00
2.370664163907070687e+00
2.370373889252411104e+00
2.370199247622400307e+00
2.369705721104827134e+00
2.368827148536103877e+00
2.367376371309324767e+00
2.369178219935681895e+00
2.369175835749606662e+00
2.369615122033968291e+00
2.369430347613137755e+00
2.367510481776056608e+00
2.367863341315191050e+00
2.367173119446411178e+00
2.369479819474198834e+00
2.368013545037930712e+00
2.368274017366649886e+00
2.368293090855251748e+00
2.366769595953178040e+00
2.366543098276030932e+00
2.368293686901770556e+00
2.368095799457526240e+00
2.368099971783157898e+00
2.367250009447337433e+00
2.366711183394334839e+00
2.367106362236304662e+00
2.367094441305928498e+00
2.367006822467663696e+00
2.366907282699022730e+00
2.367167755027741904e+00
2.365762277336392216e+00
2.365898771989199290e+00
2.366619392230438379e+00
2.365629955009216800e+00
2.365279479656157591e+00
2.364874764069886837e+00
2.366315408505846207e+00
2.366134806410647329e+00
2.366030498269855897e+00
2.365964933152786998e+00
2.366539521996918083e+00
2.365556045240884586e+00
2.365303321516909918e+00
2.364026589873622797e+00
2.364085002432465998e+00
2.364385409877945321e+00
