3.218748357146782535e+00
3.201128029957774679e+00
3.200588607858253276e+00
3.201791429733208183e+00
3.201163792748903170e+00
3.203152203935647702e+00
3.202804112768663281e+00
3.203493738590924789e+00
3.203260684402070790e+00
3.205668116291537029e+00
3.207322741427748536e+00
3.206705237234263262e+00
3.207384730265704587e+00
3.207272673520168649e+00
3.206752324909249108e+00
3.208763385863707907e+00
3.209442878895149232e+00
3.209615136339084795e+00
3.210571791001771924e+00
3.211296583568642671e+00
3.209939981691835253e+00
3.211624409153987170e+00
3.211226250079423306e+00
3.211757923574200202e+00
3.212693716608729044e+00
3.212705041492586400e+00
3.212953592890929411e+00
3.213503743827789361e+00
3.213737990109680975e+00
3.213650967317934981e+00
3.213183070800670560e+00
3.209568048664098949e+00
3.213422681501231448e+00
3.214055682904205735e+00
3.215118433847240720e+00
3.215176846406083921e+00
3.213810707784975573e+00
3.214171315928854522e+00
3.213802959180231067e+00
3.214076544532364021e+00
3.212060119159235949e+00
3.212241913347472444e+00
3.213161017079474657e+00
3.211212541009490717e+00
3.211357976360079913e+00
3.209516788663481446e+00
3.210927034726981599e+00
3.208707953537458746e+00
3.208053494459807364e+00
3.206535363976402930e+00
3.205782557223148199e+00
3.205035114888562742e+00
3.204824114420904646e+00
3.203907394874977665e+00
3.204305553949541530e+00
3.202429199508332935e+00
3.202331447879248394e+00
3.201822424152186208e+00
3.199657583195874899e+00
3.199364328308621275e+00
3.200680995068668544e+00
3.198842787604664117e+00
3.198249721318449978e+00
3.197940969221707341e+00
3.197482609448743851e+00
3.197553538984482024e+00
3.197308563865251863e+00
3.196443700366461194e+00
3.195555591053437006e+00
3.196441912226904769e+00
3.196005010128618373e+00
3.196079515943469396e+00
3.195642613845183000e+00
3.195500754773706653e+00
3.194634699181878368e+00
3.195593738030640729e+00
3.193110012186767044e+00
3.192705892647015098e+00
3.192997359394712298e+00
3.193859242660908926e+00
3.191983484266219584e+00
3.191555522865715311e+00
3.191230677512964853e+00
3.189005635858253918e+00
3.188785694692813699e+00
3.188267730267969391e+00
3.187432073048600323e+00
3.188871525391522077e+00
3.188810132600084835e+00
3.186415813734032376e+00
3.186160109777463667e+00
3.186068318613567207e+00
3.185413859535915826e+00
3.185022256973058852e+00
3.184361241383700580e+00
3.183746717422809347e+00
3.183938644401865581e+00
3.182521841826658537e+00
3.183177492997347535e+00
3.183316967882748649e+00
3.183576844164949016e+00
3.183418295790946040e+00
3.182739398806023523e+00
3.182246468334969158e+00
3.182254216939713665e+00
3.181226036694769554e+00
3.183464191372894270e+00
3.183551810211159072e+00
3.183636448816829834e+00
3.183960102076542675e+00
3.184698007666827202e+00
3.184328458825166130e+00
3.184626482084570220e+00
3.185155175346753076e+00
3.185840032796863674e+00
3.186605356527013377e+00
3.187631152585882255e+00
3.187750361889643891e+00
3.188518069805868826e+00
3.189680360517544777e+00
3.189189218186046837e+00
3.189724467959936582e+00
3.192404889155016967e+00
3.192635559157795733e+00
3.193399094748389011e+00
3.194489263831289172e+00
3.196621918275584839e+00
3.196198725247231032e+00
3.197533273402842546e+00
3.197431349448126348e+00
3.197656058985717031e+00
3.199120545282428729e+00
3.198449992948769527e+00
3.200177335760275632e+00
3.201494002520322901e+00
3.201934480897722146e+00
3.202820802071189910e+00
3.202886963234777618e+00
3.202655101138961236e+00
3.202029252294212647e+00
3.202832723001566073e+00
3.203375125333681961e+00
3.203478837427954584e+00
3.204082632551507270e+00
3.204331183949850281e+00
3.204229856041652891e+00
3.205003524423065908e+00
3.205389166520734801e+00
3.204431319765010056e+00
3.204645300465262192e+00
3.205684209547544850e+00
3.206077004203439440e+00
3.206147337692658805e+00
3.206577683279238311e+00
3.207642222361829720e+00
3.207939053528196194e+00
3.208169127484456151e+00
3.207991505621851314e+00
3.208443308883107914e+00
3.209302807963229309e+00
3.210317279138240831e+00
3.211360956592673954e+00
3.211132074729451613e+00
3.211665536363784934e+00
3.212855245215326061e+00
3.213671828946093267e+00
3.211968924041858298e+00
3.213311816848733127e+00
3.215445663386066411e+00
3.214375163838286920e+00
3.213007833124140955e+00
3.215360428733876841e+00
3.215576793620204210e+00
3.217606928063264871e+00
3.215760971994515938e+00
3.215476657805044436e+00
3.215274001988649655e+00
3.216696765029044780e+00
3.216419603397798976e+00
3.218416955282325187e+00
3.218311455048496139e+00
3.219139959709639509e+00
3.219600703668678232e+00
3.218814518310370243e+00
3.217368509455741599e+00
3.219774153205651412e+00
3.220018532278362766e+00
3.221592095088016361e+00
3.219896938788525897e+00
3.221590902994978745e+00
3.222386029051068856e+00
3.222511794866537382e+00
3.222365167422910570e+00
3.222008135558144470e+00
3.222617295100366430e+00
3.223547127669707191e+00
3.224184301398313135e+00
3.224487093029867690e+00
3.224109795583462112e+00
3.224712994660495990e+00
3.225302484667597280e+00
3.224607494426666943e+00
3.224752333730737330e+00
3.225134399549293374e+00
3.225124266758473635e+00
3.225604084206114219e+00
3.226012376071497822e+00
3.225751903742778648e+00
3.226594713520373414e+00
3.227890518652262397e+00
3.225304868853672513e+00
3.224530008379221879e+00
3.226070788630341024e+00
3.226292517935337667e+00
3.226027873280986835e+00
3.225534942809932470e+00
3.225158837456564509e+00
3.225050356990141420e+00
3.223623421624114638e+00
3.223318841853003658e+00
3.222246554165667742e+00
3.221970584627459555e+00
3.222542193238996600e+00
3.222378280446324350e+00
3.222608354402584308e+00
3.220646765309186588e+00
3.220648553448743012e+00
3.218899752962559813e+00
3.217353608292771394e+00
3.215299035942439598e+00
3.216407682467422813e+00
3.214918758263439980e+00
3.213355924291124932e+00
3.212729479399857535e+00
3.212671662887533142e+00
3.211621428921393129e+00
3.210313106812609174e+00
3.209212804938889274e+00
3.205564404197264405e+00
3.205833817223765703e+00
3.205651426989010400e+00
3.204359198136234266e+00
3.203295851146680473e+00
3.202649140673773154e+00
3.201666259964258465e+00
3.199991369246407480e+00
3.199079418072630965e+00
3.196900868046387068e+00
3.195991897105204593e+00
3.194721721973624362e+00
3.194973849651080222e+00
3.194901728022304432e+00
3.192697547995751783e+00
3.191842221241262045e+00
3.190384887502776046e+00
3.188674233993796570e+00
3.185275576743552328e+00
3.186812184669039816e+00
3.186306737221090479e+00
3.185393593954276348e+00
3.185024641159134084e+00
3.183323524394455539e+00
3.181802413678457064e+00
3.179619095280062702e+00
3.179936192028068653e+00
3.177219411995340970e+00
3.176595947336667614e+00
3.175922414770414370e+00
3.175434848718029279e+00
3.174729129639760394e+00
3.173271199854755587e+00
3.171405574250885540e+00
3.171688696347319425e+00
3.168835421661784668e+00
3.167520543041293823e+00
3.166532297913109861e+00
3.165208478594836894e+00
3.164544482772884582e+00
3.164088507185996324e+00
3.161781211111689860e+00
3.160791773890468281e+00
3.159629483178792331e+00
3.155780810806847914e+00
3.153809088922630455e+00
3.151273507031620458e+00
3.153348344963591732e+00
3.151430863312585817e+00
3.149854916316856990e+00
3.147355693263494292e+00
3.146193998598337149e+00
3.144341486017881326e+00
3.142025249245792740e+00
3.139512317122497009e+00
3.138269560130781954e+00
3.136533872668012535e+00
3.134398237991122826e+00
3.131997362613363478e+00
3.130757585854242464e+00
3.127447143488781833e+00
3.126473799523568076e+00
3.123309388555215449e+00
3.120794668292363738e+00
3.121049180155894831e+00
3.118169083377013706e+00
3.116487040100937023e+00
3.114517106356275988e+00
3.112746848195415694e+00
3.111139906780708841e+00
3.108956588382314035e+00
3.106184972069855998e+00
3.102550876444682526e+00
3.101868999227165968e+00
3.099679720363583524e+00
3.099807274318608474e+00
3.098382723138656925e+00
3.095816742875187710e+00
3.094533454720193699e+00
3.090007673502883190e+00
3.089345465820487302e+00
3.086797366952582333e+00
3.085245857864124641e+00
3.083427915981759693e+00
3.081997404336620061e+00
3.080600867343052496e+00
3.078347811501957576e+00
3.075448045187955337e+00
3.072778948876732308e+00
3.069678910932410965e+00
3.066373236939100799e+00
3.064398534822289299e+00
3.061898715722407793e+00
3.059357173366209715e+00
3.055965668674191171e+00
3.053056961662407254e+00
3.050635224656489619e+00
3.045713072504171226e+00
3.043964272017988026e+00
3.040143017785908786e+00
3.036885623560622083e+00
3.034019831898192354e+00
3.031462792332505263e+00
3.028096321594276663e+00
3.025253775746080454e+00
3.022365930362454822e+00
3.018819453575546152e+00
3.015895249354273222e+00
3.011388541625564130e+00
3.009480596718859147e+00
3.008197308563865136e+00
3.005234361318869674e+00
3.002019286396418352e+00
3.000788450335079460e+00
2.998106241000442651e+00
2.995678543529336935e+00
2.991963385577605550e+00
2.990092395555066673e+00
2.988723276701364284e+00
2.988145707624639158e+00
2.986701486909566938e+00
2.984725592699717822e+00
2.983955500597417210e+00
2.982457039649133446e+00
2.981378791496609448e+00
2.980313656367499231e+00
2.977593896102177506e+00
2.978257891924129819e+00
2.976200935387722790e+00
2.976428029111388707e+00
2.974445578389832701e+00
2.975432631424979046e+00
2.975185868166192460e+00
2.975072619327618906e+00
2.973736283032450967e+00
2.972572204181218591e+00
2.973138448374086362e+00
2.972426172784110587e+00
2.974790093277703829e+00
2.974973675605496748e+00
2.973757740707128061e+00
2.972797509765328083e+00
2.974035498384892673e+00
2.973946687453590254e+00
2.973505016983153393e+00
2.974499222576525437e+00
2.975075599560212947e+00
2.974053379780456918e+00
2.974747773974868448e+00
2.975509521425905302e+00
2.975579854915124667e+00
2.977567670055349947e+00
2.976535317484774179e+00
2.975957748408049053e+00
2.975429055145866197e+00
2.975817081429610322e+00
2.975709793056224850e+00
2.975812909103978665e+00
2.975650188404344032e+00
2.973832842568497892e+00
2.973623630240396221e+00
2.974041458850080755e+00
2.973634955124253576e+00
2.973817345359008879e+00
2.973569986053703484e+00
2.973430511168302370e+00
2.973745223730233089e+00
2.972932812325097540e+00
2.972956654185849867e+00
2.972375508830011892e+00
2.972414847900253232e+00
2.969752904147255901e+00
2.970288749967664454e+00
2.969961520428838764e+00
2.969677802285886070e+00
2.969147916930665598e+00
2.969009038091783292e+00
2.969282623443916247e+00
2.968655582506130042e+00
2.967577334353606044e+00
2.965997215032245560e+00
2.966491933642856349e+00
2.966235037593250023e+00
2.966519947829240333e+00
2.964609022689941309e+00
2.963031287554656057e+00
2.962427492431103371e+00
2.962311859406454584e+00
2.961449380093739148e+00
2.960270996126055376e+00
2.961169834276418111e+00
2.959832901934731364e+00
2.958951945179932874e+00
2.958268279822859892e+00
2.956517691197120268e+00
2.957365269346865500e+00
2.955772037002091235e+00
2.955123538389627935e+00
2.953558320231237655e+00
2.953440303020513635e+00
2.953960651631433176e+00
2.955127710715259592e+00
2.952669614871694215e+00
2.951849454861814159e+00
2.952887767897578009e+00
2.952046746259539667e+00
2.952753061384327360e+00
2.950638288335595938e+00
2.951304668343623483e+00
2.952115291609202608e+00
2.952358478588876345e+00
2.952129000679135196e+00
2.954885119782104663e+00
2.952981943247549701e+00
2.954486364661021991e+00
2.952921742549150075e+00
2.952481264171750830e+00
2.953122014179469623e+00
2.953973168608328148e+00
2.953129166737695765e+00
2.954081053028232429e+00
2.955151552576011920e+00
2.955514544905966101e+00
2.955021614434911736e+00
2.953275198134803770e+00
2.951858991606115090e+00
2.954287881170258867e+00
2.954705709779943401e+00
2.954030389074133733e+00
2.954038137678878240e+00
2.954437488846479720e+00
2.952632659987528108e+00
2.951875084862122911e+00
2.951483482299265937e+00
2.949415200879001553e+00
2.949101084363589642e+00
2.948077672490795997e+00
2.947452419692566217e+00
2.945977204558515972e+00
2.943984621046140226e+00
2.944382184074185282e+00
2.943788521741452335e+00
2.940726034727815907e+00
2.937559835619906856e+00
2.937267772825690848e+00
2.935867659553010434e+00
2.933337442080669710e+00
2.932674042305236206e+00
2.932315818347432490e+00
2.931935540668432871e+00
2.929813615061475751e+00
2.927050343400281029e+00
2.924811592675637506e+00
2.924918285002504170e+00
2.922709932650319864e+00
2.922864308698691183e+00
2.922264685900770154e+00
2.921345582168767496e+00
2.920626750067084831e+00
2.919298162376661399e+00
2.918343891900049503e+00
2.915706982100842115e+00
2.918027391198562359e+00
2.917844404917288248e+00
2.915911426056793321e+00
2.915590753029674520e+00
2.915681352100533363e+00
2.915674199542307665e+00
2.914146532314602300e+00
2.913235177187344593e+00
2.913673867425187414e+00
2.912863244159608289e+00
2.911847580891559151e+00
2.910850395065593066e+00
