2.403332281509909851e+00
2.374722644653635584e+00
2.364764495463907323e+00
2.355957312101997214e+00
2.354160231847790552e+00
2.357214374210163665e+00
2.362494750320285775e+00
2.366532965485211193e+00
2.364312692202650723e+00
2.367393060611851396e+00
2.367479487357078582e+00
2.362039966826435133e+00
2.350945156925339230e+00
2.345367949648851091e+00
2.344524543824737517e+00
2.350118440403752285e+00
2.359115762605161759e+00
2.363535447542124857e+00
2.362743897765147594e+00
2.356891316996969632e+00
2.347989958285088274e+00
2.342277448448830679e+00
2.340547721451249341e+00
2.349222582485983590e+00
2.356046719079818441e+00
2.359651012379051949e+00
2.370474025067570878e+00
2.354770583483050128e+00
2.350204867148979471e+00
2.353549880212530976e+00
2.355720681634030367e+00
2.355572862097365938e+00
2.355351728838888103e+00
2.352639121131792077e+00
2.349754255980760487e+00
2.348918002714872610e+00
2.350848001342773497e+00
2.356674952110642263e+00
2.362007184267900683e+00
2.365655585009525552e+00
2.366491242228894620e+00
2.363870425685695054e+00
2.361008806348896982e+00
2.355327290931616968e+00
2.353460473234709749e+00
2.352123540893023002e+00
2.351504844606500111e+00
2.359499616563274671e+00
2.363275571259924490e+00
2.366218252923280474e+00
2.370773240420012584e+00
2.370847746234863607e+00
2.367825790384506135e+00
2.367583795497870014e+00
2.363998575687238812e+00
2.362421436598472368e+00
2.364496274530443642e+00
2.365671678265533373e+00
2.366787477348742286e+00
2.367822214105393286e+00
2.369640155987758234e+00
2.368778868768080414e+00
2.369090005050898284e+00
2.368791385744975386e+00
2.367966457362944865e+00
2.369277163657804053e+00
2.369651480871615590e+00
2.370007916689862881e+00
2.368890925513616352e+00
2.370250507623017810e+00
2.368818803884840563e+00
2.369718238081722106e+00
2.367438360147280818e+00
2.367498560845680444e+00
2.366283818040349374e+00
2.366810127116456997e+00
2.366484089670668922e+00
2.366343422692230192e+00
2.365877314314522195e+00
2.364547534531061146e+00
2.365303321516909918e+00
2.364926024070504340e+00
2.366159244317918464e+00
2.365655585009525552e+00
2.368529721323218595e+00
2.367353125495091248e+00
2.369069143422739998e+00
2.368357463879283031e+00
2.369961425061395843e+00
2.368681117138995873e+00
2.369524522963109447e+00
2.369069143422739998e+00
2.368947549932903129e+00
2.367423458984310614e+00
2.368917151560443912e+00
2.367070003398657363e+00
2.367399617123558286e+00
2.367573662707050275e+00
2.367533131543771319e+00
2.366478725251999649e+00
2.364367528482381076e+00
2.364839597325277154e+00
2.364541574065873064e+00
2.365027351978701731e+00
2.364415808250404538e+00
2.363652868706330068e+00
2.362560315437354674e+00
2.363051457768852615e+00
2.362131757990331593e+00
2.361722274031910374e+00
2.360382361457629585e+00
2.358170432826331986e+00
2.359289212142134939e+00
2.358526868644579277e+00
2.357629222587254159e+00
2.355124635115222187e+00
2.355517429771116777e+00
2.354687136970416983e+00
2.352713030900124291e+00
2.350081485519586177e+00
2.350662630875424153e+00
2.350749057620651339e+00
2.350710314596928807e+00
2.352264803917980540e+00
2.351197284602795090e+00
2.352859658343751104e+00
2.352950257414609947e+00
2.376072690018736111e+00
2.356568855830294407e+00
2.356667203505897756e+00
2.359975857731802407e+00
2.360244674711784896e+00
2.362620516135754301e+00
2.363378091261159497e+00
2.364324017086508078e+00
2.363149209397937156e+00
2.364468260344059658e+00
2.361229939607374817e+00
2.361865325196424337e+00
2.362373752876967714e+00
2.360277457270319346e+00
2.357789559100813559e+00
2.357756776542279109e+00
2.357253713280405005e+00
2.357471866306288799e+00
2.357130331651011712e+00
2.355207485581336524e+00
2.356382889316426255e+00
2.358412427712968107e+00
2.361280007514954704e+00
2.360027713778938718e+00
2.361619157984156558e+00
2.361289544259255635e+00
2.359527034703139847e+00
2.357500476539191592e+00
2.353270930441728748e+00
2.353460473234709749e+00
2.351022642972784293e+00
2.350626868084295662e+00
2.351488155303973482e+00
2.353048009043694488e+00
2.356216592337678772e+00
2.359295768653841829e+00
2.360103411686827357e+00
2.362352891248809428e+00
2.358829064229615025e+00
2.358004135847584504e+00
2.353052777415844954e+00
2.350135129706278914e+00
2.346954029435399658e+00
2.343846838932852616e+00
2.344732564059801572e+00
2.347764652700978782e+00
2.353697699749195404e+00
2.358500642597751717e+00
2.363877578243920752e+00
2.366433425716570227e+00
2.365158482212839530e+00
2.360647602158499225e+00
2.356247586756656798e+00
2.353427690676175299e+00
2.352098506939233058e+00
2.352562231130865822e+00
2.354133409754444184e+00
2.357625646308141310e+00
2.359897775637838535e+00
2.360422296574389733e+00
2.358099503290593812e+00
2.357841415147949871e+00
2.355329079071173393e+00
2.357471270259769991e+00
2.356134337918083244e+00
2.355065030463341369e+00
2.354888600693774148e+00
2.350306791103695669e+00
2.350091022263887108e+00
2.351089400182890810e+00
2.353224438813261710e+00
2.359107417953898445e+00
2.360826416114141679e+00
2.361661477286991939e+00
2.356989068626054173e+00
2.350796145295637185e+00
2.345242183833382565e+00
2.347744983165858113e+00
2.354764623017862046e+00
2.364618464066799319e+00
2.368706151092785817e+00
2.366098447573000030e+00
2.359395904469002048e+00
2.350087445984774259e+00
2.345622461512382184e+00
2.353275102767360405e+00
2.364954634303407133e+00
2.371684595547270291e+00
2.373507305801785705e+00
2.367528363171620853e+00
2.361510081471214662e+00
2.362029834035615394e+00
2.364935560814805271e+00
2.366528793159579536e+00
2.363292856608969927e+00
2.362562699623429907e+00
2.367590352009576904e+00
2.377568766780944642e+00
2.380592510770858539e+00
2.371555253452688916e+00
2.357475442585401648e+00
2.363581343124073086e+00
2.370700522744717986e+00
2.385580228040245387e+00
2.386121438279323215e+00
2.372005864620907900e+00
2.357340736072151000e+00
2.359088344465296583e+00
2.374342963021154773e+00
2.384931729427782088e+00
2.376722976770755835e+00
2.364115400804925216e+00
2.368722244348793637e+00
2.378683969817634747e+00
2.371588036011223366e+00
2.356637997226476156e+00
2.357846183520100336e+00
2.385135577337214485e+00
2.396518277706894740e+00
2.373345777195188688e+00
2.339577357718629624e+00
2.346191089891325188e+00
2.386140511767925076e+00
2.403613019420268504e+00
2.375021263959558482e+00
2.340925614944173727e+00
2.349237483648953795e+00
2.383438632898167597e+00
2.389574335762779000e+00
2.369943543665831598e+00
2.354090494405089995e+00
2.361415906121242969e+00
2.369272991332172396e+00
2.363174243351727100e+00
2.372626945093506023e+00
2.386966632242993214e+00
2.369522734823553023e+00
2.330801764822216793e+00
2.340973894712197190e+00
2.393542217438485498e+00
2.406845975738284071e+00
2.351393979954001789e+00
2.320502080977211001e+00
2.359267158420939037e+00
2.400040912633051082e+00
2.376287862812025864e+00
2.338889520035924985e+00
2.349676173886796615e+00
2.372193023227813669e+00
2.358438057713276859e+00
2.348563355036181743e+00
2.375518366756244504e+00
2.376743838398914122e+00
2.340024392607735759e+00
2.340382020519020667e+00
2.394263433726243395e+00
2.389950441116146962e+00
2.321884312854327170e+00
2.333237210898067016e+00
2.389627383902952928e+00
2.384472177561780981e+00
2.322336116115583771e+00
2.352328580895493015e+00
2.403622556164569435e+00
2.354538721387233746e+00
2.295632636026458062e+00
2.371291800891375701e+00
2.434789828633049602e+00
2.344813626386359484e+00
2.265019090773950694e+00
2.362566275902542756e+00
2.447634631113365877e+00
2.361626906588901065e+00
2.273093136917726742e+00
2.337234298853194669e+00
2.426767638536410310e+00
2.389778183672211398e+00
2.319661059339172660e+00
2.316781558606810343e+00
2.358899397718834390e+00
2.403852034074310584e+00
2.390881465778525783e+00
2.315317072310098645e+00
2.300928509346069184e+00
2.393653678137502627e+00
2.436213187719963535e+00
2.328199425721100280e+00
2.278204831863025692e+00
2.384041831975201475e+00
2.432548097675812038e+00
2.332171479722437990e+00
2.303029573324868018e+00
2.396067070492156947e+00
2.394806432104877647e+00
2.309716023172858179e+00
2.344505470336135655e+00
2.429161957402462768e+00
2.353427690676175299e+00
2.261876137480275162e+00
2.360909266580256016e+00
2.483439145498173684e+00
2.357694191657804250e+00
2.220895555126137122e+00
2.329905310857929290e+00
2.505656183440230222e+00
2.407967139240162258e+00
2.233139542715494752e+00
2.276183042071228346e+00
2.445748739927856796e+00
2.448866063221223577e+00
2.319563307710088118e+00
2.275156053919321852e+00
2.349576038071636841e+00
2.394738482801733515e+00
2.399289297972833968e+00
2.367784663174708371e+00
2.335530797902440892e+00
2.290291463171417963e+00
2.335320989527820412e+00
2.464623148992437063e+00
2.440555982655999934e+00
2.292897974598166133e+00
2.184740565388270106e+00
2.344472091731082397e+00
2.558800883150206040e+00
2.491398750710338561e+00
2.224388983772871864e+00
2.101486575780698640e+00
2.344109099401128216e+00
2.624041750912875059e+00
2.554273313793339106e+00
2.225973275419864006e+00
2.036624197557472815e+00
2.244777947041743715e+00
2.588866661651928691e+00
2.655866462691600649e+00
2.374065801389908970e+00
2.054894811498500395e+00
2.086819659092385759e+00
2.419653823334434239e+00
2.632385210083151961e+00
2.558218545701330449e+00
2.300877845391970489e+00
2.084738264648707595e+00
2.151227849868279751e+00
2.424530675951323211e+00
2.576244184523127423e+00
2.514691056572324612e+00
2.344020288469825797e+00
2.178135773913356665e+00
2.159133810893751448e+00
2.334604541612212980e+00
2.499235570339628509e+00
2.507779301140224959e+00
2.425946286433492638e+00
2.322774806353426591e+00
2.226305869377358970e+00
2.202062273271354620e+00
2.306248820572950997e+00
2.424646905022490806e+00
2.444118552698916425e+00
2.442386441515259854e+00
2.455885703073227955e+00
2.413180162093658598e+00
2.284602199149393886e+00
2.172751089662443569e+00
2.195690535985295178e+00
2.284261260540635607e+00
2.349583786676381347e+00
2.457890803562498672e+00
2.600890708075846103e+00
2.644533830229500726e+00
2.495931088439355960e+00
2.223598030042413409e+00
2.038405780602190465e+00
2.032723669138392086e+00
2.103646648364859484e+00
2.241208224440601526e+00
2.491861878855452517e+00
2.763252587706158891e+00
2.880441889815555712e+00
2.724196043514733656e+00
2.361304445422225839e+00
2.019683363399906728e+00
1.873156651634770853e+00
1.888274775537821748e+00
1.984460590417455483e+00
2.210096384298370520e+00
2.561927743187873752e+00
2.902418124964013746e+00
3.045812612272812192e+00
2.886882768497796903e+00
2.485010920168271298e+00
2.066632159546871073e+00
1.824301102674138919e+00
1.787239526181164440e+00
1.861745341032188028e+00
2.011808992839931420e+00
2.287185464761908538e+00
2.654645759421081497e+00
2.981360314054526395e+00
3.108330739537565446e+00
2.940851204496765625e+00
2.526536289040600014e+00
2.068664082129488158e+00
1.776662084658394480e+00
1.731029955271477183e+00
1.843736987559436269e+00
2.018941285483990544e+00
2.242175607940627202e+00
2.512793244456439368e+00
2.791503404558110635e+00
3.005512118996634285e+00
3.057290680085501755e+00
2.896002876282081306e+00
2.492840587239335548e+00
2.033401374030276987e+00
1.688593827318409346e+00
1.590600799393749210e+00
1.688818536856000030e+00
1.869574412056733692e+00
2.098981988308666669e+00
2.383318231501368345e+00
2.690364443107180925e+00
2.950197809958196693e+00
3.101488721548166350e+00
3.115361704273427179e+00
2.988325713673319228e+00
2.734576193639778552e+00
2.400188732169715511e+00
2.048868781193349697e+00
1.759267659100015146e+00
1.605068040498261572e+00
1.591940711968029998e+00
1.681415639092402436e+00
1.813091255794913259e+00
1.951858037931685219e+00
2.080871710881198933e+00
2.196949386233018053e+00
2.301904833543876983e+00
2.394700335824529791e+00
2.474940118186487847e+00
2.546869223936703452e+00
2.605952931160083974e+00
2.652804571724483029e+00
2.691575609633399147e+00
2.718823876240715531e+00
2.737159459252293203e+00
2.748744815438367795e+00
2.754438251786023528e+00
2.755958170408984387e+00
2.754199237131981448e+00
2.750058501965821023e+00
2.744207709337199930e+00
2.738862364156528173e+00
2.733325091996799738e+00
2.725103822362878514e+00
2.714723076191315254e+00
2.702403390694068541e+00
2.686065755613536332e+00
2.663568575807639949e+00
2.636936621300771222e+00
2.605151844638805780e+00
2.566550679987749994e+00
2.519756855935675777e+00
2.465075548300212471e+00
2.403403211045648025e+00
2.330963293428813810e+00
2.247991829871157421e+00
2.155546206897045014e+00
2.055327541271155134e+00
1.948332422772934835e+00
1.843320351042789351e+00
1.751126855746132804e+00
1.691197358512563476e+00
1.677814326025763192e+00
1.726690140568034826e+00
1.840301375425025920e+00
2.002651334124962546e+00
2.195750736683694804e+00
2.401437449626618648e+00
2.603152704614723145e+00
2.781946394675540279e+00
2.932790271376403801e+00
3.047168618103101245e+00
