2.366171761294813436e+00
2.323273101243150229e+00
2.371658369500442731e+00
2.415353347701233222e+00
2.377859637482123034e+00
2.290371929451457067e+00
2.258725435581855123e+00
2.301689660750587230e+00
2.368204279923949329e+00
2.425525477591214063e+00
2.443113022221687025e+00
2.402847695690118801e+00
2.326766529889884971e+00
2.268530996862768934e+00
2.275962504859269320e+00
2.355309409536052723e+00
2.441770725461331004e+00
2.429084471355017705e+00
2.334068695791804426e+00
2.265306385196016237e+00
2.282383117959871033e+00
2.367206498051464436e+00
2.462331946174138420e+00
2.478518185438893351e+00
2.359654588658164798e+00
2.202559972114559450e+00
2.167020102384102476e+00
2.296802079296359711e+00
2.494608461214120609e+00
2.580547044342404117e+00
2.452417904426801520e+00
2.229092982899306019e+00
2.133152739185421254e+00
2.248012095452796899e+00
2.457075411924769082e+00
2.552240199117684405e+00
2.419666936357848019e+00
2.221375372573777707e+00
2.183024547460621356e+00
2.347933333865801497e+00
2.538523976626870127e+00
2.511427105835331020e+00
2.267777594062995394e+00
2.115648641067581437e+00
2.237310676254114838e+00
2.481501398265528291e+00
2.592422079136619484e+00
2.444888644801216593e+00
2.203361058635838088e+00
2.151326197543883101e+00
2.313514031590703901e+00
2.476178702852571245e+00
2.490394412326146778e+00
2.373847648364025176e+00
2.277219566967435771e+00
2.285074864038808773e+00
2.322428503325999039e+00
2.341109793318485455e+00
2.420861413581539612e+00
2.458418900778162719e+00
2.367175503632486411e+00
2.238092689286791170e+00
2.209655905920971275e+00
2.401125121250763161e+00
2.545830910900939603e+00
2.430962613935782279e+00
2.217861678345403487e+00
2.168613334728876740e+00
2.404427815011479286e+00
2.537907068479903661e+00
2.410981942532294031e+00
2.236057190425061236e+00
2.240573434898070815e+00
2.393183993480681782e+00
2.426424315741576798e+00
2.372789069746621848e+00
2.343431990555762123e+00
2.342208903099167738e+00
2.299212491418420434e+00
2.300625717714514629e+00
2.423514416636755264e+00
2.484027443412237357e+00
2.315166272540840176e+00
2.163152356523556197e+00
2.309817351081055570e+00
2.567302294647967109e+00
2.477039990072249065e+00
2.167189975641962807e+00
2.155101556194014112e+00
2.457322771230074476e+00
2.586179683945141417e+00
2.309810198522829872e+00
2.131598249864369521e+00
2.315933384410546303e+00
2.540532653395253693e+00
2.413613487912832145e+00
2.211967970367428205e+00
2.273334535757844055e+00
2.441860728485671039e+00
2.410595704388106331e+00
2.283868465884741017e+00
2.300240075616845736e+00
2.406298208987499354e+00
2.386225746420114646e+00
2.294332062522418614e+00
2.311306275285038403e+00
2.404098797333097171e+00
2.396083759794683576e+00
2.311109579933831704e+00
2.299853241426139228e+00
2.363595052194005675e+00
2.400065946586841026e+00
2.360939068906196425e+00
2.319538869802816983e+00
2.326176443836264873e+00
2.354053539520923888e+00
2.369029804352498658e+00
2.370996757864565652e+00
2.355938834659914161e+00
2.323379197523498085e+00
2.322999515891017275e+00
2.369216962959404427e+00
2.396349596542072025e+00
2.365719361987038027e+00
2.317207731867758191e+00
2.321675696572744307e+00
2.353709024633052760e+00
2.384951398962902758e+00
2.381313727058616436e+00
2.352301758802146647e+00
2.330698052727944170e+00
2.328881302938616837e+00
2.354160827894309360e+00
2.385585592458914661e+00
2.389840768556686257e+00
2.361739559380955811e+00
2.323702254736692119e+00
2.320764937492005409e+00
2.358733100740086908e+00
2.401539373581334846e+00
2.400247144728558713e+00
2.358035130266562529e+00
2.321455755407304089e+00
2.321329989591835563e+00
2.355947775357696283e+00
2.391085313687958180e+00
2.399094986807702501e+00
2.369978114363922472e+00
2.333256284386668877e+00
2.320756592840742094e+00
2.341100256574184524e+00
2.375630423501780442e+00
2.395514535369221765e+00
2.385471151527303491e+00
2.361087484489379662e+00
2.345416229416874554e+00
2.344496529638353532e+00
2.353391927885046808e+00
2.365619226171878253e+00
2.367397232937483054e+00
2.368696018301966078e+00
2.375660225827720851e+00
2.382557080096850299e+00
2.383747384994910234e+00
2.372427269509705283e+00
2.351370734139768270e+00
2.333566228576449131e+00
2.333724776950452107e+00
2.349645775514337398e+00
2.374511048139458680e+00
2.399044918900122614e+00
2.410102773917051966e+00
2.400219130542174728e+00
2.375051662332017699e+00
2.348814886667118795e+00
2.332275191816710613e+00
2.331257144362586242e+00
2.343034427527717067e+00
2.361601872635111121e+00
2.381066367753311042e+00
2.394684838615040778e+00
2.397132205621267165e+00
2.395326184669278380e+00
2.386718080844650203e+00
2.374047919994344724e+00
2.365247889190660757e+00
2.357679886541352854e+00
2.354098839056353309e+00
2.354090494405089995e+00
2.356830520252051198e+00
2.358130497709571838e+00
2.363457365448160985e+00
2.363724990335105858e+00
2.365740223615196314e+00
2.365325375238105821e+00
2.385447309666551163e+00
2.360618395879077624e+00
2.360934896580564768e+00
2.360193414711167392e+00
2.357512993516086564e+00
2.357160133976952121e+00
2.356548590248654929e+00
2.356085462103540973e+00
2.357343120258226232e+00
2.355704588378022546e+00
2.349159997601508731e+00
2.356989664672572982e+00
2.353968900915253126e+00
2.354793829297283647e+00
2.353208345557253889e+00
2.352197450661355216e+00
2.352960986251948494e+00
2.352407855082494503e+00
2.351675909957398058e+00
2.351020258786709061e+00
2.351619285538111281e+00
2.352969926949730617e+00
2.355421466281588661e+00
2.356767339321057531e+00
2.361170334955493999e+00
2.364670916160454439e+00
2.368490978299496064e+00
2.370929404607940327e+00
2.371676846942525785e+00
2.373792216037776015e+00
2.372143551366752590e+00
2.371169015308501216e+00
2.369947119944944447e+00
2.369157358307523609e+00
2.370417400648284101e+00
2.370451971346374975e+00
2.370289846693259150e+00
2.371022983911393212e+00
2.366214080597648817e+00
2.363462133820311450e+00
2.356531304899609491e+00
2.352357191128395808e+00
2.357198280954155845e+00
2.368804498768389166e+00
2.383415387083934078e+00
2.395544933741680982e+00
2.391932891837703412e+00
2.372473761138172321e+00
2.344481032428864520e+00
2.325681129179135276e+00
2.331173697849953097e+00
2.361414117981686545e+00
2.398942398898887607e+00
2.418184568665572076e+00
2.397908854235274223e+00
2.355084699998462039e+00
2.324132004276752816e+00
2.328965345497768791e+00
2.366505547345346017e+00
2.399038362388415724e+00
2.394051241165547683e+00
2.365878506407559811e+00
2.346031945470803404e+00
2.355629486516652715e+00
2.372653171140333583e+00
2.367635651545006326e+00
2.356555742806880627e+00
2.361066026814702568e+00
2.378456876093968830e+00
2.379381940291159125e+00
2.352987212298776054e+00
2.336954156989354825e+00
2.367754860848767962e+00
2.401826668003400389e+00
2.385547445481710938e+00
2.333569208809043172e+00
2.322028556111878750e+00
2.383119151964086413e+00
2.418962409372616751e+00
2.360027117732419910e+00
2.298765456529314299e+00
2.342027108910931243e+00
2.423488190589927704e+00
2.397843289118205323e+00
2.305259979398248227e+00
2.310419954111570640e+00
2.406891871320232301e+00
2.411055256254107437e+00
2.322058954484337967e+00
2.316523470464166401e+00
2.394653844196062753e+00
2.395984220026042610e+00
2.330954352731031687e+00
2.346940916411985878e+00
2.378979012844444796e+00
2.347976845261674494e+00
2.352590245317249806e+00
2.395886468396958069e+00
2.346894424783518840e+00
2.307769931288949472e+00
2.397874879583702157e+00
2.424989631770805509e+00
2.297181164882322157e+00
2.291013871552213477e+00
2.450627976730820556e+00
2.417415668656309524e+00
2.250812918044676536e+00
2.318070211180473628e+00
2.479461131031647891e+00
2.390112565769262787e+00
2.235992817401029953e+00
2.354517263712556652e+00
2.490638791398858132e+00
2.341142575877019905e+00
2.234908012736799066e+00
2.416702200973296133e+00
2.467909153450626558e+00
2.273893031345967319e+00
2.293120895996200392e+00
2.474270161899347453e+00
2.351081055531627495e+00
2.268690737329809526e+00
2.443172626873567843e+00
2.375767514201106323e+00
2.241958647007781025e+00
2.450467640217261156e+00
2.435595683526478261e+00
2.182692549549645200e+00
2.376616284443889171e+00
2.554489678679666476e+00
2.231235174087902617e+00
2.213264371545835996e+00
2.558408684540830258e+00
2.382331774512740807e+00
2.159372229501274720e+00
2.456037098889005232e+00
2.442753606170845693e+00
2.225961354489487842e+00
2.373867913945664654e+00
2.493605910969485251e+00
2.201484704194629494e+00
2.293222819950916591e+00
2.604828191379092939e+00
2.299486076770553389e+00
2.095675122222318887e+00
2.488066850670200836e+00
2.616621567800232029e+00
2.148926514259161369e+00
2.156277555975622651e+00
2.564297028100136266e+00
2.520801725483146516e+00
2.147111552609390461e+00
2.252408534575526033e+00
2.515292467509802066e+00
2.417021681907377317e+00
2.246369391246961555e+00
2.336929719082083690e+00
2.434211067463286859e+00
2.320485987721203180e+00
2.287751708954776309e+00
2.442713075007566736e+00
2.446284585748265350e+00
2.206354404253292767e+00
2.234648136454598699e+00
2.463238532929245661e+00
2.557941980116603453e+00
2.317735829083422239e+00
2.099907052505856964e+00
2.269914420832922719e+00
2.541666929920545659e+00
2.583950469964798824e+00
2.310792483185825752e+00
2.103469026502254646e+00
2.200725936976186681e+00
2.442975335475842336e+00
2.591684173546334957e+00
2.482651172000309270e+00
2.260929615608407772e+00
2.150972145911711042e+00
2.201733255592972505e+00
2.393054651386100407e+00
2.537962500806152821e+00
2.499179541966860540e+00
2.376665756304950250e+00
2.279604945135706107e+00
2.192695402228284074e+00
2.218290235792426568e+00
2.382505820096232796e+00
2.508578599521946728e+00
2.471614774658057012e+00
2.358345074456342783e+00
2.292676841339688298e+00
2.269609841061811739e+00
2.252031833175639264e+00
2.278676900705921771e+00
2.383556054062372809e+00
2.499868571742602796e+00
2.545056646473007778e+00
2.482314405717182648e+00
2.356743497460305203e+00
2.237584857652766601e+00
2.178622147872704140e+00
2.182325384894059361e+00
2.218484546957558035e+00
2.264259727508989073e+00
2.312540091578971335e+00
2.363539023821237706e+00
2.419269373329802963e+00
2.479276952657336164e+00
2.532103959572787222e+00
2.572558232850817639e+00
2.600103330624500497e+00
2.611492587505887641e+00
2.622109368098898941e+00
2.596993159889359415e+00
2.572007485867438881e+00
2.546060984857199561e+00
2.517102064740904144e+00
2.486688195072197516e+00
2.462825472691711592e+00
2.443370514317812159e+00
2.427783897850978256e+00
2.418383648202854008e+00
2.421891978012559399e+00
2.427994302272117544e+00
2.445355349225443398e+00
2.468900974857923369e+00
2.498825490334688482e+00
2.533010546327894463e+00
2.574262329848090225e+00
2.615730478254613800e+00
2.656431514791430804e+00
2.690835915903558195e+00
2.715196933173767757e+00
2.731628743604271659e+00
2.730101672423085102e+00
2.706094110738529235e+00
2.664206941629283509e+00
2.597326349893373187e+00
2.506810725547161667e+00
2.394811796523546921e+00
2.270700010144711900e+00
2.145384805844403164e+00
2.040307168997188558e+00
1.981027958515639176e+00
1.987182734868852441e+00
2.063318140902297593e+00
2.201212906982052964e+00
2.370454355532450208e+00
2.525547447865897244e+00
2.628634885386810893e+00
2.666403373051091652e+00
2.642209248806148825e+00
2.550225561884112757e+00
2.397571491905628793e+00
2.210039163832564935e+00
2.060438044123416468e+00
2.013417126347675890e+00
2.109228027966979280e+00
2.298083579311797742e+00
2.478461561019606574e+00
2.591398667263825839e+00
2.632852510553897574e+00
2.584805200672769754e+00
2.437154345173161651e+00
2.222990062593229066e+00
2.058162338514606837e+00
2.055549866622670585e+00
2.201966309781826503e+00
2.402861404760051389e+00
2.534879748210876915e+00
2.622019365074558905e+00
2.580319354572219392e+00
2.403227973369118420e+00
2.197587752054661614e+00
2.097710025037530013e+00
2.138983266232402869e+00
2.289745484560189670e+00
2.482759056420213550e+00
2.593670796593522621e+00
2.533082071910151445e+00
2.358841581206509996e+00
2.203740740268318898e+00
2.149698990547536770e+00
2.230864433153203930e+00
2.425856283409152603e+00
2.572529026571396038e+00
2.523770037146811251e+00
2.318892755376428916e+00
2.144062178619167813e+00
2.142485039530401369e+00
2.330502549469775087e+00
2.570595451664382303e+00
2.627182320020475359e+00
2.432290009533168096e+00
2.148200529599253006e+00
2.034040335898439356e+00
2.200614476277169551e+00
2.526804509974063695e+00
2.716778244588165858e+00
2.570369550033754003e+00
2.217644121366038501e+00
1.989346383732126133e+00
2.094370972439166589e+00
2.469541724865642163e+00
2.744268506082118364e+00
2.596751165002723294e+00
2.222507264912994440e+00
2.014003040075664330e+00
2.142268078597555192e+00
2.491316496290743032e+00
2.681961379285023206e+00
2.486659584839294723e+00
2.197547220891382658e+00
2.122762456269557063e+00
2.295380508349002202e+00
2.522110047591930471e+00
