2.381290481244382917e+00
2.361157221932080219e+00
2.361557169146200508e+00
2.359215302373802725e+00
2.358738465158756181e+00
2.358912510742248170e+00
2.360198183083317858e+00
2.360047383314059388e+00
2.360376400992441503e+00
2.360131425873211342e+00
2.360149903315294395e+00
2.358401698875629560e+00
2.357228679326615062e+00
2.357496900260078743e+00
2.357981486079869793e+00
2.359217686559877958e+00
2.357627434447697734e+00
2.357428354910415802e+00
2.359172983070967344e+00
2.357696575843879483e+00
2.358702702367627690e+00
2.358188314221896231e+00
2.357734722821083206e+00
2.357466501887619525e+00
2.357932610265327522e+00
2.356475276526841522e+00
2.356535477225241149e+00
2.357884926543822868e+00
2.357947511428297727e+00
2.357449216538574088e+00
2.357083840022544674e+00
2.355278415117074697e+00
2.355235499767720508e+00
2.355586571167298526e+00
2.357056421882679498e+00
2.358098311197556196e+00
2.356400770711990500e+00
2.355691475354608766e+00
2.357231659559209103e+00
2.356756014437200175e+00
2.354600114178670989e+00
2.354134601847481800e+00
2.354632300690686630e+00
2.356114668382962574e+00
2.355916184892199450e+00
2.355844063263423660e+00
2.354948801392173774e+00
2.354740185110590911e+00
2.354560775108429649e+00
2.352146190660737712e+00
2.355044764881701891e+00
2.355700416052390889e+00
2.354398650455313824e+00
2.355168742557613992e+00
2.354286593709777886e+00
2.355767769309016213e+00
2.355465573723980466e+00
2.354166788359497442e+00
2.354789656971651990e+00
2.353983802078223331e+00
2.353633922771682929e+00
2.353765649052339537e+00
2.355445308142340988e+00
2.353565973468538797e+00
2.353833002308964861e+00
2.354241890220867273e+00
2.353664321144142146e+00
2.354639453248912329e+00
2.352665347178619637e+00
2.354379576966711962e+00
2.353710812772609184e+00
2.353349608582211427e+00
2.352241558103747021e+00
2.354703826272943612e+00
2.355121654882628146e+00
2.355156225580719020e+00
2.354566139527098922e+00
2.354517859759075460e+00
2.354024929288021095e+00
2.354097050916796885e+00
2.354437989525555164e+00
2.354398054408795016e+00
2.353184503696501562e+00
2.354857606274796122e+00
2.353166026254418508e+00
2.353484911141980884e+00
2.354536933247677322e+00
2.353724521842541773e+00
2.353913468589003966e+00
2.354134601847481800e+00
2.353156489510117577e+00
2.354644221621062794e+00
2.354556602782797992e+00
2.353600544166629671e+00
2.353283447418623719e+00
2.354915422787120516e+00
2.354230565337009917e+00
2.354059499986111970e+00
2.353133839742402866e+00
2.354703230226424804e+00
2.354746741622297801e+00
2.354646605807138027e+00
2.353741211145068402e+00
2.353570741840689262e+00
2.354773563715644169e+00
2.351697367632075153e+00
2.353958172077914579e+00
2.353393119978084425e+00
2.354796213483358880e+00
2.354602498364746221e+00
2.355132383719966693e+00
2.355331463257248625e+00
2.353870553239649777e+00
2.355208677674374140e+00
2.354886812554217723e+00
2.352947873228534714e+00
2.354985756276339881e+00
2.355143112557305241e+00
2.355445308142340988e+00
2.355535907213199831e+00
2.354409975339171179e+00
2.354700846040349571e+00
2.355717701401436326e+00
2.354402822780945481e+00
2.354779524180832251e+00
2.354005855799419233e+00
2.356130761638970395e+00
2.356145662801940599e+00
2.355982942102305966e+00
2.354978007671595375e+00
2.355131191626929077e+00
2.355474514421762589e+00
2.355168742557613992e+00
2.355060858137709712e+00
2.356196326756039294e+00
2.357254905373442622e+00
2.355891150938409506e+00
2.355821413495708949e+00
2.355950755590290324e+00
2.356479448852473180e+00
2.356470508154691057e+00
2.357106489790259385e+00
2.357564849563222875e+00
2.357234043745284335e+00
2.356739325134673546e+00
2.358575744459121548e+00
2.356978935835234434e+00
2.357664985378382649e+00
2.357704324448623989e+00
2.358182949803226958e+00
2.357839030961874638e+00
2.357881350264710019e+00
2.359164042373185222e+00
2.359409017492415828e+00
2.359863204939747661e+00
2.359976453778321215e+00
2.359311861909849650e+00
2.360456867272480608e+00
2.359012050510889136e+00
2.359644455867345059e+00
2.360892577277729387e+00
2.359954996103644120e+00
2.360435409597803513e+00
2.359804196334385651e+00
2.359930558196372985e+00
2.360294742619364783e+00
2.361237092165600515e+00
2.361525578680703674e+00
2.361758036823038864e+00
2.360346002619982286e+00
2.360977215883400149e+00
2.359905524242583041e+00
2.362028641942577778e+00
2.361073179372928266e+00
2.362005396128344259e+00
2.362472100552571064e+00
2.361948771709057482e+00
2.362146063106782989e+00
2.362226529386822094e+00
2.362945361488504759e+00
2.360030694011532759e+00
2.361716313566722292e+00
2.362036390547322284e+00
2.362354083341847044e+00
2.361645384030984118e+00
2.362405939388983356e+00
2.363621278240833234e+00
2.362100167524834760e+00
2.360266728432980798e+00
2.359797043776159953e+00
2.359856052381521963e+00
2.359862012846710044e+00
2.360039038662796074e+00
2.361007614255859366e+00
2.360187454245979310e+00
2.360760850997072779e+00
2.359362525863948346e+00
2.360079569826075030e+00
2.359457297260439290e+00
2.359594387959765172e+00
2.359680814704992358e+00
2.359722537961308930e+00
2.358950061672933085e+00
2.359210534001652260e+00
2.357704920495142797e+00
2.358067316778578171e+00
2.359106821907379636e+00
2.354711574877688118e+00
2.357540411655951740e+00
2.357644123750224363e+00
2.357560081191072410e+00
2.357347888630376698e+00
2.355699223959353272e+00
2.356939000718474286e+00
2.355214638139562222e+00
2.356017512800396840e+00
2.355767173262497405e+00
2.354833764414043795e+00
2.355878037914995726e+00
2.354035062078840834e+00
2.353648227888134326e+00
2.353936118356718676e+00
2.354387921617975277e+00
2.353637499050795778e+00
2.353981417892148098e+00
2.351854127866521704e+00
2.352054995543360061e+00
2.352527064386256139e+00
2.353147548812335454e+00
2.352714222993161908e+00
2.352301758802146647e+00
2.351877373680755223e+00
2.350718063201673314e+00
2.350971382972166790e+00
2.351521533909026740e+00
2.349458020860912821e+00
2.350350898546087475e+00
2.350725215759899012e+00
2.350904625762060274e+00
2.351149600881290436e+00
2.350784224365261021e+00
2.350983899949061762e+00
2.350987476228174611e+00
2.350986284135136994e+00
2.350117844357233476e+00
2.351376098558437544e+00
2.350351494592606283e+00
2.349036615972115438e+00
2.349129599229049514e+00
2.350524944129579463e+00
2.349376958534354909e+00
2.349307221091654352e+00
2.350648325758972756e+00
2.350176256916076678e+00
2.351452988559363799e+00
2.350582760641903857e+00
2.349462193186544479e+00
2.349415701558077441e+00
2.351656240422277389e+00
2.349484842954259189e+00
2.351079267392071070e+00
2.350009363890810388e+00
2.345757764072151641e+00
2.350541037385587284e+00
2.351368946000211846e+00
2.350140494124948187e+00
2.351465505536258771e+00
2.351166886230335873e+00
2.351696175539037537e+00
2.352159899730670300e+00
2.351939958565230082e+00
2.350401562500186170e+00
2.350111883892045395e+00
2.351996582984516859e+00
2.352489513455571224e+00
2.351949495309531013e+00
2.352937740437714975e+00
2.351932806007004384e+00
2.353361529512587591e+00
2.352218312289513502e+00
2.353270334395209940e+00
2.351420802047348158e+00
2.352583092759024108e+00
2.352229041126852049e+00
2.352752966016884439e+00
2.352817935087434531e+00
2.354012412311126123e+00
2.353514713467921293e+00
2.355023903253543605e+00
2.354376596734117921e+00
2.347576898047554206e+00
2.353184503696501562e+00
2.355115694417440064e+00
2.355066818602897794e+00
2.355480474886950670e+00
2.356338185827515641e+00
2.355150861162049747e+00
2.356714887227402411e+00
2.356286329780379329e+00
2.356474084433803906e+00
2.355572266050847130e+00
2.356548590248654929e+00
2.356863302810585648e+00
2.355633658842284373e+00
2.357045693045340951e+00
2.357123179092786014e+00
2.357448024445536472e+00
2.357707900727736838e+00
2.357173247000365901e+00
2.356677932343236304e+00
2.355279607210112314e+00
2.357315106071842248e+00
2.358646673994859722e+00
2.357141656534869067e+00
2.357322854676586754e+00
2.358013076545366626e+00
2.357374114677204258e+00
2.357246560722179307e+00
2.356450838619570387e+00
2.355527562561936517e+00
2.354958338136474705e+00
2.357918901195394934e+00
2.355682534656826643e+00
2.357553524679365520e+00
2.356539649550872806e+00
2.357262057931668320e+00
2.355630082563171523e+00
2.356574816295482488e+00
2.355882806287146192e+00
2.355038804416513809e+00
2.355254573256322370e+00
2.356380505130351022e+00
2.356434745363562566e+00
2.356004995823501869e+00
2.355911416520048984e+00
2.354648393946694451e+00
2.354807538367216235e+00
2.354217452313596137e+00
2.353172582766125398e+00
2.354967278834256827e+00
2.354806942320697427e+00
2.353235167650600257e+00
2.353206557417697464e+00
2.352644485550461351e+00
2.352842372994705666e+00
2.353545707886899319e+00
2.352115792288278495e+00
2.351354044837241641e+00
2.351503056466943686e+00
2.352539581363151111e+00
2.350623887851701621e+00
2.351262253673345182e+00
2.352387589500855025e+00
2.350545209711218941e+00
2.349922341099064393e+00
2.350817006923795471e+00
2.349762600632023801e+00
2.350225132730618949e+00
2.350118440403752285e+00
2.349758428306392144e+00
2.348329704800808937e+00
2.348368447824531469e+00
2.348265331776777654e+00
2.349158209461952307e+00
2.347728293863331483e+00
2.346698325478830949e+00
2.346912306179083085e+00
2.348143738286940785e+00
2.347817104794633902e+00
2.346616071059235420e+00
2.347614448978239121e+00
2.347601932001344149e+00
2.347542327349463331e+00
2.347101252925545278e+00
2.345615308954156486e+00
2.344423811963058935e+00
2.345408480812130048e+00
2.346607726407972105e+00
2.344751041501884625e+00
2.346514743151038029e+00
2.346295398032116619e+00
2.345930617562606013e+00
2.344205062890656333e+00
2.343461196835183724e+00
2.344788592432569541e+00
2.345515769185515520e+00
2.344067972191330451e+00
2.343703191721819845e+00
2.345733326164880506e+00
2.345707696164571754e+00
2.344421427776983702e+00
2.345251720577683496e+00
2.343052308923281313e+00
2.344403546381419456e+00
2.344860714061345330e+00
2.345336955229873066e+00
2.344069164284368068e+00
2.345848363143010484e+00
2.346021216633464856e+00
2.346034925703397445e+00
2.344653289872800084e+00
2.345810216165806761e+00
2.345323842206459286e+00
2.345738690583549779e+00
2.345499675929507699e+00
2.346757930130711767e+00
2.346554678267798177e+00
2.346583288500700970e+00
2.348039430146149353e+00
2.346799653387028339e+00
2.346530836407045850e+00
2.346461695010864101e+00
2.348147910612572442e+00
2.349549215978290473e+00
2.348263543637221229e+00
2.349520009698868872e+00
2.350285333429018575e+00
2.350346130173937009e+00
2.349517029466274831e+00
2.368681713185514681e+00
2.350437921337833469e+00
2.350033801798081523e+00
2.351867836936454292e+00
2.352333945314162289e+00
2.351617497398554857e+00
2.352185529730979052e+00
2.353265566023059474e+00
2.352707666481455018e+00
2.353140396254109756e+00
2.354007643938975658e+00
2.354311627663567830e+00
2.355384511397422553e+00
2.355719489540992750e+00
2.355163974185463527e+00
2.354320568361349952e+00
2.355411929537287730e+00
2.357290072118052304e+00
2.357362193746828094e+00
2.355310005582571531e+00
2.357224507000983404e+00
2.357930226079252289e+00
2.358682436785988212e+00
2.358606142831580765e+00
2.359345240514902908e+00
2.358158511895955822e+00
2.359800620055272802e+00
2.358390970038291012e+00
2.358308119572176675e+00
2.357933802358365138e+00
2.360046191221021772e+00
2.360372824713328654e+00
2.361226363328261968e+00
2.359962744708388627e+00
2.361936254732162510e+00
2.360462827737668690e+00
2.360965294953023985e+00
2.361946983569501057e+00
2.361034436349205734e+00
2.360225601223183034e+00
2.362430973342773299e+00
2.361637635426239612e+00
2.361630482868013914e+00
2.362543626134828045e+00
2.362274213108326748e+00
2.363446636610822438e+00
2.363484783588026161e+00
2.361598892402517080e+00
2.363367958470339758e+00
2.363839431266717028e+00
2.362770719858493962e+00
2.362455411250044435e+00
2.363036556605882410e+00
2.363070531257454476e+00
2.363186760328622071e+00
2.364545746391504721e+00
2.362760587067674223e+00
2.364222093131791880e+00
2.363650484520254835e+00
2.365182324073591857e+00
2.365067287095461879e+00
2.364221497085273072e+00
2.365669294079458140e+00
2.365823670127829459e+00
2.364307327783981449e+00
2.365139408724237668e+00
2.363814397312927085e+00
2.365330143610256286e+00
2.366010828734735227e+00
2.366197391295122188e+00
2.365190072678336364e+00
2.365723534312669685e+00
2.366837545256322173e+00
2.366917415489842469e+00
2.366735621301605974e+00
2.364523096623790011e+00
2.365914269198688302e+00
2.366696878277883442e+00
2.365522070589312520e+00
2.365432663611491293e+00
2.365341468494113641e+00
2.367288752471059965e+00
2.367679758987398131e+00
2.367009206653738929e+00
2.366552038973813055e+00
2.365415378262445856e+00
2.365967317338862230e+00
2.365793867801889050e+00
2.367112918748011552e+00
2.367302461540992553e+00
2.367126031771425332e+00
2.367149277585658851e+00
2.367003246188550847e+00
