2.833648065763481494e+00
2.784856889826880622e+00
2.761569352337044592e+00
2.738992302297628356e+00
2.720415916492452180e+00
2.701506340683262231e+00
2.688466034944776872e+00
2.672806104756129564e+00
2.659124452963406160e+00
2.647599297475731195e+00
2.637352065724380523e+00
2.628584221432712198e+00
2.619301392948793605e+00
2.613299800550914043e+00
2.606640768842788614e+00
2.601904583204338817e+00
2.598061871297582481e+00
2.593085478912052988e+00
2.588419030716303748e+00
2.584344456713731031e+00
2.583105276001128825e+00
2.580037424568823123e+00
2.578561017341735262e+00
2.576275774988624256e+00
2.572523662152726764e+00
2.571104475391444488e+00
2.568245836287240458e+00
2.565054007179022655e+00
2.555076188454173725e+00
2.556148476141509640e+00
2.550761407704521311e+00
2.545267050894147065e+00
2.539838259200842163e+00
2.533528510752738772e+00
2.526223364618225720e+00
2.517903747308701146e+00
2.506156862516029094e+00
2.497552334970514210e+00
2.486647067862399751e+00
2.477507290542994678e+00
2.464749510854424397e+00
2.454434329799930037e+00
2.440964870567902345e+00
2.430007747412651575e+00
2.417577793309425349e+00
2.404049921518554900e+00
2.392989682315550315e+00
2.382091567765661111e+00
2.370246335297386153e+00
2.361147089141260480e+00
2.351186555765456543e+00
2.341618817045547640e+00
2.335063497431695279e+00
2.328208366418882402e+00
2.322890439378075378e+00
2.316680230698612952e+00
2.312919177164933338e+00
2.312832154373187343e+00
2.312096632968978049e+00
2.312995471119340785e+00
2.316026367667480379e+00
2.322096505415022882e+00
2.326510229886797454e+00
2.335323373713895645e+00
2.342063467748578542e+00
2.352086586008856894e+00
2.364225669410904729e+00
2.378660724003401228e+00
2.393217372085735040e+00
2.408340264360936178e+00
2.424255898506152640e+00
2.438810758448929583e+00
2.456640894012557919e+00
2.488768993469356872e+00
2.484764156909484711e+00
2.499512731970874313e+00
2.511371673509081859e+00
2.520795168971439626e+00
2.527110281838212291e+00
2.532459203297996897e+00
2.530664507229865468e+00
2.530092898618328423e+00
2.524913254369885340e+00
2.519448103838933140e+00
2.512496413290072894e+00
2.503848970395203821e+00
2.496910988916276608e+00
2.492075859555704653e+00
2.486944495075285033e+00
2.484327850857716680e+00
2.482212481762466449e+00
2.481048402911234074e+00
2.479837832431534661e+00
2.476398644018011463e+00
2.468902166950960986e+00
2.456040675168118081e+00
2.429442695312821421e+00
2.393390225576189412e+00
2.343557756371230649e+00
2.283910189141057590e+00
2.222600844216447324e+00
2.171867152675050594e+00
2.143775480243621079e+00
2.144549744671552904e+00
2.174278756890148934e+00
2.225949433559111679e+00
2.287448917323221753e+00
2.352121752753466577e+00
2.400638151244896878e+00
2.428446105533374144e+00
2.429771116944684728e+00
2.407453347140949607e+00
2.374378129765764456e+00
2.346405666638096132e+00
2.339674513301195358e+00
2.355013770462723866e+00
2.391932891837703412e+00
2.434720091190349045e+00
2.464365060849793121e+00
2.466528709713066814e+00
2.430082253227502598e+00
2.366670652231055882e+00
2.306084907780278748e+00
2.274681600890350541e+00
2.275676998576760202e+00
2.296422397663878900e+00
2.316507377208158580e+00
2.322901168215413925e+00
2.309743441312723355e+00
2.282110724700775695e+00
2.258299858367426083e+00
2.265847595435094508e+00
2.324375787302945362e+00
2.419274737748472237e+00
2.513040007715225954e+00
2.557382292435442572e+00
2.531999651431995790e+00
2.454436117939486461e+00
2.375673934897653439e+00
2.313410915542950086e+00
2.262009055853969386e+00
2.204239631204561345e+00
2.156648892956840147e+00
2.140320794620608424e+00
2.185440324001350909e+00
2.302248156338710494e+00
2.461396749186128385e+00
2.598752689212881162e+00
2.653971034761790637e+00
2.602027964833732110e+00
2.477842268686564875e+00
2.329379001781821668e+00
2.185699604237032467e+00
2.075299868023379624e+00
2.039181833169678715e+00
2.109879506812037064e+00
2.279337320248761234e+00
2.484925685516081728e+00
2.642454819971897795e+00
2.685389242814689048e+00
2.604248238116292580e+00
2.436598829817632428e+00
2.241561680026254777e+00
2.081479082283864468e+00
2.026636842088322954e+00
2.110532773796650829e+00
2.303981459615404681e+00
2.512248457938248691e+00
2.637667970379348859e+00
2.628252819568254850e+00
2.492198645138579138e+00
2.301363623304799155e+00
2.150339144508736755e+00
2.114286674772104746e+00
2.200914883722648874e+00
2.355929893962132038e+00
2.497600018692018864e+00
2.550439542584364894e+00
2.482697067582257500e+00
2.340656797964191238e+00
2.223085430036238375e+00
2.212537194792890016e+00
2.297974502798855845e+00
2.407606531096283309e+00
2.467060979254362518e+00
2.444155507583082532e+00
2.350486201105856932e+00
2.255020410420943477e+00
2.246894508230031562e+00
2.329327145734685356e+00
2.431879929528228068e+00
2.479357418937375268e+00
2.432010463715847060e+00
2.312283195529365010e+00
2.210207248950868841e+00
2.230692175709268366e+00
2.368011756898374287e+00
2.494557797260021914e+00
2.496919333567539923e+00
2.376531645838218409e+00
2.234902052271610984e+00
2.192998789906357437e+00
2.297277128371850274e+00
2.460538442199044606e+00
2.530417147924560073e+00
2.433889798389649251e+00
2.258074552783316591e+00
2.165043016081215743e+00
2.247505455911809946e+00
2.440533332888285223e+00
2.572063514240206850e+00
2.479764518709721255e+00
2.246459394271301591e+00
2.123708382094905645e+00
2.233446506672680965e+00
2.463166411300469871e+00
2.594621490791021667e+00
2.481069860585911169e+00
2.217128541127269425e+00
2.094110500110447415e+00
2.250605493856131289e+00
2.522036137823598256e+00
2.626127913728703689e+00
2.425259044797306807e+00
2.128560796804523036e+00
2.086737404672790230e+00
2.346905153620857387e+00
2.617303445017748587e+00
2.599016737820713185e+00
2.284371529146615121e+00
2.034241203575277712e+00
2.176468035753731378e+00
2.518706621969535764e+00
2.667655070740588830e+00
2.442488961516494861e+00
2.099585783432219355e+00
2.071658619839980453e+00
2.393547581857154771e+00
2.658189255975396126e+00
2.546907370913907620e+00
2.192178033849958574e+00
2.042282467160518866e+00
2.291597401094126685e+00
2.608151150721448541e+00
2.578683802924609747e+00
2.265758784503792089e+00
2.082003603220415666e+00
2.261018426539710191e+00
2.553248709827507845e+00
2.544831936935417094e+00
2.279196653270322503e+00
2.143303411400725000e+00
2.301067984231470298e+00
2.524594965528841772e+00
2.465662058074719720e+00
2.240419058849699496e+00
2.201241517214955756e+00
2.388882921800961512e+00
2.529264990003703861e+00
2.375816986062167402e+00
2.179858348352712305e+00
2.244710593785118391e+00
2.478787002418875840e+00
2.536806170559664952e+00
2.302864468439158152e+00
2.135279433164528839e+00
2.285087381015703745e+00
2.534691993557452339e+00
2.520214023615601651e+00
2.254900009024144225e+00
2.147246259122641110e+00
2.327457347805183652e+00
2.528739873020633855e+00
2.465367611094428479e+00
2.252955109233273134e+00
2.213219668056925382e+00
2.366692109905732977e+00
2.470143135803119616e+00
2.391957925791493356e+00
2.278136286513362752e+00
2.302172458430821855e+00
2.392613576962182353e+00
2.391119884386049055e+00
2.325011768938513690e+00
2.321212568427630352e+00
2.388328002491951096e+00
2.398742127268568058e+00
2.320979514238776353e+00
2.281907472837862105e+00
2.353725713935579389e+00
2.437073878893122547e+00
2.402341652195650656e+00
2.288026486399946879e+00
2.258232505110800759e+00
2.354616803481197618e+00
2.448613339497248909e+00
2.414953996533631742e+00
2.299666678865752267e+00
2.260958225841310565e+00
2.331766168089648428e+00
2.420994928001752644e+00
2.420727899161326580e+00
2.337492386995838611e+00
2.280603323054709808e+00
2.300025498870074792e+00
2.371658369500442731e+00
2.406896043645863958e+00
2.375138685123763693e+00
2.322331347743433305e+00
2.302392399596262074e+00
2.333646694856488235e+00
2.370523496928631957e+00
2.382113025440338205e+00
2.363238020329239575e+00
2.335812727905837161e+00
2.325676360806984810e+00
2.331425825527408957e+00
2.350678128084913165e+00
2.369785591338347430e+00
2.372411772300216271e+00
2.351502460420424878e+00
2.322756924957862346e+00
2.312144912737001512e+00
2.337623517229976411e+00
2.378880069122322638e+00
2.390484498796999091e+00
2.355920357217831107e+00
2.307639993147849289e+00
2.298683202109718771e+00
2.342367451473170714e+00
2.389974282976899289e+00
2.409020949485415120e+00
2.355484647212582328e+00
2.311924971571561294e+00
2.305291569863745060e+00
2.330528775516602646e+00
2.363294048702007544e+00
2.371145173447748888e+00
2.361600084495554697e+00
2.350205463195498279e+00
2.337064425595334338e+00
2.327877560600943418e+00
2.328284064326771041e+00
2.341114561690635920e+00
2.365824266174348267e+00
2.378341839115838852e+00
2.362901850092631761e+00
2.331561724133697222e+00
2.308923877349362108e+00
2.318364658160764868e+00
2.354744953482741376e+00
2.381742284505639518e+00
2.379378364012046276e+00
2.349426430395415988e+00
2.315364159985084491e+00
2.309264815958120387e+00
2.334252874166116154e+00
2.360718531694237399e+00
2.371197625541404008e+00
2.361287756119699210e+00
2.341847698908769981e+00
2.333648482996044660e+00
2.336847464662488161e+00
2.347030919436325913e+00
2.349450868302687123e+00
2.347649615722848804e+00
2.345575969883915146e+00
2.349046152716416369e+00
2.358235997943400886e+00
2.368657275278243546e+00
2.364777608487321103e+00
2.347573321768441357e+00
2.329988757370562436e+00
2.325528541270320382e+00
2.335415760924310913e+00
2.355187816046215854e+00
2.372733041373853879e+00
2.380395219373133031e+00
2.369768305989301993e+00
2.349167746206253238e+00
2.333490530668560492e+00
2.326515594305466728e+00
2.333346883457527721e+00
2.348123472705301307e+00
2.361079735884635156e+00
2.369108482492981338e+00
2.369502469241913545e+00
2.359912676800808740e+00
2.348879855737668887e+00
2.342343013565899579e+00
2.341592590998720080e+00
2.343082707295740530e+00
2.346579712221588121e+00
2.350986880181655803e+00
2.351086419950296769e+00
2.350709122503891191e+00
2.348832768062683041e+00
2.346200030589107310e+00
2.345800679421505830e+00
2.350357455057794365e+00
2.352125329032579426e+00
2.355858964426393864e+00
2.354673427900484395e+00
2.353942078821906758e+00
2.348536532942835375e+00
2.342893164502759529e+00
2.337581793973659838e+00
2.336169163724084452e+00
2.336830775359961532e+00
2.339110653294402820e+00
2.343759220094587814e+00
2.350318115987553025e+00
2.355277819070555889e+00
2.361027283790980036e+00
2.362808866835697685e+00
2.360673828205326785e+00
2.356989664672572982e+00
2.353000921368708642e+00
2.347598355722231300e+00
2.342664878686055996e+00
2.337259928853503421e+00
2.334393541144554884e+00
2.334817330219427500e+00
2.334393541144554884e+00
2.335963527675095630e+00
2.341329138437406865e+00
2.345490139185206768e+00
2.352250498801529144e+00
2.356345934432260147e+00
2.359736843077760327e+00
2.360694689833485072e+00
2.362461371715232517e+00
2.360867543323939444e+00
2.358991188882730849e+00
2.356505674899300740e+00
2.353933734170643444e+00
2.350614351107400690e+00
2.349594515513719895e+00
2.347407620836212683e+00
2.344041150097984083e+00
2.344197910332430634e+00
2.342863362176819120e+00
2.341074030527356964e+00
2.341411988903521202e+00
2.341557424254110398e+00
2.343333046833639965e+00
2.344993632435039554e+00
2.346406262684614941e+00
2.347643059211141914e+00
2.348851841551284902e+00
2.348997872948392907e+00
2.349846643191175755e+00
2.351946515076936972e+00
2.351257485301194716e+00
2.353330535093609566e+00
2.354507130921736913e+00
2.353342456023985729e+00
2.355341596048068364e+00
2.354241294174348464e+00
2.355535907213199831e+00
2.354247850686055354e+00
2.354600114178670989e+00
2.354412359525246412e+00
2.353667301376736187e+00
2.354406995106577138e+00
2.355578226516035212e+00
2.355595511865080649e+00
2.357090396534251564e+00
2.356126589313338737e+00
2.354562563247986073e+00
2.355035228137400960e+00
2.353555244631200249e+00
2.355731410471368914e+00
2.355727834192256065e+00
2.355941814892508201e+00
2.356234473733243018e+00
2.356417460014517129e+00
2.357068342813055661e+00
2.355769557448572638e+00
2.353988570450373796e+00
2.353621405794787957e+00
2.354452890688525368e+00
2.354701442086868379e+00
2.354406399060058330e+00
2.352995556950039369e+00
2.352326792755936591e+00
2.351791542982046845e+00
2.350707930410853574e+00
2.368007584572742630e+00
2.345809620119287953e+00
2.344691436850003807e+00
2.344069760330886876e+00
2.343996446609073470e+00
2.343232911018480191e+00
2.342844288688217258e+00
2.344083469400819464e+00
2.344914358248038067e+00
2.345233839182119251e+00
2.347829025725010066e+00
2.350487989245413356e+00
2.354524416270782350e+00
2.357716841425518961e+00
2.360041422848871306e+00
2.361065430768183759e+00
2.362987680791340139e+00
2.364524884763346435e+00
2.363720818009474200e+00
2.361208481932697723e+00
2.356636209086919731e+00
2.354439181618592780e+00
2.348519247593789938e+00
2.343561332650343498e+00
