2.228911784757588332e+00
2.367769762011738166e+00
2.506529987636803014e+00
2.331966439719967976e+00
2.210279966626163439e+00
2.371806785083625968e+00
2.497084438453249788e+00
2.331091443430357568e+00
2.225914266814501996e+00
2.375883147225755110e+00
2.467317279257450036e+00
2.327581921527614561e+00
2.263746531456295230e+00
2.374868080004224780e+00
2.431295803939796052e+00
2.327277341756503581e+00
2.300836718182172724e+00
2.378426477721509613e+00
2.396014618398501828e+00
2.337571661182840099e+00
2.324509897769677202e+00
2.358968539115016139e+00
2.378337666790207194e+00
2.362202091479550958e+00
2.339085023294094068e+00
2.334419171144863636e+00
2.359667701681578578e+00
2.387900041091446823e+00
2.358032150033968488e+00
2.314772881838426777e+00
2.342063467748578542e+00
2.400630998686671180e+00
2.383308694757067414e+00
2.324145117300166596e+00
2.321675100526225499e+00
2.368753238767771663e+00
2.388406680632433776e+00
2.365000529885355363e+00
2.339359800739264639e+00
2.339536230508831860e+00
2.344719451036387792e+00
2.374234482554731684e+00
2.394371914192666484e+00
2.367124243631868907e+00
2.324238696603619481e+00
2.329500595271658536e+00
2.381063983567235809e+00
2.414583851645451862e+00
2.378576681444249274e+00
2.325302639639692082e+00
2.324610629631355785e+00
2.368746086209545965e+00
2.398640203313851860e+00
2.389103459012920538e+00
2.351292055999285591e+00
2.330501953423256278e+00
2.344147842424850747e+00
2.375976726529207994e+00
2.394703912103642640e+00
2.383831427554062188e+00
2.353613657190043451e+00
2.334267179282567550e+00
2.344231884984002701e+00
2.368749662488658814e+00
2.387298630153969370e+00
2.384565756865233865e+00
2.366779132697478971e+00
2.349888366447492327e+00
2.340386788891171133e+00
2.346533220593121083e+00
2.365263386400149770e+00
2.385456846410852094e+00
2.391529964390989083e+00
2.376909539331142796e+00
2.347147148507493508e+00
2.328242341070454469e+00
2.335921208372260249e+00
2.366221829202393323e+00
2.394573973962542457e+00
2.400560069150933007e+00
2.380880997285961698e+00
2.347344439905219016e+00
2.324592748235791539e+00
2.329628745273202295e+00
2.351188939951531776e+00
2.374229118136062411e+00
2.395289229785112273e+00
2.391900109279168962e+00
2.373329683939180867e+00
2.350241225986626770e+00
2.338491957007879929e+00
2.337477485832868407e+00
2.349354904813159006e+00
2.361311001933932729e+00
2.369472666915973136e+00
2.375320479312000188e+00
2.376693174444815426e+00
2.373234316496171559e+00
2.369712277616534024e+00
2.363502068937071598e+00
2.359969897266614325e+00
2.357172650953847093e+00
2.353579682538471385e+00
2.352716607179237140e+00
2.350411695291005909e+00
2.350591701339685979e+00
2.352277916941394320e+00
2.354460043246751066e+00
2.354986948369377497e+00
2.360276265177281729e+00
2.363903804290748312e+00
2.367008014560701312e+00
2.368249579459378751e+00
2.370517536463443875e+00
2.370805426932028226e+00
2.370468660648901604e+00
2.371524855080229699e+00
2.370661779720995455e+00
2.370167061110384665e+00
2.369175239703087854e+00
2.368827744582622685e+00
2.368161364574595140e+00
2.367072387584732596e+00
2.366841121535435022e+00
2.368670388301657326e+00
2.367444320612468900e+00
2.365829034546498733e+00
2.367723270383271128e+00
2.367810293175017122e+00
2.367538495962440592e+00
2.367713137592451389e+00
2.366577668974121806e+00
2.361769361706896220e+00
2.360354347271245601e+00
2.358699722135033650e+00
2.357386631654099229e+00
2.355228943256013618e+00
2.353723925796022964e+00
2.352854293925081830e+00
2.353806776262137301e+00
2.353856844169717188e+00
2.357065362580461620e+00
2.363601012659193756e+00
2.369554921335568665e+00
2.374640390234040055e+00
2.377670094689142033e+00
2.378881261215360254e+00
2.374387070463546578e+00
2.370345875066027119e+00
2.361114306582726030e+00
2.355620545818870593e+00
2.355279011163593506e+00
2.359142584698508127e+00
2.366165800829625354e+00
2.373588964174862426e+00
2.378563568420835495e+00
2.377077028402927894e+00
2.369908972967740723e+00
2.362192554735250027e+00
2.356609983040092171e+00
2.356215400244641156e+00
2.360610647274333118e+00
2.365095897328364671e+00
2.369784995291828622e+00
2.377178952357644093e+00
2.382260844977002634e+00
2.371704265082390961e+00
2.350298446452432355e+00
2.336628119543566751e+00
2.351975125309839765e+00
2.387953089231620751e+00
2.403243470578607432e+00
2.370868607863021893e+00
2.329442182712815335e+00
2.326412478257712912e+00
2.362024469616946121e+00
2.395499038159732752e+00
2.387371347829263968e+00
2.361812873102769217e+00
2.338417451193028906e+00
2.333987633465246514e+00
2.354706806505537653e+00
2.398922133317248129e+00
2.405550766652913897e+00
2.346626799896573967e+00
2.304654992181657924e+00
2.363687439404420942e+00
2.418317487039266300e+00
2.374880596981119751e+00
2.322957196588181894e+00
2.351720017399789864e+00
2.383127496615349727e+00
2.362080497989714090e+00
2.370173617622091555e+00
2.385041401987242793e+00
2.333017269732626797e+00
2.328283468280252233e+00
2.417441298656618276e+00
2.403152275461229781e+00
2.285503421485831854e+00
2.318176903507340292e+00
2.454819375851080121e+00
2.387440489225445717e+00
2.267659576852271375e+00
2.359792275404009487e+00
2.450720363941235824e+00
2.339244167714615852e+00
2.303854501706898539e+00
2.400574970313903211e+00
2.375588104198945061e+00
2.333735505787790654e+00
2.387446449690633798e+00
2.330366650863486822e+00
2.341478746113627718e+00
2.439688138924615224e+00
2.315548338359396219e+00
2.265451820546605433e+00
2.501778900835383013e+00
2.361585183332584492e+00
2.185548804467773998e+00
2.487878499970257451e+00
2.430045894389855299e+00
2.176725527849856512e+00
2.430837444166832562e+00
2.435874633297280489e+00
2.220211889769064140e+00
2.434165171881338630e+00
2.374492570697375626e+00
2.224387791679834248e+00
2.513336838881592428e+00
2.324634471492108112e+00
2.167684098206054788e+00
2.597213101054799633e+00
2.342365663333614290e+00
2.083142648117858098e+00
2.596708845699887913e+00
2.425931981317041242e+00
2.060297973191496546e+00
2.506850064617403007e+00
2.501680553159779663e+00
2.119943752282113181e+00
2.375028416517784180e+00
2.513845862608654613e+00
2.238697080456862665e+00
2.275787267182739715e+00
2.484193144344466031e+00
2.353601140213148479e+00
2.231235174087902617e+00
2.422896912443269990e+00
2.431259445102148753e+00
2.214023734810797617e+00
2.384473369654818597e+00
2.471351918143262605e+00
2.201956176991006764e+00
2.354672235807446778e+00
2.528145018594863291e+00
2.188991569160410045e+00
2.298835790018533665e+00
2.561084933410278985e+00
2.263383539126341049e+00
2.217344906013596795e+00
2.521180811069108518e+00
2.350287121568574999e+00
2.214918996682047503e+00
2.488241492300211632e+00
2.353757304401076222e+00
2.202586198161387010e+00
2.466026838544230326e+00
2.465785439704113013e+00
2.191927694312059138e+00
2.288059865005000137e+00
2.529768649312096773e+00
2.371030136469618910e+00
2.226930526129069943e+00
2.332170287629400374e+00
2.450143390911029506e+00
2.356927675834616931e+00
2.332205454374010056e+00
2.333915511836470724e+00
2.359438223771837428e+00
2.362003607988787834e+00
2.369958444828801802e+00
2.356139106290233709e+00
2.332080284605060339e+00
2.360197587036799050e+00
2.359689755402774480e+00
2.343578021952870127e+00
2.377305314219631427e+00
2.389437841109971927e+00
2.347073834785680102e+00
2.255026966932650367e+00
2.317238726286736217e+00
2.434376768395515533e+00
2.495323120990171617e+00
2.409942437403492566e+00
2.178752682060323131e+00
2.165487070737727837e+00
2.338014523746314577e+00
2.512770594688724657e+00
2.609610272599491410e+00
2.466249163895745777e+00
2.175660988767265103e+00
2.068119295611297481e+00
2.178067824610212533e+00
2.350141686217985804e+00
2.539056842214684639e+00
2.681830249050885406e+00
2.620780184361956699e+00
2.368116065039165719e+00
2.135050551301306498e+00
2.054638511495412878e+00
2.067998894214498229e+00
2.142511861623747738e+00
2.307995236873058964e+00
2.548479145584004790e+00
2.754232615737034706e+00
2.791847919445981763e+00
2.654104549182003669e+00
2.431708864177330121e+00
2.229223517086925010e+00
2.071166881461963705e+00
1.994502782166335919e+00
1.987298367893501227e+00
2.060936935059658914e+00
2.206464672859272280e+00
2.380207464719708454e+00
2.542039458994800771e+00
2.653586584757159361e+00
2.710525716605868052e+00
2.712198223137643804e+00
2.669641097741257685e+00
2.589796494221269452e+00
2.486938534610096951e+00
2.371518894615041617e+00
2.258780271861585476e+00
2.151212948705309547e+00
2.058373935028783741e+00
1.984580395767735927e+00
1.929558149523514343e+00
1.890073047885066027e+00
1.870247944622986935e+00
1.856025082591185926e+00
1.849287968789096848e+00
1.846604567361422422e+00
1.843797784304354703e+00
1.839269022854450153e+00
1.834573964425797898e+00
1.829877117857589441e+00
1.825813868738874080e+00
1.827854732019273287e+00
1.836282233748702364e+00
1.859867198451423453e+00
1.901326406160164684e+00
1.964721913900603578e+00
2.055010444523149182e+00
2.167605420065572108e+00
2.299152290720020808e+00
2.440902881729946294e+00
2.573816487052021706e+00
2.688585244248538508e+00
2.766160102624905637e+00
2.794784640644149665e+00
2.761743993967055388e+00
2.671320160784740327e+00
2.532695237719444936e+00
2.367692872010811911e+00
2.199075484165606831e+00
2.061591394137310296e+00
1.991431950501435955e+00
2.021796348309081726e+00
2.156173247834831219e+00
2.361250801235533103e+00
2.563712902511704250e+00
2.685642562585182525e+00
2.678987703202689197e+00
2.549984163043995444e+00
2.355093640696244162e+00
2.163440246992140548e+00
2.041576748082249981e+00
2.041402702498757993e+00
2.174085637818055083e+00
2.381293461476976958e+00
2.570986458180720469e+00
2.664277871165021683e+00
2.620904162037868801e+00
2.468338902990687256e+00
2.261987002132773483e+00
2.092789064978249680e+00
2.057745105951441111e+00
2.179351708811725352e+00
2.372694894396650156e+00
2.518624963596459043e+00
2.562790222500589188e+00
2.510133088842998461e+00
2.401232409624148634e+00
2.277420434644274128e+00
2.209850813132621550e+00
2.258705766046734453e+00
2.364291234527973629e+00
2.415055920488347940e+00
2.386899875032886698e+00
2.334178964397783940e+00
2.311005271793040272e+00
2.319131173983952188e+00
2.364907546628421287e+00
2.443855696184122017e+00
2.480577526161375612e+00
2.401025581482122195e+00
2.249866992219327955e+00
2.180572412082244504e+00
2.237198023462060092e+00
2.366868539675300198e+00
2.492242752580970944e+00
2.539410893846856698e+00
2.461086208949829324e+00
2.268957170123716782e+00
2.132721201505804132e+00
2.202202940249793350e+00
2.390047000652193887e+00
2.521075906881798279e+00
2.519030871275767414e+00
2.406640935735814057e+00
2.233718899931776303e+00
2.157486338315765639e+00
2.299742972820159714e+00
2.479788956616992390e+00
2.502870858057839598e+00
2.403495002209544484e+00
2.274021777394029886e+00
2.208630109862102397e+00
2.309204019213201953e+00
2.473608550263470374e+00
2.474339899342048010e+00
2.364435477785525208e+00
2.267892631041125373e+00
2.246411114503278128e+00
2.344702165687342355e+00
2.457227999833583976e+00
2.428676179489634102e+00
2.331255356223029818e+00
2.277279767665835397e+00
2.318163194437407704e+00
2.399430560997791506e+00
2.397685932837239964e+00
2.341779749605625849e+00
2.336067239769368253e+00
2.367089672933778033e+00
2.372990533469979013e+00
2.326370158954877532e+00
2.306641019182326779e+00
2.370783969257351131e+00
2.442100339186231928e+00
2.400131511703909926e+00
2.253229290631924897e+00
2.220614817215778469e+00
2.398840474944171408e+00
2.541479771313639890e+00
2.415514280261311431e+00
2.176351210636044975e+00
2.176655790407155955e+00
2.449928814164258561e+00
2.597731661526162750e+00
2.375012323261776359e+00
2.108949674242695860e+00
2.211937571994968987e+00
2.547704285109554156e+00
2.563201494598566832e+00
2.251680165729542438e+00
2.127038493995486945e+00
2.369164510865749307e+00
2.551393813060976790e+00
2.395617651416975580e+00
2.209080721030321381e+00
2.288120661749918572e+00
2.451495820462205266e+00
2.406674314340867316e+00
2.285661373813316022e+00
2.328533211771632860e+00
2.426344445508056502e+00
2.337119857921583499e+00
2.262124688878618173e+00
2.396166610260797913e+00
2.474686202369475563e+00
2.309422172239085747e+00
2.208643818932034986e+00
2.368729396907019336e+00
2.518254818708279164e+00
2.372527405324865057e+00
2.202937269560965028e+00
2.302013910056818879e+00
2.473409470726188442e+00
2.412047673707923057e+00
2.281801376557514249e+00
2.295211231137660679e+00
2.376168057461745420e+00
2.384084747324555664e+00
2.368961259002835718e+00
2.365714593614887562e+00
2.332564870424851389e+00
2.297460114653124386e+00
2.362475080785165105e+00
2.430410674859365905e+00
2.381744072645195942e+00
2.285924826374629237e+00
2.287959133143321555e+00
2.386496351539653560e+00
2.434296302115476429e+00
2.383455322200694226e+00
2.291692172490617185e+00
2.264706166351576400e+00
2.359455509120882866e+00
2.477628287986312738e+00
