2.449273759040088372e+00
2.488497792303299150e+00
2.117650761324258113e+00
2.447826558092422111e+00
2.509106696737610775e+00
2.112427009633423225e+00
2.455291444693976199e+00
2.470001276731643269e+00
2.175079247364908319e+00
2.428344181578657945e+00
2.413232614187313718e+00
2.251274854096752875e+00
2.452074581631968009e+00
2.305025137069837804e+00
2.318680562815733204e+00
2.482793031071785617e+00
2.258918554653948974e+00
2.318852820259668768e+00
2.479885516153039315e+00
2.305360711259926809e+00
2.325939217321779218e+00
2.377460286314521554e+00
2.363708897079098037e+00
2.409202147627132806e+00
2.271535667364080968e+00
2.333861867649777988e+00
2.500986755011886942e+00
2.274868163450737502e+00
2.258245618134214538e+00
2.517409624744609165e+00
2.327708283389601895e+00
2.236795096015345763e+00
2.469756897658931916e+00
2.377277300033247442e+00
2.248091965686317195e+00
2.414837767462464146e+00
2.422993471979316915e+00
2.228188780330274010e+00
2.403755474538263659e+00
2.468979056951887241e+00
2.231484917579283245e+00
2.283626470998104896e+00
2.496301829374054648e+00
2.427625349476975281e+00
2.196584605763507447e+00
2.299800193285965300e+00
2.471320923724284579e+00
2.458957130784646505e+00
2.284032378677413266e+00
2.224397328424135178e+00
2.337155024666193182e+00
2.474759516091288969e+00
2.478214201714301179e+00
2.306919372906610199e+00
2.174864670618137374e+00
2.242793112134112476e+00
2.489261327893892428e+00
2.604604673934539871e+00
2.401938128702417519e+00
2.136146680849394741e+00
2.103854072553404730e+00
2.319650330501834112e+00
2.576406905222762056e+00
2.614568783589456658e+00
2.399965214725162443e+00
2.178606650663215127e+00
2.152812141515271893e+00
2.298764264436276683e+00
2.472128566757269663e+00
2.525977197405957941e+00
2.409332681814751798e+00
2.231653598744105960e+00
2.158926386705206202e+00
2.236892251597911496e+00
2.393299626505330568e+00
2.535118166818400187e+00
2.615977837559919195e+00
2.605904055345541703e+00
2.489275036963825016e+00
2.296695386969493047e+00
2.104848278146776774e+00
1.981892822014429845e+00
1.959722871747359152e+00
2.033418063332803616e+00
2.165527601901006793e+00
2.324093857299549093e+00
2.479232845214944359e+00
2.609585834692220274e+00
2.700390541600053318e+00
2.745879619822456874e+00
2.741576163956661816e+00
2.694773399206805031e+00
2.617672993859409658e+00
2.522595229458240329e+00
2.424084833155254692e+00
2.331106344593327773e+00
2.250429660133082876e+00
2.186109684241972495e+00
2.137555138773338470e+00
2.104493630468085907e+00
2.085989366291685965e+00
2.074700841271977403e+00
2.073080786833856770e+00
2.076590308736599333e+00
2.083904991615413760e+00
2.094756018490316674e+00
2.105341208617831139e+00
2.115424527576509561e+00
2.124192967914696695e+00
2.131625071957715889e+00
2.139770047637229666e+00
2.145052211886908200e+00
2.150551933115951275e+00
2.156031984809873681e+00
2.160881419286897032e+00
2.170754929870954530e+00
2.183180115602030291e+00
2.197625899031865337e+00
2.218652632075861941e+00
2.247071534046117591e+00
2.282529149356979037e+00
2.325951138252155381e+00
2.377623603060674995e+00
2.426239541320746262e+00
2.471496757447332993e+00
2.503950298303401212e+00
2.515557708210671706e+00
2.504372299238717403e+00
2.471412714888181039e+00
2.420967509861887468e+00
2.365712209428812329e+00
2.317915239085583501e+00
2.283541236345915326e+00
2.268413575698563722e+00
2.269805940366499630e+00
2.284853134733812130e+00
2.315004743934243159e+00
2.355310601629090339e+00
2.397873091444145732e+00
2.430922082772503323e+00
2.441993646859365263e+00
2.422922542443578742e+00
2.373810097433340260e+00
2.323455491477905532e+00
2.289988075493344599e+00
2.285740051953798702e+00
2.309668339451353525e+00
2.347061317808785130e+00
2.388170050164466929e+00
2.420183112643135903e+00
2.431817940690272017e+00
2.415724088635931910e+00
2.376370117231621393e+00
2.330016175510427612e+00
2.297469651397425316e+00
2.297787344191950076e+00
2.322225847509604257e+00
2.369709893430458791e+00
2.414880682811818335e+00
2.438291005884528850e+00
2.427974632736996874e+00
2.386824177124998059e+00
2.331657687623225339e+00
2.287153278249892896e+00
2.273173007151247038e+00
2.299998080730209615e+00
2.355475110468281397e+00
2.419114997281431645e+00
2.464350755733341725e+00
2.461951072448619993e+00
2.431466869290694000e+00
2.358745021670463071e+00
2.284652863103492582e+00
2.237916259517223949e+00
2.263420494010507156e+00
2.292133246914535238e+00
2.368518396439361240e+00
2.444714599217724604e+00
2.490493952094787744e+00
2.483581004569650030e+00
2.432015828134516333e+00
2.355495376049920875e+00
2.290095959913248880e+00
2.256500989973662996e+00
2.264239461927349595e+00
2.307174480816660100e+00
2.362658663112958024e+00
2.405586529444042387e+00
2.419076850304227921e+00
2.401363539858286433e+00
2.371782347176354833e+00
2.341785710070813931e+00
2.331254760176511009e+00
2.344057839400510712e+00
2.377288624917104798e+00
2.411110092533837790e+00
2.421677997312306818e+00
2.402223634984926637e+00
2.357795519566001641e+00
2.308206833387235868e+00
2.280273709329808884e+00
2.279964957233066247e+00
2.311455286914740448e+00
2.358762307019508508e+00
2.404797959899659165e+00
2.427438190870069512e+00
2.422346761506410040e+00
2.393937992326974129e+00
2.359454317027845249e+00
2.332210818792679330e+00
2.320565857954723477e+00
2.325355091733347201e+00
2.337114493502914225e+00
2.352680248341589841e+00
2.358388585852215780e+00
2.353348416489173811e+00
2.348080557355947118e+00
2.353758496494113839e+00
2.371534391824530630e+00
2.392387675331554053e+00
2.404230523613753778e+00
2.398956704015339003e+00
2.375287696753465738e+00
2.337620536997382370e+00
2.295691644631820072e+00
2.270326288977419171e+00
2.274360927863231741e+00
2.310790098999750519e+00
2.368898078071842050e+00
2.424826315024652068e+00
2.453353697461330807e+00
2.447170310875214305e+00
2.406909156669277738e+00
2.348550838059286772e+00
2.296096360218090826e+00
2.268922599425625908e+00
2.278186950467461447e+00
2.313477672753056602e+00
2.359547300284779325e+00
2.396073627003863837e+00
2.414678623041942362e+00
2.412127543941443353e+00
2.395775007697940939e+00
2.370431705764735497e+00
2.342050354725164762e+00
2.324002662182171441e+00
2.317491450010710885e+00
2.321960606808734617e+00
2.334646860915048361e+00
2.351445239954619293e+00
2.373320743241398745e+00
2.387326644340353354e+00
2.391994284629140655e+00
2.379789040063505112e+00
2.358321828642109264e+00
2.338721434917621078e+00
2.329807559228844749e+00
2.333782593462776500e+00
2.346334737102357959e+00
2.361942811243869400e+00
2.372556611604286658e+00
2.376855895144450059e+00
2.373031660679776778e+00
2.368279977831837968e+00
2.365106626165703219e+00
2.358018440964035900e+00
2.350839060644991374e+00
2.339940350048583806e+00
2.333247939735405563e+00
2.331698814833023103e+00
2.344201486611543483e+00
2.367800160384197383e+00
2.394358205122733896e+00
2.405037570600220054e+00
2.392868088825713446e+00
2.356525344434421410e+00
2.315250315099992129e+00
2.292344843428712142e+00
2.306060469873007612e+00
2.348935288063918048e+00
2.400964188690684953e+00
2.431633166269441482e+00
2.427553823894718299e+00
2.384600923609843548e+00
2.323866167529364368e+00
2.281000290036236056e+00
2.276830348590654030e+00
2.315007724166837200e+00
2.370096727621165300e+00
2.410449672990998327e+00
2.416937043301706556e+00
2.391722487416564125e+00
2.351842802982664349e+00
2.319033422354867646e+00
2.313618935778014141e+00
2.331097999942064458e+00
2.355739755122632229e+00
2.372723504629552949e+00
2.367236300377404845e+00
2.347328942695730003e+00
2.327190318964757587e+00
2.325949350112598957e+00
2.342488448916488775e+00
2.367165370841666672e+00
2.382780001494884559e+00
2.381811425901821266e+00
2.359834594706844868e+00
2.330027500394284967e+00
2.309654034334902128e+00
2.310788906906712903e+00
2.331830541113679711e+00
2.362306995666861198e+00
2.383138821499207083e+00
2.385731623856022665e+00
2.369762941570632719e+00
2.343204896832096207e+00
2.320065774925443414e+00
2.314332403461027532e+00
2.325593510340870473e+00
2.348500174105188076e+00
2.366549654787737822e+00
2.375513598384094038e+00
2.368150635737256593e+00
2.352444213920141802e+00
2.337615172578713096e+00
2.328594008516551295e+00
2.330138365046783289e+00
2.337026874664649423e+00
2.350599449944430486e+00
2.363772674056610512e+00
2.365701480591473782e+00
2.353982609985185714e+00
2.354993504881084387e+00
2.349650543886487863e+00
2.346183937333099490e+00
2.349466365512176136e+00
2.351321858325226000e+00
2.354722303715026666e+00
2.354396266269238591e+00
2.353130859509808825e+00
2.350769919248809625e+00
2.352423352291983516e+00
2.356677336296717495e+00
2.364853306395209742e+00
2.371008082748423007e+00
2.376357004208207613e+00
2.376628205374265335e+00
2.372646018582107885e+00
2.365592404078531885e+00
2.358147783058617275e+00
2.351093572508522467e+00
2.349633258537442426e+00
2.355100793254469860e+00
2.364148779409978474e+00
2.372979804632640466e+00
2.381030604962182551e+00
2.385379360363407031e+00
2.385674403390217080e+00
2.380686686120830231e+00
2.373617574407765218e+00
2.365058942444198564e+00
2.357827110031498474e+00
2.353281659279067295e+00
2.347762864561422358e+00
2.346390169428607120e+00
2.348758858294350826e+00
2.352198046707874024e+00
2.356618327691355486e+00
2.362485213575984844e+00
2.367247625261262201e+00
2.374756023258688842e+00
2.377720162596721920e+00
2.380724833098033955e+00
2.377344057243353959e+00
2.372662707884634514e+00
2.362901850092631761e+00
2.353127879277214785e+00
2.343002241015701426e+00
2.334246317654409264e+00
2.329814711787070447e+00
2.329681197366857415e+00
2.335695902788150757e+00
2.344532292429482023e+00
2.354401630687907865e+00
2.365064902909386646e+00
2.373307034171466157e+00
2.377707645619826948e+00
2.375937983505485462e+00
2.373329087892662059e+00
2.367494984566567595e+00
2.359321994700669389e+00
2.350122612729383942e+00
2.344233673123559125e+00
2.340138833539346930e+00
2.339167277713689597e+00
2.340870778664443375e+00
2.344021480562863413e+00
2.346967142458813438e+00
2.350907009948135507e+00
2.352883500204503431e+00
2.353307885325894855e+00
2.355509085119853463e+00
2.355241460232908590e+00
2.355342192094587173e+00
2.354604286504302646e+00
2.356618327691355486e+00
2.357448620492055280e+00
2.358507199109458607e+00
2.360862774951788978e+00
2.362715287532244801e+00
2.364541574065873064e+00
2.363654656845886493e+00
2.365006490350543444e+00
2.364359183831117761e+00
2.363138480560598609e+00
2.362180037758355056e+00
2.361177487513719697e+00
2.363631411031652974e+00
2.364809198952817937e+00
2.365456505472243620e+00
2.367363854332429796e+00
2.369098945748680407e+00
2.369919701805079271e+00
2.368125005736947841e+00
2.368756815046884512e+00
2.367650552707976530e+00
2.366320176877996673e+00
2.364157720107760596e+00
2.363954468244847007e+00
2.362173481246648166e+00
2.363599224519637332e+00
2.362737341253440704e+00
2.365721746173113260e+00
2.365072055467612344e+00
2.365812941290490912e+00
2.366745158045906905e+00
2.367877646431642447e+00
2.368679925045958257e+00
2.367815657593686396e+00
2.366141362922354219e+00
2.366461439902954211e+00
2.363884730802146450e+00
2.362840457301194519e+00
2.361098213326718209e+00
2.358358783526275371e+00
2.356304807222462383e+00
2.355261725814548068e+00
2.353025359275979778e+00
2.351994794844960435e+00
2.351083439717702728e+00
2.350196522497716156e+00
2.348624747827618986e+00
2.347945850842696469e+00
2.347116750135034291e+00
2.345284503136217946e+00
2.347304504788458868e+00
2.347731870142444333e+00
2.348330896893846553e+00
2.350204271102460662e+00
2.350362819476463638e+00
2.350769323202290817e+00
2.350085657845217835e+00
2.352457326943555582e+00
2.352484745083420759e+00
2.355091852556687737e+00
2.356071753033608385e+00
2.357608957005614680e+00
2.357225103047502213e+00
2.359555048889523832e+00
2.360585017274024366e+00
2.361016554953641489e+00
2.361214442397885804e+00
2.363692207776571408e+00
2.364766879649982556e+00
2.366050763851495375e+00
2.367229147819179147e+00
2.368526145044105746e+00
2.369625254824788030e+00
2.369718834128240914e+00
2.371515914382447576e+00
2.373303457892353308e+00
2.374795958375448990e+00
2.375853940946333509e+00
2.376745030491951738e+00
2.379303262150676446e+00
2.378700659120161376e+00
2.380665824492671945e+00
2.382492707072819016e+00
2.380696222865131162e+00
2.381858513576807113e+00
2.381731555668300970e+00
2.382161305208361668e+00
2.381377504036128911e+00
2.380411908675659660e+00
2.377585456083471271e+00
2.376214549090212458e+00
2.374321505346477679e+00
2.372858211142803597e+00
2.369828506687701619e+00
2.365649028497818662e+00
2.363978906152118142e+00
2.359113378419086526e+00
2.355028075579175262e+00
2.351253909022081867e+00
2.347886246190815651e+00
2.343177478692231031e+00
2.339218537714307100e+00
2.335809151626724312e+00
2.332960049266821212e+00
2.329935113183869699e+00
2.329089323173680892e+00
2.326448241048841403e+00
