2.398687290988837706e+00
2.390007661581952547e+00
2.380752251237899131e+00
2.359468622144296646e+00
2.338373343750637101e+00
2.316052593714307939e+00
2.339660804231262770e+00
2.359013242603926752e+00
2.378234550742453379e+00
2.379808709598625782e+00
2.366915031303767236e+00
2.347972672936042837e+00
2.335959355349463973e+00
2.335741202323580179e+00
2.349517029466274831e+00
2.361355109376324535e+00
2.363449020796897670e+00
2.356240434198431100e+00
2.347230595020126653e+00
2.344740908711064886e+00
2.356561703272068709e+00
2.368736549465245034e+00
2.369017883422122495e+00
2.357790155147332367e+00
2.344224136379258194e+00
2.338464538868014753e+00
2.349887770400973519e+00
2.369796916222204786e+00
2.384037063603051010e+00
2.377320811429120440e+00
2.356666011412860140e+00
2.337930481187162624e+00
2.334476987657188030e+00
2.350272220405604795e+00
2.374565884419189032e+00
2.385419295480167179e+00
2.375471875127777466e+00
2.353987378357336180e+00
2.341903727281537950e+00
2.348435801081156793e+00
2.367666049917465543e+00
2.382882521496119566e+00
2.383430884293423091e+00
2.369579955289358608e+00
2.354416531850878069e+00
2.349688094817172779e+00
2.355888170705815465e+00
2.368688269697221571e+00
2.375692412339736492e+00
2.372051164156337322e+00
2.370231434134415949e+00
2.364472432669691315e+00
2.362231297758972559e+00
2.360802574253389352e+00
2.358212752129167367e+00
2.357578558633155463e+00
2.367300077354917320e+00
2.379528567734785938e+00
2.382555291957293875e+00
2.368870659931976874e+00
2.346533816639639891e+00
2.339442651205378976e+00
2.354557794875835608e+00
2.378058717019404966e+00
2.390154289025579359e+00
2.376604363513513007e+00
2.352281493220507169e+00
2.339078466782387178e+00
2.354401630687907865e+00
2.372333690206252399e+00
2.375268027218345068e+00
2.357787174914738326e+00
2.348150294798647675e+00
2.363435311726965082e+00
2.384104416859676334e+00
2.381627843574028347e+00
2.351100725066748165e+00
2.322124519601406867e+00
2.338549773520204322e+00
2.390286015306235967e+00
2.422694256626875209e+00
2.390555428332737264e+00
2.322230019835235915e+00
2.290180002472400833e+00
2.335676233253030087e+00
2.412038733010140934e+00
2.439843707066024159e+00
2.381133721009936366e+00
2.306885994301556941e+00
2.293283020649316217e+00
2.353740019052030785e+00
2.411476065096386012e+00
2.406171251078993212e+00
2.352502030432466196e+00
2.326239028720739732e+00
2.353537959282154812e+00
2.389048026686671378e+00
2.373358294172083660e+00
2.320297637021259796e+00
2.308920301070249259e+00
2.376231238392739087e+00
2.445957952255958467e+00
2.425959399456906418e+00
2.321825304248965161e+00
2.246841460089857634e+00
2.290065561540789663e+00
2.412143637197451174e+00
2.484184203646683908e+00
2.426261595041942165e+00
2.295205270672472597e+00
2.235719232048896998e+00
2.304980433580927190e+00
2.417403747725933361e+00
2.457496220767047657e+00
2.399339365880413855e+00
2.321005740285603913e+00
2.298500811874963468e+00
2.333309332526842805e+00
2.373832747201054971e+00
2.379491016804101022e+00
2.369225903657186549e+00
2.372376605555606588e+00
2.383359954757684918e+00
2.365809961057896871e+00
2.320750632375554012e+00
2.303566015191795380e+00
2.344480436382345712e+00
2.411456395561265342e+00
2.441641979413268437e+00
2.393479036507491831e+00
2.298478758153767565e+00
2.258294493948756809e+00
2.320000805854893322e+00
2.417864491684972084e+00
2.459854776841971624e+00
2.415050556069678667e+00
2.319809474922355896e+00
2.263639839129428566e+00
2.297246729999391057e+00
2.379665062387593011e+00
2.436705522144499092e+00
2.422464778717134060e+00
2.356032413963367045e+00
2.296263849289875925e+00
2.293386136697070032e+00
2.336942832105497470e+00
2.397529172602793412e+00
2.423357656402308713e+00
2.393135713712658319e+00
2.328350821536877557e+00
2.293080364832921436e+00
2.312225975063559424e+00
2.367598696660840218e+00
2.418973138209955298e+00
2.423386266635211506e+00
2.365051193839454058e+00
2.287446533137146520e+00
2.265033395890402090e+00
2.331039587383221257e+00
2.430045894389855299e+00
2.469874914869655935e+00
2.413060952789896962e+00
2.291949664586742319e+00
2.204702163303156492e+00
2.250987559674687333e+00
2.407653022724750347e+00
2.536058728225079495e+00
2.518338861267431117e+00
2.363100333583394885e+00
2.183539531652871624e+00
2.125825539329712299e+00
2.259734542338197372e+00
2.490493356048268936e+00
2.615605308485664082e+00
2.545452421361496409e+00
2.326617518260182926e+00
2.105472338851968939e+00
2.070333012382151061e+00
2.263445527964297099e+00
2.523766460867698402e+00
2.655577380129978682e+00
2.582000801801777268e+00
2.343939822189786693e+00
2.097581278989467446e+00
2.029216531421724756e+00
2.202314996995329288e+00
2.478432354740184973e+00
2.669237574248024547e+00
2.652968484517155279e+00
2.433995298623478298e+00
2.151308912194837664e+00
1.997302412665177940e+00
2.085381398842501621e+00
2.357307953513616550e+00
2.627218678858122658e+00
2.707866753085464762e+00
2.557197518014612037e+00
2.281890187488816668e+00
2.058898455965334939e+00
2.033630851940018136e+00
2.224826481917677068e+00
2.485808430410436642e+00
2.624486997662424770e+00
2.567579456279212913e+00
2.391000675082287419e+00
2.217251326710143911e+00
2.148194569134064924e+00
2.228406933356157804e+00
2.395745801418519338e+00
2.497958838696341388e+00
2.467394169258376291e+00
2.373671218594457955e+00
2.312704004371643585e+00
2.308383263156803089e+00
2.350074929007879287e+00
2.401615071489223485e+00
2.396259593517731989e+00
2.308668173392793399e+00
2.189549468702014501e+00
2.154167551299041694e+00
2.255806595779251467e+00
2.456200415635158674e+00
2.631342724721756454e+00
2.675638517813506034e+00
2.557692236625222826e+00
2.335093299757635688e+00
2.117467178996465194e+00
2.007719517674388499e+00
2.060262210400368055e+00
2.268004687786661311e+00
2.530972663280089296e+00
2.676968893643485892e+00
2.614941312663711770e+00
2.419404675889572420e+00
2.209900881040201437e+00
2.070322283544812514e+00
2.059897429930857449e+00
2.190487645922618576e+00
2.409405995536565204e+00
2.639347033422831501e+00
2.767733665434559231e+00
2.710287297998344780e+00
2.493130265847476323e+00
2.228764561267442712e+00
2.018462660129387576e+00
1.913467277701768499e+00
1.939770810576773918e+00
2.104164612789703792e+00
2.347072642692642486e+00
2.570665785153601668e+00
2.693218909885753298e+00
2.696180068991192336e+00
2.609613848878604259e+00
2.493885456786806287e+00
2.395165252109200171e+00
2.311954773897501703e+00
2.223406103063357175e+00
2.140586035321478064e+00
2.099694859945161252e+00
2.121676459512288559e+00
2.187270186814092021e+00
2.246486812411166767e+00
2.289842044096236595e+00
2.347185891531216040e+00
2.457264954717750083e+00
2.621209933902017397e+00
2.777170273920330335e+00
2.827424744060604844e+00
2.714379753396481743e+00
2.469787296031391133e+00
2.178079745540588696e+00
1.922875872001155839e+00
1.767593236874727802e+00
1.762324781694982301e+00
1.892377959773297258e+00
2.117263331087032796e+00
2.369628831103900879e+00
2.615386559413261480e+00
2.827818730809537051e+00
3.009359003229022278e+00
3.162987013219238808e+00
3.267683180294416179e+00
3.320411839534263443e+00
3.326207795883154184e+00
3.304461634690956551e+00
3.269645365434332707e+00
3.233692435466341220e+00
3.196759008974910721e+00
3.160134930626741667e+00
3.120245113402022596e+00
3.077436456374699425e+00
3.031740550010269875e+00
2.982499954998487635e+00
2.926890602933240437e+00
2.866523607554865904e+00
2.803674078425655303e+00
2.738923756947965416e+00
2.668928226104763102e+00
2.599256348521274074e+00
2.534694973790046379e+00
2.480147180574796106e+00
2.436374716326560552e+00
2.411666203935885822e+00
2.402364898009884175e+00
2.413742830007413520e+00
2.445045405035663144e+00
2.493530809108115420e+00
2.556228942421548744e+00
2.629629687026701745e+00
2.711376871034726133e+00
2.796192502521574585e+00
2.879351720732655551e+00
2.957709188188217819e+00
3.030695680462799135e+00
3.093804489827691295e+00
3.148344534438197062e+00
3.193859838707427734e+00
3.230474976357814665e+00
3.259803445315771597e+00
3.281461987669704872e+00
3.293252383858249477e+00
3.300187385104583093e+00
3.300840056042678050e+00
3.297923004379630818e+00
3.290828858712775418e+00
3.280023131373301926e+00
3.268230350998682088e+00
3.256571085044274838e+00
3.245316534676138787e+00
3.235509781302187804e+00
3.226251390725539903e+00
3.216500665724356889e+00
3.211485530315104864e+00
3.206829810956694171e+00
3.199208760167212340e+00
3.192010902406084760e+00
3.188273690733157473e+00
3.183564923234572852e+00
3.179185173414370347e+00
3.175561210580016613e+00
3.174065729864326890e+00
3.173464914973368245e+00
3.174264213355090014e+00
3.176056525237146211e+00
3.178555748290508909e+00
3.181561014838339752e+00
3.184435747198551603e+00
3.188305281198654306e+00
3.191467307980931700e+00
3.195371412679125278e+00
3.199673676451882720e+00
3.203454995567202257e+00
3.207849050503856159e+00
3.210657025653961494e+00
3.218469407375980307e+00
3.220546629494026813e+00
3.224368479772624863e+00
3.227399972367283265e+00
3.230933336130778155e+00
3.234733132688180746e+00
3.239595084142099068e+00
3.243914633263901948e+00
3.248327761689157711e+00
3.252599031042937128e+00
3.257242233424452849e+00
3.261285216961528732e+00
3.264871032818678742e+00
3.267183097265136116e+00
3.273056539661471920e+00
3.276325854817134786e+00
3.278466257866174960e+00
3.281404767203899286e+00
3.283827696302854537e+00
3.287879620537712544e+00
3.289878164515276371e+00
3.291525041046743372e+00
3.290571962663169092e+00
3.292478715476836459e+00
3.293700610840393228e+00
3.293067013390900133e+00
3.291913067330487497e+00
3.292661105711591762e+00
3.291438614301516186e+00
3.289608751488775074e+00
3.288039361004753136e+00
3.285312448181205713e+00
3.283732328859845229e+00
3.280970845338206932e+00
3.278421554377264346e+00
3.278630170658847209e+00
3.277067932733050970e+00
3.275191578291842820e+00
3.272704276168856286e+00
3.270684274516615364e+00
3.268631490305839993e+00
3.267463239128975960e+00
3.266775401446271321e+00
3.266905339587371504e+00
3.265906961668367803e+00
3.265660794456100025e+00
3.266433866790994234e+00
3.266604932141892181e+00
3.266358764929624403e+00
3.266366513534368909e+00
3.266212733532516399e+00
3.268133791462635163e+00
3.269941600554180372e+00
3.270748647540646648e+00
3.271222504523099150e+00
3.272627982214448839e+00
3.273309263385446588e+00
3.274289163862367236e+00
3.272979053614026856e+00
3.274425062468655501e+00
3.274874481543836868e+00
3.274518045725589577e+00
3.276554140633838319e+00
3.276436719469633108e+00
3.277377280876312415e+00
3.277875575766036054e+00
3.277792129253402909e+00
3.275992664813121014e+00
3.279161844153624106e+00
3.280507121146574168e+00
3.281147275107774153e+00
3.281836900930035217e+00
3.283413443972282852e+00
3.284176979562876131e+00
3.286406789589737532e+00
3.286059294469272363e+00
3.287508879603013856e+00
3.288076315888919243e+00
3.290110622657611561e+00
3.291560803837871862e+00
3.292844688039384682e+00
3.294239436893395823e+00
3.296804821110346229e+00
3.295984065053947365e+00
3.296112215055491124e+00
3.296289240871577153e+00
3.296880519018235312e+00
3.295523321094908642e+00
3.297527229491142187e+00
3.297516500653803639e+00
3.297470605071855410e+00
3.297191059254534373e+00
3.297268545301979437e+00
3.295231258300692634e+00
3.294316922940840886e+00
3.294403349686068072e+00
3.293942605727029349e+00
3.293138538973157114e+00
3.292808329201737383e+00
3.290089164982934467e+00
3.290937935225717315e+00
3.290177379867718077e+00
3.288091217051889448e+00
3.286002074003466777e+00
3.284894023525002371e+00
3.283787165139575581e+00
3.283711467231686942e+00
3.282845411639858657e+00
3.281848225813892572e+00
3.279334101597559670e+00
3.279395494388996912e+00
3.277653250414520603e+00
3.275674375972077446e+00
3.276678118309750420e+00
3.276455196911716161e+00
3.273410591293643979e+00
3.273666891296731496e+00
3.273198398732948267e+00
3.272965940590613076e+00
3.272237571744629481e+00
3.271310123361363953e+00
3.270949515217485004e+00
3.270643147306817600e+00
3.271426352432531548e+00
3.272302540815179572e+00
3.272694739424555355e+00
3.273138794081067449e+00
3.273194226407316609e+00
3.274296316420592934e+00
3.274357709212030176e+00
3.275003227591899435e+00
3.275710138763205936e+00
3.276193532489959370e+00
3.277706894601213339e+00
3.278127703443491914e+00
3.279270920666566003e+00
3.280352149051684041e+00
3.279470000203847935e+00
3.280979786035989054e+00
3.281238470225151804e+00
3.281401190924786437e+00
3.283456955368155850e+00
3.284167442818575200e+00
3.283884916768660123e+00
3.286254201680922638e+00
3.287088666807254089e+00
3.287590537976090577e+00
3.286337648193555783e+00
3.287379537508432481e+00
3.288253341705005273e+00
3.289085422645261492e+00
3.288986478923139334e+00
3.289535437766961667e+00
3.288488780079934504e+00
3.289713059629566505e+00
3.288969789620612705e+00
3.288309370077773242e+00
3.287109528435412376e+00
