2.966925855508548704e+00
2.949696534835879014e+00
2.945084922919860126e+00
2.946356290144477974e+00
2.946877830848435131e+00
2.948264235051182958e+00
2.950211519028129281e+00
2.950054162747163922e+00
2.952179068586715083e+00
2.951516860904319195e+00
2.950894588338683455e+00
2.953086847434859941e+00
2.981072423585942044e+00
2.951470369275852157e+00
2.951805347419422354e+00
2.953020686271272233e+00
2.954048270469697979e+00
2.954194301866805983e+00
2.954715246524244332e+00
2.955388183043978767e+00
2.954286689077221251e+00
2.955091947924131102e+00
2.953758591861557203e+00
2.953772300931489792e+00
2.955568189092658837e+00
2.954355830473403000e+00
2.955712432350210417e+00
2.955736274210962744e+00
2.955248708158577653e+00
2.954770678850493493e+00
2.953200692319952747e+00
2.951422685554347503e+00
2.951389902995813053e+00
2.951400631833151600e+00
2.950137609259797067e+00
2.948974126455083500e+00
2.948504441798262654e+00
2.947560900158989305e+00
2.946135752932518947e+00
2.943678253135472822e+00
2.941049091941009941e+00
2.940727822867372332e+00
2.938354961675996968e+00
2.935625068619855504e+00
2.936405889559494220e+00
2.933078757891506960e+00
2.932321182766101764e+00
2.929890505062402006e+00
2.927314988054631861e+00
2.925427308729566356e+00
2.922988286374603284e+00
2.922678342184823030e+00
2.921585788915847193e+00
2.921782484267053892e+00
2.918426146319645031e+00
2.918156733293143734e+00
2.916690458856875612e+00
2.918541183297775010e+00
2.914810528136554613e+00
2.912519325318255969e+00
2.887508021296026683e+00
2.889010654569942105e+00
2.918109049571639080e+00
2.910985697625362523e+00
2.910371769710990097e+00
2.908778537366215833e+00
2.905983079193005469e+00
2.909219015743615078e+00
2.900628793314551590e+00
2.905292261277706789e+00
2.907111395253109354e+00
2.906278122219815518e+00
2.904099572193571621e+00
2.903957713122095274e+00
2.904640782432649448e+00
2.904377925917855041e+00
2.903064239390401813e+00
2.901879894957529959e+00
2.901845920305957893e+00
2.900302159822244707e+00
2.899220931437126669e+00
2.898670780500266719e+00
2.899383056090242494e+00
2.898196327471295408e+00
2.898153412121941219e+00
2.896430837682585580e+00
2.893944727652636661e+00
2.893392788576220287e+00
2.892775880429253821e+00
2.892905818570354004e+00
2.889616237833051215e+00
2.889920221557643387e+00
2.889394508528054573e+00
2.887872801765537289e+00
2.886125193372391706e+00
2.885080919871439775e+00
2.882775411936689736e+00
2.881796703552806704e+00
2.881428346804183249e+00
2.878641829328755009e+00
2.878487453280383690e+00
2.877357349080723381e+00
2.876628980234739785e+00
2.873846635084943202e+00
2.871526822033741766e+00
2.870779379699156308e+00
2.868490561066932898e+00
2.868332608739448730e+00
2.867127402678418591e+00
2.864479167995353848e+00
2.862752421230366551e+00
2.862544400995302496e+00
2.861039979581830650e+00
2.858651025134447021e+00
2.855496150910395325e+00
2.854096037637714911e+00
2.854137164847512675e+00
2.852426511338533199e+00
2.849746090143452815e+00
2.849089842926245009e+00
2.847904306400335539e+00
2.844797711944307306e+00
2.842586975406047767e+00
2.840791087244878721e+00
2.835286001597166372e+00
2.836917380919144360e+00
2.836594919752469135e+00
2.833778599951100485e+00
2.830599287819777654e+00
2.829446533852402634e+00
2.828736642448502092e+00
2.825216987754939346e+00
2.823230364707751683e+00
2.820746638863877997e+00
2.817052342540304899e+00
2.815330960193986876e+00
2.813872434362463260e+00
2.812607027603033494e+00
2.809686399660873413e+00
2.807723022427919268e+00
2.806796170091172549e+00
2.804703450763637029e+00
2.801887130962268380e+00
2.799153065580495259e+00
2.798764443250232326e+00
2.795494532048050207e+00
2.793740367143197734e+00
2.793139552252239088e+00
2.793031667832334808e+00
2.792496418058445062e+00
2.789947127097502477e+00
2.788850997549414235e+00
2.786317203797960662e+00
2.787206505204022466e+00
2.786102031004670909e+00
2.785340283553634055e+00
2.785712216581370360e+00
2.785317633785919345e+00
2.785291407739091785e+00
2.785518501462757701e+00
2.782055471188482176e+00
2.782557342357318664e+00
2.781389687226973439e+00
2.782626483753500413e+00
2.782402966308947345e+00
2.780338857214314618e+00
2.781441543274109751e+00
2.779941890232788371e+00
2.780680987916110514e+00
2.779684398136663237e+00
2.777170273920330335e+00
2.777964803929901638e+00
2.778231236723808895e+00
2.776470515307249531e+00
2.776295277630719927e+00
2.776003214836503918e+00
2.774543496911942686e+00
2.774818870403632065e+00
2.772109838975648888e+00
2.767085166822095932e+00
2.769713135923521197e+00
2.770802112913383741e+00
2.769949170344969236e+00
2.767314644731837081e+00
2.766260238440065411e+00
2.766675086817155904e+00
2.765618892385827365e+00
2.764464946325414729e+00
2.762105794203971953e+00
2.760532827440837167e+00
2.758764953466052106e+00
2.758225531366530703e+00
2.758539051835423805e+00
2.755712599243235417e+00
2.754941315047897632e+00
2.753575772473308092e+00
2.753656834799866004e+00
2.753079861769659686e+00
2.748428910783399459e+00
2.748817533113662392e+00
2.748453348690670595e+00
2.747958034033540997e+00
2.744568317481078878e+00
2.746219962384696345e+00
2.743251650721031609e+00
2.743229596999835707e+00
2.740760176272413418e+00
2.736937133900777752e+00
2.736181346914928980e+00
2.736139623658612408e+00
2.734707323873916351e+00
2.733031837109546114e+00
2.732249228030350974e+00
2.729682651720362951e+00
2.727529135647908998e+00
2.725833383301899726e+00
2.722730365124984342e+00
2.720323529282036912e+00
2.716964211102034010e+00
2.717415418316771802e+00
2.714663471539434436e+00
2.711491311966337303e+00
2.710086430321506423e+00
2.707476342615645404e+00
2.703858936292998560e+00
2.696743928997984874e+00
2.699107253445059307e+00
2.696442925505986743e+00
2.694872342928927189e+00
2.691887938009254633e+00
2.690967046137695995e+00
2.688109003080010773e+00
2.685440502815306552e+00
2.683992109774602675e+00
2.681467852767450033e+00
2.676427087357889256e+00
2.676701864803059827e+00
2.675228437808566007e+00
2.673060616619660657e+00
2.669862230999735520e+00
2.669499834716300146e+00
2.667064388640449923e+00
2.665443142109291674e+00
2.661805470205005353e+00
2.658777553889459799e+00
2.658865172727724602e+00
2.656558472699936946e+00
2.656002361297888914e+00
2.655097562682338097e+00
2.654231507090509812e+00
2.651690560780830541e+00
2.650060969598408978e+00
2.648791390513347555e+00
2.648069578179070849e+00
2.645093517910661607e+00
2.645868974431631049e+00
2.645724731174079469e+00
2.643261270911845262e+00
2.643114643468218450e+00
2.643303590214680643e+00
2.640814499952137684e+00
2.640248255759269469e+00
2.640177326223531296e+00
2.638467268761070628e+00
2.637689428054025953e+00
2.638768868299587567e+00
2.637944535964075854e+00
2.635936455242211096e+00
2.635634259657175349e+00
2.636125401988673289e+00
2.633909301031744477e+00
2.633313254512936297e+00
2.631330207744861482e+00
2.632499054968244323e+00
2.632743434040955677e+00
2.630334810058451822e+00
2.630529121223583289e+00
2.630095199357890934e+00
2.628242686777435111e+00
2.629141524927797846e+00
2.628389910267580731e+00
2.626321628847316347e+00
2.625933006517053414e+00
2.627049997693299943e+00
2.626290038381819514e+00
2.625512793721293647e+00
2.624308183706782316e+00
2.625347092789064973e+00
2.625569418140580424e+00
2.622633292988931331e+00
2.623334243695049750e+00
2.621874525770488518e+00
2.621984794376468031e+00
2.623952939981572641e+00
2.624616339757006145e+00
2.623869493468939496e+00
2.623389676021298911e+00
2.624498322546282125e+00
2.622651770431014384e+00
2.623413517882051238e+00
2.621624782279107890e+00
2.622071817168214025e+00
2.623673394164251604e+00
2.623269870671018467e+00
2.624335005800128684e+00
2.624665215571548416e+00
2.624967411156584163e+00
2.624265268357428127e+00
2.623812869049652718e+00
2.622872903689492219e+00
2.622680976710435985e+00
2.623913004864812493e+00
2.624012544633453459e+00
2.622009828330257974e+00
2.623095825087526478e+00
2.621657564837642340e+00
2.622914030899289983e+00
2.621488287626300817e+00
2.621443584137390204e+00
2.619263842018108690e+00
2.621831610421134329e+00
2.621833398560690753e+00
2.621004893899547383e+00
2.620042874818190981e+00
2.621131851808053526e+00
2.620994165062208836e+00
2.620506599009823745e+00
2.620188906215298985e+00
2.618930652014094917e+00
2.618848397594499389e+00
2.618909194339417823e+00
2.619512393416451701e+00
2.618686868987902372e+00
2.620181753657073287e+00
2.619780018303396574e+00
2.619898631560639402e+00
2.617458417112638713e+00
2.609303904688823561e+00
2.608582688401065663e+00
2.602946472519215515e+00
2.608616663052637730e+00
2.610894752847523037e+00
2.606320691862188621e+00
2.605451656037766295e+00
2.605197740220754010e+00
2.607494903504240735e+00
2.607001376986667562e+00
2.604860973937627389e+00
2.600907993424891540e+00
2.612297250306278684e+00
2.611831141928570688e+00
2.611033035639886535e+00
2.609749151438373715e+00
2.611090256105692120e+00
2.611596895646679073e+00
2.611806107974780744e+00
2.610124660745222869e+00
2.611409140993254496e+00
2.611768557044095829e+00
2.609678817949154350e+00
2.612601234030870856e+00
2.611475302156842204e+00
2.611207081223378523e+00
2.610897137033598270e+00
2.610348178189775936e+00
2.609089923988571424e+00
2.608256054908758781e+00
2.610250426560691395e+00
2.608942700498425804e+00
2.610127044931298101e+00
2.608636928634277208e+00
2.610270692142330873e+00
2.609942866556986374e+00
2.609960151906031811e+00
2.608704281890902532e+00
2.608493877469763245e+00
2.609288407479334548e+00
2.608079029092672751e+00
2.608163071651824705e+00
2.607959223742392307e+00
2.609078599104714069e+00
2.607633782343123041e+00
2.608049226766732342e+00
2.607961607928467540e+00
2.607643915133942780e+00
2.607809616066171454e+00
2.607349468153651539e+00
2.607006145358818028e+00
2.606033993486641887e+00
2.606004787207220286e+00
2.605302644408064250e+00
2.603897762763233370e+00
2.595249127775326681e+00
2.600821566679664354e+00
2.601276350173514995e+00
2.599504303873098277e+00
2.599726629224613728e+00
2.597693514548959026e+00
2.599430990151284870e+00
2.597872924551120288e+00
2.597226214078213413e+00
2.595438074521788874e+00
2.593088459144647029e+00
2.593892525898519263e+00
2.593707751477688728e+00
2.590540360276742060e+00
2.588586519788088847e+00
2.591324757495493625e+00
2.590887855397207229e+00
2.590337108413828471e+00
2.588959644908862767e+00
2.589016269328149544e+00
2.588780830953220313e+00
2.587690661870320152e+00
2.589034150723713790e+00
2.587115476979670259e+00
2.588419030716303748e+00
2.587817023732307486e+00
2.588923286071215468e+00
2.588411282111559242e+00
2.586041401152777919e+00
2.585788677428803251e+00
2.587527345124166711e+00
2.588290880714759989e+00
2.586567114182366733e+00
2.587801526522818474e+00
2.587778280708584955e+00
2.588466714437808402e+00
2.588391612576438572e+00
2.587088654886323891e+00
2.586573074647554815e+00
2.587557743496625928e+00
2.587259124190703030e+00
2.586832950929755182e+00
2.586500953018779025e+00
2.586493800460553327e+00
2.585725496497809583e+00
2.584774802300310537e+00
2.606013727905002408e+00
2.580983350394171705e+00
2.581168124815002241e+00
2.582578966925021202e+00
2.581483433423451768e+00
2.580342004339934103e+00
2.579955170149227595e+00
2.577164480348167253e+00
2.576346108477843622e+00
2.576624462202127042e+00
2.572918244948177779e+00
2.574192592405389668e+00
2.573650786119793032e+00
2.571156331438580800e+00
2.571671315630831067e+00
2.570606180501720850e+00
2.569237061648018461e+00
2.568112321867027426e+00
2.565892048584466956e+00
2.564412661124785053e+00
2.562581606219006325e+00
2.562188811563111734e+00
2.562641210870887143e+00
2.562243647842842087e+00
2.561398453879172088e+00
2.560425109913958330e+00
2.558467097099673460e+00
2.558852143150823544e+00
2.555711574043223244e+00
2.555564946599596432e+00
2.554462260539801299e+00
2.553459114248647133e+00
2.553055590755413995e+00
2.553108042849069115e+00
2.552532261911900413e+00
2.552736109821332811e+00
2.550720876541242355e+00
2.548998302101886715e+00
2.547456925804248762e+00
2.546339934628001789e+00
2.545419638802961959e+00
2.544206684137187313e+00
2.542591994117735954e+00
2.540268604787421669e+00
2.539205257797867876e+00
2.535611097289454552e+00
2.534783784721348798e+00
2.532297674691399880e+00
2.530062500245869206e+00
2.526679936251632785e+00
2.525735202519321820e+00
2.522861066205628777e+00
2.520417871525034048e+00
2.517838778238151054e+00
2.514851393085884013e+00
2.510606349778932156e+00
2.506566346474450313e+00
2.504948080175886105e+00
2.500981986639736476e+00
2.499829828718880265e+00
2.496251761466474761e+00
2.492843567471929589e+00
2.489744721620645862e+00
2.486813960887666042e+00
2.482946811073638127e+00
2.478975353118819225e+00
2.474717196788453588e+00
2.472576197692894606e+00
2.467756565541811664e+00
2.465264495046674664e+00
2.461915309657491502e+00
2.458601291012918022e+00
2.453665429790667485e+00
2.450528436962179590e+00
