2.678255162031073944e+00
2.651646453338438736e+00
2.651514131011263320e+00
2.651729303804553073e+00
2.652693707071984708e+00
2.655437309198058760e+00
2.653186637543039073e+00
2.655430752686351870e+00
2.656020242693453159e+00
2.655955869669421876e+00
2.656176406881380903e+00
2.659589369248076540e+00
2.657545525735083292e+00
2.660041768555851949e+00
2.660445888095603895e+00
2.659209687615595730e+00
2.660748679727158450e+00
2.661654074389228075e+00
2.660022099020731279e+00
2.661161739964692519e+00
2.659294922267785299e+00
2.660482246933251194e+00
2.661433537177269049e+00
2.660585959027523817e+00
2.661738116948380029e+00
2.659713942970507450e+00
2.661637385086701446e+00
2.663387377665922262e+00
2.661381085083613929e+00
2.661847193461321925e+00
2.663916666974623926e+00
2.661433537177269049e+00
2.662612517191471628e+00
2.664662321169652959e+00
2.663129289523278320e+00
2.665971239324955722e+00
2.661507446945601263e+00
2.664213498140990399e+00
2.665764411182929283e+00
2.664211710001433975e+00
2.664808352566760963e+00
2.667942365162654372e+00
2.665206511641324827e+00
2.664138992326139377e+00
2.665409167457719608e+00
2.666648944216840622e+00
2.669876536116186916e+00
2.666996439337305791e+00
2.669400890994177988e+00
2.670464834030250589e+00
2.669135650293308348e+00
2.668856104475987312e+00
2.667642553763693858e+00
2.670963128919974228e+00
2.671942433350376511e+00
2.669110020292999597e+00
2.670936306826627860e+00
2.668410857726437602e+00
2.669533809367872212e+00
2.670806368685527676e+00
2.667732556788033893e+00
2.670261582167337000e+00
2.671054920083870687e+00
2.670215686585388770e+00
2.669477184948585435e+00
2.668267806561923638e+00
2.671290358458799918e+00
2.671679576835581660e+00
2.670188864492042402e+00
2.671856006605148881e+00
2.674858292920386127e+00
2.671956142420309099e+00
2.672010382653520644e+00
2.673622092440377962e+00
2.670722922172894531e+00
2.672114690794312075e+00
2.671582421253015927e+00
2.672533115450515417e+00
2.674698552453345535e+00
2.672929486385522857e+00
2.673269232901243520e+00
2.674429735473363046e+00
2.672480067310341489e+00
2.673494538485353011e+00
2.673514208020473681e+00
2.674194297098433815e+00
2.675008496643125788e+00
2.673326453367049105e+00
2.673544606392932899e+00
2.674272975238916494e+00
2.673202475691137003e+00
2.676387152241129108e+00
2.672652324754277053e+00
2.672682723126736271e+00
2.674600800824260993e+00
2.674354037565474407e+00
2.674981674549779420e+00
2.674354633611993215e+00
2.675564608045173820e+00
2.677630505279362971e+00
2.675323805251575315e+00
2.676261982472179390e+00
2.677091679226360377e+00
2.676590404104042697e+00
2.676569542475884411e+00
2.675352415484478108e+00
2.677503547370856829e+00
2.678373179241797963e+00
2.674734911290992834e+00
2.677669844349604311e+00
2.676611861778719792e+00
2.677792033885959988e+00
2.680871806248641853e+00
2.676124295726334701e+00
2.677212676669678437e+00
2.678286752496570777e+00
2.675718984093545139e+00
2.676999888062463917e+00
2.675196847343069173e+00
2.676167211075688890e+00
2.679019889714704838e+00
2.676756105036271371e+00
2.676903328526416992e+00
2.678352913660158485e+00
2.676759681315384221e+00
2.677470168765803571e+00
2.675869783862803608e+00
2.676683387360976774e+00
2.678314170636435954e+00
2.675455531532231923e+00
2.676252445727878460e+00
2.677956542725151046e+00
2.675524076881894864e+00
2.675674876651153333e+00
2.679766139956252680e+00
2.675179561994023736e+00
2.674947699898207354e+00
2.673790177558681869e+00
2.674573382684395817e+00
2.676249465495284419e+00
2.673647126394167906e+00
2.655906397808360797e+00
2.657059151775735817e+00
2.674551925009718722e+00
2.676732263175519044e+00
2.673436721973028618e+00
2.672912201036477420e+00
2.671241482644257648e+00
2.671968063350685263e+00
2.671928724280443923e+00
2.670700272405179820e+00
2.671342810552455038e+00
2.672347744983166073e+00
2.670331915656556365e+00
2.668898423778822693e+00
2.669430693320118397e+00
2.667453010970712857e+00
2.671036442641787634e+00
2.664888222800281259e+00
2.666378935143820517e+00
2.668059786326859584e+00
2.664907296288883121e+00
2.665703614438010849e+00
2.666017134906903951e+00
2.665481885133014206e+00
2.666238864211900594e+00
2.664410193492197099e+00
2.663943489067970294e+00
2.665660699088656660e+00
2.663625200226926726e+00
2.662909944404356910e+00
2.662096936952702553e+00
2.662169654627997151e+00
2.662142832534650783e+00
2.660774905773986010e+00
2.660978157636899599e+00
2.660820205309415432e+00
2.659461219246532782e+00
2.658827025750520878e+00
2.657205183172843821e+00
2.658076007136822572e+00
2.660029847625475785e+00
2.653074580797503135e+00
2.656582910607208081e+00
2.655099946868413330e+00
2.656396944093339929e+00
2.659594137620227006e+00
2.654856163842220784e+00
2.656498868048056128e+00
2.657516319455661691e+00
2.654923517098846109e+00
2.654565889187561201e+00
2.654615361048622280e+00
2.654401976394888951e+00
2.654540855233771257e+00
2.652300912416090117e+00
2.653323728242364954e+00
2.654810864306791363e+00
2.651315647520500196e+00
2.652785498235881168e+00
2.649955469364579930e+00
2.650360184950850684e+00
2.651941496365248785e+00
2.650767880769715479e+00
2.649743276803884218e+00
2.648908215631033958e+00
2.649803477502283844e+00
2.652746159165639828e+00
2.647899704921210517e+00
2.648116069807537887e+00
2.649479824242571002e+00
2.648394423531821307e+00
2.647916394223737147e+00
2.646949010723711471e+00
2.648045140271799713e+00
2.649249154239792237e+00
2.646600919556727494e+00
2.647083717236962119e+00
2.648666220744397837e+00
2.646642046766525258e+00
2.645423727682081338e+00
2.643738704173410614e+00
2.645299750006169237e+00
2.645328956285590838e+00
2.643800096964847857e+00
2.646755891651617620e+00
2.644251304179585649e+00
2.643460946495646002e+00
2.645325976052996797e+00
2.643242793469762209e+00
2.643239217190649359e+00
2.645979839084129370e+00
2.643199878120408020e+00
2.642404156017799099e+00
2.642913179744861285e+00
2.642733173696181215e+00
2.646107989085673129e+00
2.642743306487000954e+00
2.642189579271028155e+00
2.643805461383517130e+00
2.641914205779338776e+00
2.642479853925687738e+00
2.640886621580913474e+00
2.641560750193685525e+00
2.642531113926305242e+00
2.640812115766062451e+00
2.642881589279364452e+00
2.644146399992275409e+00
2.642228322294750686e+00
2.642391042994385320e+00
2.641820626475885891e+00
2.642249183922908973e+00
2.645019012095810584e+00
2.642559724159208034e+00
2.642729597417068366e+00
2.642331438342504502e+00
2.643039541606848619e+00
2.645120936050526783e+00
2.643147426026752900e+00
2.642889933930627766e+00
2.644962387676523807e+00
2.644945698373997178e+00
2.644560056276328286e+00
2.643608766032310431e+00
2.645060735352127157e+00
2.647220807936288001e+00
2.645217495586573708e+00
2.645631747917145393e+00
2.649700957501048837e+00
2.647349553984350568e+00
2.649474459823901729e+00
2.647897916781654093e+00
2.650479394254612320e+00
2.652525621953680801e+00
2.651208359147114724e+00
2.652239519624652875e+00
2.651779371712132960e+00
2.653417903592336646e+00
2.655533272687586877e+00
2.655212599660468076e+00
2.655412275244268816e+00
2.656832058052069900e+00
2.655149418729474409e+00
2.656639535026494858e+00
2.654546815698959339e+00
2.656790334795753328e+00
2.658115942253582720e+00
2.657163459916527248e+00
2.658756096214782705e+00
2.661395986246584133e+00
2.660808880425558076e+00
2.661463339503209458e+00
2.659890968786593479e+00
2.661241014151694007e+00
2.663401682782373658e+00
2.661434729270306665e+00
2.662306745327323032e+00
2.661288697873198661e+00
2.663054187661908490e+00
2.665433009318471935e+00
2.664335687677346076e+00
2.665493806063390370e+00
2.665522416296293162e+00
2.665057500011622782e+00
2.664858420474340850e+00
2.662766893239842947e+00
2.663488109527600844e+00
2.664354761165947938e+00
2.665391882108674171e+00
2.665041406755614961e+00
2.666831930498114733e+00
2.665971239324955722e+00
2.667118628873661468e+00
2.666531523052635411e+00
2.665687521182003028e+00
2.668795307731068878e+00
2.666313370026751617e+00
2.667539437715940043e+00
2.667644341903250282e+00
2.666237672118862978e+00
2.666106541884725178e+00
2.666381319329895749e+00
2.667682488880454006e+00
2.669604142857091578e+00
2.667077501663863703e+00
2.665972431417993338e+00
2.663762290926252607e+00
2.666831334451595925e+00
2.666557749099462971e+00
2.665471752342194467e+00
2.666611393286155707e+00
2.668294628655270007e+00
2.667694409810830170e+00
2.668332775632473730e+00
2.668717225637105006e+00
2.668361981911895331e+00
2.671673616370393578e+00
2.670428475192603290e+00
2.671041211013938099e+00
2.670927366128845737e+00
2.672654112893833478e+00
2.674835643152671416e+00
2.672496160566349310e+00
2.673660835464100494e+00
2.676763257594497070e+00
2.676697096430909362e+00
2.675352415484478108e+00
2.675274333390514236e+00
2.676919421782424813e+00
2.678122243657379720e+00
2.676059326655784609e+00
2.678886375294491806e+00
2.682416162778873847e+00
2.680988035319809448e+00
2.681418976952907762e+00
2.682066879518852254e+00
2.683443150930780341e+00
2.684603057456381059e+00
2.681488714395608319e+00
2.683193407439399714e+00
2.684685311875976588e+00
2.684081516752423902e+00
2.682954392785357633e+00
2.683832369307562082e+00
2.683666668375333408e+00
2.686422191431783624e+00
2.686251722127404484e+00
2.686208210731531487e+00
2.683264336975137887e+00
2.683173737904279044e+00
2.684399805593467470e+00
2.683878264889510312e+00
2.683452687675081272e+00
2.685636602119994443e+00
2.684530339781086461e+00
2.683344803255176991e+00
2.682501993477582225e+00
2.681258044392829554e+00
2.682395301150715561e+00
2.679260096461784535e+00
2.679637393908190113e+00
2.680836639504032171e+00
2.678596100639832223e+00
2.677344998996853853e+00
2.676476559218950335e+00
2.675621828510979405e+00
2.677459439928465024e+00
2.674023231747535867e+00
2.674452981287596565e+00
2.676943859689695948e+00
2.672859152896303492e+00
2.672707161034007406e+00
2.672250589400600340e+00
2.672389468239482646e+00
2.674568614312245352e+00
2.672100385677860679e+00
2.672402581262896426e+00
2.673415860344870332e+00
2.671106180084488191e+00
2.674258670122465098e+00
2.670469602402401055e+00
2.672164162655373154e+00
2.672195157074351179e+00
2.670618017985584292e+00
2.671593746136873282e+00
2.672725042429571651e+00
2.671702226603296371e+00
2.672831138709919507e+00
2.669223865178091959e+00
2.671104987991450574e+00
2.673003396153855071e+00
2.669212540294234604e+00
2.669374068900831620e+00
2.667484601436209690e+00
2.668753584474752305e+00
2.670557221240665857e+00
2.667998989581941149e+00
2.668237408189464421e+00
2.668252905398953434e+00
2.666493376075431687e+00
2.666530927006116602e+00
2.665254791409348289e+00
2.664351184886835089e+00
2.666395028399828337e+00
2.662666757424683173e+00
2.663835008601547205e+00
2.664465625818446259e+00
2.661809642530637010e+00
2.661191542290632928e+00
2.659582216689850842e+00
2.659901101577413218e+00
2.661885340438525649e+00
2.656299788510774196e+00
2.657967526670399483e+00
2.658852059704310822e+00
2.656724769678684428e+00
2.658598739933817345e+00
2.658345420163323869e+00
2.659428436687998332e+00
2.663063724406209420e+00
2.660612185074351377e+00
2.659421284129772634e+00
2.661669571598717088e+00
2.661987264393241848e+00
2.664175351163786676e+00
2.662676294168984104e+00
2.664046009069205301e+00
2.666632850960832801e+00
2.663467247899442558e+00
2.665205319548287211e+00
2.667792161439914711e+00
2.667978127953782863e+00
2.669864019139291944e+00
2.667783816788651396e+00
2.670965513106049460e+00
2.671660503346979798e+00
2.671709975208040877e+00
2.673268636854724711e+00
2.674371918961038652e+00
2.675997933864347367e+00
2.678764185758136129e+00
2.676328143635767098e+00
2.676440200381303036e+00
2.679236850647551016e+00
2.678710541571443393e+00
2.680008134842888801e+00
2.679832897166359196e+00
2.678899488317905586e+00
2.681914887656556168e+00
2.679827532747689922e+00
2.680878958806867551e+00
2.681841573934742762e+00
2.679788789723967390e+00
2.681378445789628806e+00
2.676744184105895208e+00
2.677055916435231886e+00
2.677316388763951061e+00
2.675316056646830809e+00
2.674450597101521332e+00
2.674715837802390972e+00
2.674238404540825620e+00
2.675770840140681450e+00
2.671764215441252421e+00
2.671619972183700842e+00
2.672410925914159741e+00
2.667770703765237617e+00
2.667783816788651396e+00
2.667112668408473386e+00
2.665177305361903226e+00
2.666804512358249557e+00
2.662934382311628045e+00
2.661685068808206100e+00
2.660348136466519353e+00
2.658682186446450491e+00
2.661381085083613929e+00
2.654483038721446864e+00
2.653643805222964946e+00
2.653822023132088592e+00
2.650709468210872277e+00
2.649727183547876397e+00
2.647912221898105489e+00
2.646186071179637000e+00
2.647329884449229898e+00
2.641905265081556653e+00
2.640565948553794229e+00
2.640432434133581197e+00
2.635376171514531407e+00
2.634415940572731429e+00
2.632693962179894598e+00
2.631162122626557576e+00
2.629025891903149059e+00
2.626051619774296242e+00
