2.819258310706413972e+00
2.797986006496668843e+00
2.797025179508350057e+00
2.794815635063127690e+00
2.792961334343115443e+00
2.791878317818440980e+00
2.791840170841237256e+00
2.794211243893056196e+00
2.795905804146027851e+00
2.799407577444026352e+00
2.799845075588831556e+00
2.796962594623875198e+00
2.789435719184365059e+00
2.766235204486275467e+00
2.737393705534184818e+00
2.689954363102240897e+00
2.621252253204852778e+00
2.534759346814077663e+00
2.431391171382805361e+00
2.314572014161588420e+00
2.194340490620194650e+00
2.077797302937185897e+00
1.983880637154655124e+00
1.923393240379481339e+00
1.909972656961996140e+00
1.970452901178944227e+00
2.052421814491965257e+00
2.201461458380395975e+00
2.384036467556532202e+00
2.566352196496986870e+00
2.711708868945702289e+00
2.789666389187143825e+00
2.778738472311314656e+00
2.673987468956407376e+00
2.496359645886379042e+00
2.281039033059958587e+00
2.077799687123261130e+00
1.940316789188002211e+00
1.912914146532314508e+00
2.010147215145494215e+00
2.215501930177441903e+00
2.474555072135337763e+00
2.702025497201144155e+00
2.817554809755660195e+00
2.767068477519569303e+00
2.570848771434875779e+00
2.304233587292860541e+00
2.069479473767217748e+00
1.949485772786828663e+00
1.984516022743704644e+00
2.153740185945056229e+00
2.392331050912267276e+00
2.605831933716765914e+00
2.698674523672404568e+00
2.630069569357582182e+00
2.445614629461124956e+00
2.241254120022549756e+00
2.129023924949636992e+00
2.149981516597451847e+00
2.261551888174043512e+00
2.387248562246389483e+00
2.460803682899914246e+00
2.443105273616942519e+00
2.369404717612829003e+00
2.310403860855562819e+00
2.324890771495195629e+00
2.403627920583238708e+00
2.450596982311842531e+00
2.403613019420268504e+00
2.283740911929716066e+00
2.176626584127734354e+00
2.180296442544036317e+00
2.332039157395262574e+00
2.545758193225645005e+00
2.644152360457463491e+00
2.493030726078835357e+00
2.189992331265488978e+00
2.011887074933895292e+00
2.095278751287311447e+00
2.380612180305979209e+00
2.665291746293514397e+00
2.706448162370701294e+00
2.408908892739879182e+00
2.006668687661729678e+00
1.970186468385036971e+00
2.269059690124951789e+00
2.586492608367515711e+00
2.692746244996338412e+00
2.487808762527556894e+00
2.120265021355750790e+00
2.033199910306919822e+00
2.302469885643707137e+00
2.533414069821127601e+00
2.508710325802603336e+00
2.330127636209444741e+00
2.230266002448320517e+00
2.319749274223956270e+00
2.424900224792984282e+00
2.382687614284469291e+00
2.274923595776986662e+00
2.285228644040661283e+00
2.431295207893277244e+00
2.479026613119436728e+00
2.327082434544853307e+00
2.197864913685907418e+00
2.289707337582985947e+00
2.470738586275408988e+00
2.481522855940205385e+00
2.303214347745698554e+00
2.200072073945054107e+00
2.346328180590651069e+00
2.485065160401482842e+00
2.388878153428811046e+00
2.256534964625235062e+00
2.291052018529417200e+00
2.428375772044154779e+00
2.408283043895130593e+00
2.293305074370512120e+00
2.300710952366704198e+00
2.412797500228583747e+00
2.393906997907996104e+00
2.269088300357854582e+00
2.303394949840897432e+00
2.445136004106521987e+00
2.415839125614061889e+00
2.257550627893284201e+00
2.278643522100868513e+00
2.435611776782486082e+00
2.434019736530749434e+00
2.285722766604753264e+00
2.284149799841618478e+00
2.399756598443579581e+00
2.397634672836622460e+00
2.330237904815424255e+00
2.341000716805543558e+00
2.357018870951994582e+00
2.329696098529827619e+00
2.374242231159476191e+00
2.414538552110022440e+00
2.320645132141724964e+00
2.267833026389244555e+00
2.418117215408946752e+00
2.455031568411775833e+00
2.277189764641495362e+00
2.258914978374836124e+00
2.460354263824732879e+00
2.441444688015542930e+00
2.251678377589986013e+00
2.309173024794223927e+00
2.467030580881903301e+00
2.360614819599964775e+00
2.277130756036133352e+00
2.397629904464471995e+00
2.418372323318996653e+00
2.291223679926833956e+00
2.340512554706639659e+00
2.452892357455772832e+00
2.347320598044466688e+00
2.269513281525764814e+00
2.402713585223386961e+00
2.442849569660373810e+00
2.309970535036389272e+00
2.304700291717087346e+00
2.425500443637424119e+00
2.395612286998306306e+00
2.312571682044468169e+00
2.353431863001806956e+00
2.402355957312102053e+00
2.356130761638970395e+00
2.340940516107143932e+00
2.387897656905371591e+00
2.375215575124689948e+00
2.340007703305209130e+00
2.368230505970776889e+00
2.401692557536668549e+00
2.351705712283338467e+00
2.320117034926060917e+00
2.382613108469618268e+00
2.405036974553701246e+00
2.342701833570222103e+00
2.320824542143886227e+00
2.383590028713944875e+00
2.385757253856331417e+00
2.341534774486395687e+00
2.350441497616946318e+00
2.388270782026145511e+00
2.353815120913400616e+00
2.323636093573104411e+00
2.370717212047244615e+00
2.396408009100915226e+00
2.342250626355484311e+00
2.311016000630378819e+00
2.365786119197144544e+00
2.394378470704373374e+00
2.360776348206561792e+00
2.317115344657342924e+00
2.340727131453410603e+00
2.372461840207796158e+00
2.375459358150882494e+00
2.363790555452174758e+00
2.355386895583497786e+00
2.338657657940108603e+00
2.334345857423050230e+00
2.353458685095153324e+00
2.381382868454798185e+00
2.374130770460459061e+00
2.343215029622915946e+00
2.326573410817791121e+00
2.343150656598884662e+00
2.372769996258019987e+00
2.377488896547424346e+00
2.357697767936917099e+00
2.339483182368657932e+00
2.337033431176356313e+00
2.347238939671389968e+00
2.354507726968255721e+00
2.361719889845835141e+00
2.366355343622606355e+00
2.362957878465399730e+00
2.355489415584732793e+00
2.344076912889112574e+00
2.338885943756812136e+00
2.341528814021207605e+00
2.353818697192513465e+00
2.368224545505588807e+00
2.370133086458812599e+00
2.361684127054706650e+00
2.347820681073746751e+00
2.341431062392123064e+00
2.341997902631509643e+00
2.348439973406788450e+00
2.354433817199923507e+00
2.358889860974533459e+00
2.358731908647049291e+00
2.359431071213611730e+00
2.356266660245258660e+00
2.354810518599810276e+00
2.352663559039063212e+00
2.350603622270062143e+00
2.345698159420270823e+00
2.342391293333923041e+00
2.341153900760877260e+00
2.345636766628833580e+00
2.348246854334694600e+00
2.352378052756554094e+00
2.358021421196629941e+00
2.363103313815988926e+00
2.364931388489173614e+00
2.366298719203319578e+00
2.364381237552313664e+00
2.360137982384918232e+00
2.357487959562296620e+00
2.354572696038805812e+00
2.352682632527665074e+00
2.350223344591062524e+00
2.347036283854995187e+00
2.347870748981326638e+00
2.346903365481300963e+00
2.347259205253029446e+00
2.346965950365775821e+00
2.348127048984414156e+00
2.347647231536773571e+00
2.349140924112906870e+00
2.345015686156235457e+00
2.348647993641852505e+00
2.350421828081825648e+00
2.348802369690223824e+00
2.348742168991824197e+00
2.347543519442500948e+00
2.347494047581439869e+00
2.346015852214795583e+00
2.347214501764118832e+00
2.345326822439053327e+00
2.347852271539243585e+00
2.349026483181295699e+00
2.349480670628627532e+00
2.351886314378537346e+00
2.355653328377405042e+00
2.359587235401539473e+00
2.363990827082494306e+00
2.365478559193439523e+00
2.367300673401436129e+00
2.368106528294864788e+00
2.366506739438383633e+00
2.361892743336289513e+00
2.355564517446102624e+00
2.348655742246597011e+00
2.342189233564047068e+00
2.340467255171210237e+00
2.339738290278707833e+00
2.341494243323116731e+00
2.347231787113164270e+00
2.352056783682916485e+00
2.354637069062837096e+00
2.359139604465914086e+00
2.356827540019457157e+00
2.356017512800396840e+00
2.349765580864617842e+00
2.346632164315243241e+00
2.345050852900845140e+00
2.343920152654666023e+00
2.342708390081928993e+00
2.344723027315500641e+00
2.350036782030675564e+00
2.354550642317609910e+00
2.356395406293321226e+00
2.357698960029954716e+00
2.352898401367473635e+00
2.345605772209855555e+00
2.339117209806109710e+00
2.338931243292241557e+00
2.347021382692024982e+00
2.360108180058977823e+00
2.368057056433803709e+00
2.362550778693053743e+00
2.346834820131638022e+00
2.335493246971755976e+00
2.335291187201880003e+00
2.351451200419807375e+00
2.366800590372156066e+00
2.369627042964344454e+00
2.359212918187727492e+00
2.348289769684048789e+00
2.343130987063763992e+00
2.344892304526842164e+00
2.354777736041275826e+00
2.365634127334848458e+00
2.369745060175068474e+00
2.358734888879643332e+00
2.337690870486601735e+00
2.331995049952870769e+00
2.359276099118721159e+00
2.384481714306081912e+00
2.367736979453203716e+00
2.328557649678903996e+00
2.322126903787482100e+00
2.361108346117537948e+00
2.388624237611798762e+00
2.369192525052133291e+00
2.340934555641955850e+00
2.334838191847585787e+00
2.342212479378280587e+00
2.361070795186853033e+00
2.381481812176920343e+00
2.367816253640205204e+00
2.320990243076114901e+00
2.322707453096801267e+00
2.384859011752487490e+00
2.396896171199819126e+00
2.324527779165241448e+00
2.333381454155618595e+00
2.377609297944223599e+00
2.380218193557047002e+00
2.327441850595694639e+00
2.339787166093250104e+00
2.376156136531369256e+00
2.340094130050436316e+00
2.333967963930125844e+00
2.376742050259357697e+00
2.346871178969285321e+00
2.310367502017915520e+00
2.365616245939284212e+00
2.396028327468434416e+00
2.310372270390065985e+00
2.318282999787688148e+00
2.401269960554833549e+00
2.364477201041841781e+00
2.302562868900641213e+00
2.355705184424541354e+00
2.380096600067210133e+00
2.324262538464371808e+00
2.343914788235996749e+00
2.369641944127314659e+00
2.318807520724239346e+00
2.353924793472861321e+00
2.403292942439668511e+00
2.284373317286171545e+00
2.311039842491131147e+00
2.459811265446098627e+00
2.325179854056817597e+00
2.207678223571565734e+00
2.451750928372255167e+00
2.436565451212579170e+00
2.182396314429797535e+00
2.367060466654356432e+00
2.483111319912829185e+00
2.223763134928123275e+00
2.341245095878254912e+00
2.473565634914116185e+00
2.205524707499111781e+00
2.352268380197093389e+00
2.539660041291718517e+00
2.141530173007270665e+00
2.280382189796231973e+00
2.657375652477222960e+00
2.198761367650194920e+00
2.103104246032744040e+00
2.671993097304475206e+00
2.391290353690428194e+00
1.999376654550630406e+00
2.510662378151700125e+00
2.572419950058454141e+00
2.088017712595190201e+00
2.279801044440393998e+00
2.606959057683832182e+00
2.285638127999082503e+00
2.163905759323329736e+00
2.475900349128287825e+00
2.466517384829209458e+00
2.187329195419454031e+00
2.293695484840331478e+00
2.523230019000771041e+00
2.343721669163902899e+00
2.160328288117443041e+00
2.428452065998562226e+00
2.505683005533576591e+00
2.213120724334803224e+00
2.241811423517635404e+00
2.514318527498069500e+00
2.382210181022903939e+00
2.209428812197305358e+00
2.369304581797669229e+00
2.448130541817014283e+00
2.269143136637584934e+00
2.331022302034175819e+00
2.463411982466218841e+00
2.319612183524630389e+00
2.191897295939599921e+00
2.429826549270933889e+00
2.538105551970666784e+00
2.266250522881808838e+00
2.143757002801538025e+00
2.412677098831784495e+00
2.568610616756751064e+00
2.334971706267798819e+00
2.164013643743234017e+00
2.310300744807809004e+00
2.498366534515206183e+00
2.434919766774149785e+00
2.270618947818153988e+00
2.261886270271094901e+00
2.397278237018375169e+00
2.421621372893020041e+00
2.349196356439156030e+00
2.315774239990024519e+00
2.348459046895390312e+00
2.380991861938460019e+00
2.340730707732523452e+00
2.310965336676280124e+00
2.359785122845783789e+00
2.428973606702519383e+00
2.402076411494781016e+00
2.318259753973454629e+00
2.274543914144505852e+00
2.293403422046115470e+00
2.372374817416050163e+00
2.436394385861681222e+00
2.399452614718987409e+00
2.327195087336908053e+00
2.316107429994038291e+00
2.343364637299136799e+00
2.369451805287814850e+00
2.391641425090006212e+00
2.361873073801168843e+00
2.276346954863900596e+00
2.226911452640468081e+00
2.292618428780845097e+00
2.440573268005045371e+00
2.559992976187822400e+00
2.579920599451136720e+00
2.499211728478876182e+00
2.346959393854068932e+00
2.171814700581395474e+00
2.047175413033415659e+00
2.020167353173178970e+00
2.105546248620301153e+00
2.268566759653897424e+00
2.459687883816705334e+00
2.628434613756491345e+00
2.738416521360459654e+00
2.767746182411454203e+00
2.713749732226101496e+00
2.589186738632528684e+00
2.427475145754235619e+00
2.260313303507960114e+00
2.113818778254840325e+00
2.011482955394143346e+00
1.957208747531026249e+00
1.940067045696621584e+00
1.955217952158206929e+00
1.992093562137313034e+00
2.044034843925814915e+00
2.100714099492323239e+00
2.159835357646388676e+00
2.214404012489797235e+00
2.263033659819800647e+00
2.304024971011277678e+00
2.336791436289720192e+00
2.360134406105805382e+00
2.375391408847738361e+00
2.382418201257967993e+00
2.382101700556480850e+00
2.376582905838835913e+00
2.361547036355380769e+00
2.342909257758767350e+00
2.317332305590189101e+00
2.285606537533585669e+00
2.249956995243667990e+00
2.208711172188660310e+00
2.169829865673764235e+00
2.132531062666304322e+00
2.101306569732018570e+00
